Galois conjug classes
[[Vecsmall([1, 2, 3, 4, 5, 6, 7, 8])], [Vecsmall([7, 4, 5, 2, 3, 8, 1, 6]), Vecsmall([2, 1, 8, 7, 6, 5, 4, 3])], [Vecsmall([6, 8, 1, 3, 2, 4, 5, 7]), Vecsmall([3, 5, 4, 6, 7, 1, 8, 2])], [Vecsmall([4, 7, 6, 1, 8, 3, 2, 5])], [Vecsmall([8, 6, 7, 5, 4, 2, 3, 1]), Vecsmall([5, 3, 2, 8, 1, 7, 6, 4])]]


3
Vecsmall([8, 6, 7, 5, 4, 2, 3, 1])


5
Vecsmall([3, 5, 4, 6, 7, 1, 8, 2])


7
Vecsmall([7, 4, 5, 2, 3, 8, 1, 6])


11
Vecsmall([8, 6, 7, 5, 4, 2, 3, 1])


13
Vecsmall([6, 8, 1, 3, 2, 4, 5, 7])


17
Vecsmall([4, 7, 6, 1, 8, 3, 2, 5])


19
Vecsmall([5, 3, 2, 8, 1, 7, 6, 4])


23
Vecsmall([2, 1, 8, 7, 6, 5, 4, 3])


29
Vecsmall([3, 5, 4, 6, 7, 1, 8, 2])


31
Vecsmall([7, 4, 5, 2, 3, 8, 1, 6])


37
Vecsmall([3, 5, 4, 6, 7, 1, 8, 2])


41
Vecsmall([4, 7, 6, 1, 8, 3, 2, 5])


43
Vecsmall([5, 3, 2, 8, 1, 7, 6, 4])


47
Vecsmall([7, 4, 5, 2, 3, 8, 1, 6])


53
Vecsmall([6, 8, 1, 3, 2, 4, 5, 7])


59
Vecsmall([8, 6, 7, 5, 4, 2, 3, 1])


61
Vecsmall([6, 8, 1, 3, 2, 4, 5, 7])


67
Vecsmall([8, 6, 7, 5, 4, 2, 3, 1])


71
Vecsmall([2, 1, 8, 7, 6, 5, 4, 3])


73
Vecsmall([1, 2, 3, 4, 5, 6, 7, 8])


79
Vecsmall([7, 4, 5, 2, 3, 8, 1, 6])


83
Vecsmall([8, 6, 7, 5, 4, 2, 3, 1])


89
Vecsmall([1, 2, 3, 4, 5, 6, 7, 8])


97
Vecsmall([4, 7, 6, 1, 8, 3, 2, 5])


101
Vecsmall([6, 8, 1, 3, 2, 4, 5, 7])


103
Vecsmall([7, 4, 5, 2, 3, 8, 1, 6])


107
Vecsmall([8, 6, 7, 5, 4, 2, 3, 1])


109
Vecsmall([3, 5, 4, 6, 7, 1, 8, 2])


113
Vecsmall([1, 2, 3, 4, 5, 6, 7, 8])


127
Vecsmall([7, 4, 5, 2, 3, 8, 1, 6])


131
Vecsmall([5, 3, 2, 8, 1, 7, 6, 4])


137
Vecsmall([4, 7, 6, 1, 8, 3, 2, 5])


139
Vecsmall([8, 6, 7, 5, 4, 2, 3, 1])


149
Vecsmall([6, 8, 1, 3, 2, 4, 5, 7])


151
Vecsmall([7, 4, 5, 2, 3, 8, 1, 6])


157
Vecsmall([3, 5, 4, 6, 7, 1, 8, 2])


163
Vecsmall([8, 6, 7, 5, 4, 2, 3, 1])


167
Vecsmall([2, 1, 8, 7, 6, 5, 4, 3])


173
Vecsmall([3, 5, 4, 6, 7, 1, 8, 2])


179
Vecsmall([8, 6, 7, 5, 4, 2, 3, 1])


181
Vecsmall([3, 5, 4, 6, 7, 1, 8, 2])


191
Vecsmall([7, 4, 5, 2, 3, 8, 1, 6])


193
Vecsmall([4, 7, 6, 1, 8, 3, 2, 5])


197
Vecsmall([3, 5, 4, 6, 7, 1, 8, 2])


199
Vecsmall([2, 1, 8, 7, 6, 5, 4, 3])


211
Vecsmall([5, 3, 2, 8, 1, 7, 6, 4])


223
Vecsmall([7, 4, 5, 2, 3, 8, 1, 6])


227
Vecsmall([8, 6, 7, 5, 4, 2, 3, 1])


229
Vecsmall([6, 8, 1, 3, 2, 4, 5, 7])


233
Vecsmall([1, 2, 3, 4, 5, 6, 7, 8])


239
Vecsmall([7, 4, 5, 2, 3, 8, 1, 6])


241
Vecsmall([4, 7, 6, 1, 8, 3, 2, 5])


251
Vecsmall([5, 3, 2, 8, 1, 7, 6, 4])


257
Vecsmall([1, 2, 3, 4, 5, 6, 7, 8])


263
Vecsmall([2, 1, 8, 7, 6, 5, 4, 3])


269
Vecsmall([6, 8, 1, 3, 2, 4, 5, 7])


271
Vecsmall([2, 1, 8, 7, 6, 5, 4, 3])


277
Vecsmall([6, 8, 1, 3, 2, 4, 5, 7])


281
Vecsmall([1, 2, 3, 4, 5, 6, 7, 8])


283
Vecsmall([5, 3, 2, 8, 1, 7, 6, 4])


293
Vecsmall([3, 5, 4, 6, 7, 1, 8, 2])


307
Vecsmall([8, 6, 7, 5, 4, 2, 3, 1])


311
Vecsmall([2, 1, 8, 7, 6, 5, 4, 3])


313
Vecsmall([4, 7, 6, 1, 8, 3, 2, 5])


317
Vecsmall([6, 8, 1, 3, 2, 4, 5, 7])


331
Vecsmall([8, 6, 7, 5, 4, 2, 3, 1])


337
Vecsmall([1, 2, 3, 4, 5, 6, 7, 8])


347
Vecsmall([8, 6, 7, 5, 4, 2, 3, 1])


349
Vecsmall([6, 8, 1, 3, 2, 4, 5, 7])


353
Vecsmall([1, 2, 3, 4, 5, 6, 7, 8])


359
Vecsmall([7, 4, 5, 2, 3, 8, 1, 6])


367
Vecsmall([2, 1, 8, 7, 6, 5, 4, 3])


373
Vecsmall([3, 5, 4, 6, 7, 1, 8, 2])


379
Vecsmall([5, 3, 2, 8, 1, 7, 6, 4])


383
Vecsmall([7, 4, 5, 2, 3, 8, 1, 6])


389
Vecsmall([3, 5, 4, 6, 7, 1, 8, 2])


397
Vecsmall([6, 8, 1, 3, 2, 4, 5, 7])


401
Vecsmall([4, 7, 6, 1, 8, 3, 2, 5])


409
Vecsmall([4, 7, 6, 1, 8, 3, 2, 5])


419
Vecsmall([8, 6, 7, 5, 4, 2, 3, 1])


421
Vecsmall([6, 8, 1, 3, 2, 4, 5, 7])


431
Vecsmall([2, 1, 8, 7, 6, 5, 4, 3])


433
Vecsmall([4, 7, 6, 1, 8, 3, 2, 5])


439
Vecsmall([2, 1, 8, 7, 6, 5, 4, 3])


443
Vecsmall([8, 6, 7, 5, 4, 2, 3, 1])


449
Vecsmall([4, 7, 6, 1, 8, 3, 2, 5])


457
Vecsmall([4, 7, 6, 1, 8, 3, 2, 5])


461
Vecsmall([6, 8, 1, 3, 2, 4, 5, 7])


463
Vecsmall([2, 1, 8, 7, 6, 5, 4, 3])


467
Vecsmall([8, 6, 7, 5, 4, 2, 3, 1])


479
Vecsmall([2, 1, 8, 7, 6, 5, 4, 3])


487
Vecsmall([7, 4, 5, 2, 3, 8, 1, 6])


491
Vecsmall([8, 6, 7, 5, 4, 2, 3, 1])


499
Vecsmall([5, 3, 2, 8, 1, 7, 6, 4])


503
Vecsmall([2, 1, 8, 7, 6, 5, 4, 3])


509
Vecsmall([6, 8, 1, 3, 2, 4, 5, 7])


521
Vecsmall([4, 7, 6, 1, 8, 3, 2, 5])


523
Vecsmall([8, 6, 7, 5, 4, 2, 3, 1])


541
Vecsmall([6, 8, 1, 3, 2, 4, 5, 7])


547
Vecsmall([8, 6, 7, 5, 4, 2, 3, 1])


557
Vecsmall([6, 8, 1, 3, 2, 4, 5, 7])


563
Vecsmall([8, 6, 7, 5, 4, 2, 3, 1])


569
Vecsmall([4, 7, 6, 1, 8, 3, 2, 5])


571
Vecsmall([8, 6, 7, 5, 4, 2, 3, 1])


577
Vecsmall([1, 2, 3, 4, 5, 6, 7, 8])


587
Vecsmall([8, 6, 7, 5, 4, 2, 3, 1])


593
Vecsmall([1, 2, 3, 4, 5, 6, 7, 8])


599
Vecsmall([2, 1, 8, 7, 6, 5, 4, 3])


601
Vecsmall([1, 2, 3, 4, 5, 6, 7, 8])


607
Vecsmall([7, 4, 5, 2, 3, 8, 1, 6])


613
Vecsmall([3, 5, 4, 6, 7, 1, 8, 2])


617
Vecsmall([1, 2, 3, 4, 5, 6, 7, 8])


619
Vecsmall([8, 6, 7, 5, 4, 2, 3, 1])


631
Vecsmall([7, 4, 5, 2, 3, 8, 1, 6])


641
Vecsmall([4, 7, 6, 1, 8, 3, 2, 5])


643
Vecsmall([5, 3, 2, 8, 1, 7, 6, 4])


647
Vecsmall([7, 4, 5, 2, 3, 8, 1, 6])


653
Vecsmall([6, 8, 1, 3, 2, 4, 5, 7])


659
Vecsmall([8, 6, 7, 5, 4, 2, 3, 1])


661
Vecsmall([3, 5, 4, 6, 7, 1, 8, 2])


673
Vecsmall([4, 7, 6, 1, 8, 3, 2, 5])


677
Vecsmall([6, 8, 1, 3, 2, 4, 5, 7])


683
Vecsmall([8, 6, 7, 5, 4, 2, 3, 1])


691
Vecsmall([5, 3, 2, 8, 1, 7, 6, 4])


701
Vecsmall([3, 5, 4, 6, 7, 1, 8, 2])


709
Vecsmall([6, 8, 1, 3, 2, 4, 5, 7])


719
Vecsmall([2, 1, 8, 7, 6, 5, 4, 3])


727
Vecsmall([7, 4, 5, 2, 3, 8, 1, 6])


733
Vecsmall([6, 8, 1, 3, 2, 4, 5, 7])


739
Vecsmall([8, 6, 7, 5, 4, 2, 3, 1])


743
Vecsmall([2, 1, 8, 7, 6, 5, 4, 3])


751
Vecsmall([7, 4, 5, 2, 3, 8, 1, 6])


757
Vecsmall([6, 8, 1, 3, 2, 4, 5, 7])


761
Vecsmall([4, 7, 6, 1, 8, 3, 2, 5])


769
Vecsmall([4, 7, 6, 1, 8, 3, 2, 5])


773
Vecsmall([3, 5, 4, 6, 7, 1, 8, 2])


787
Vecsmall([8, 6, 7, 5, 4, 2, 3, 1])


797
Vecsmall([3, 5, 4, 6, 7, 1, 8, 2])


809
Vecsmall([4, 7, 6, 1, 8, 3, 2, 5])


811
Vecsmall([8, 6, 7, 5, 4, 2, 3, 1])


821
Vecsmall([3, 5, 4, 6, 7, 1, 8, 2])


823
Vecsmall([7, 4, 5, 2, 3, 8, 1, 6])


827
Vecsmall([8, 6, 7, 5, 4, 2, 3, 1])


829
Vecsmall([6, 8, 1, 3, 2, 4, 5, 7])


839
Vecsmall([2, 1, 8, 7, 6, 5, 4, 3])


853
Vecsmall([3, 5, 4, 6, 7, 1, 8, 2])


857
Vecsmall([4, 7, 6, 1, 8, 3, 2, 5])


859
Vecsmall([5, 3, 2, 8, 1, 7, 6, 4])


863
Vecsmall([2, 1, 8, 7, 6, 5, 4, 3])


877
Vecsmall([6, 8, 1, 3, 2, 4, 5, 7])


881
Vecsmall([1, 2, 3, 4, 5, 6, 7, 8])


883
Vecsmall([8, 6, 7, 5, 4, 2, 3, 1])


887
Vecsmall([7, 4, 5, 2, 3, 8, 1, 6])


907
Vecsmall([8, 6, 7, 5, 4, 2, 3, 1])


911
Vecsmall([2, 1, 8, 7, 6, 5, 4, 3])


919
Vecsmall([7, 4, 5, 2, 3, 8, 1, 6])


929
Vecsmall([4, 7, 6, 1, 8, 3, 2, 5])


937
Vecsmall([1, 2, 3, 4, 5, 6, 7, 8])


941
Vecsmall([3, 5, 4, 6, 7, 1, 8, 2])


947
Vecsmall([8, 6, 7, 5, 4, 2, 3, 1])


953
Vecsmall([4, 7, 6, 1, 8, 3, 2, 5])


967
Vecsmall([2, 1, 8, 7, 6, 5, 4, 3])


971
Vecsmall([8, 6, 7, 5, 4, 2, 3, 1])


977
Vecsmall([4, 7, 6, 1, 8, 3, 2, 5])


983
Vecsmall([7, 4, 5, 2, 3, 8, 1, 6])


991
Vecsmall([7, 4, 5, 2, 3, 8, 1, 6])


997
Vecsmall([6, 8, 1, 3, 2, 4, 5, 7])


1009
Vecsmall([4, 7, 6, 1, 8, 3, 2, 5])


1013
Vecsmall([6, 8, 1, 3, 2, 4, 5, 7])


1019
Vecsmall([8, 6, 7, 5, 4, 2, 3, 1])


1021
Vecsmall([3, 5, 4, 6, 7, 1, 8, 2])


1031
Vecsmall([7, 4, 5, 2, 3, 8, 1, 6])


1033
Vecsmall([1, 2, 3, 4, 5, 6, 7, 8])


1039
Vecsmall([2, 1, 8, 7, 6, 5, 4, 3])


1049
Vecsmall([1, 2, 3, 4, 5, 6, 7, 8])


1051
Vecsmall([8, 6, 7, 5, 4, 2, 3, 1])


1061
Vecsmall([3, 5, 4, 6, 7, 1, 8, 2])


1063
Vecsmall([7, 4, 5, 2, 3, 8, 1, 6])


1069
Vecsmall([3, 5, 4, 6, 7, 1, 8, 2])


1087
Vecsmall([2, 1, 8, 7, 6, 5, 4, 3])


1091
Vecsmall([8, 6, 7, 5, 4, 2, 3, 1])


1093
Vecsmall([3, 5, 4, 6, 7, 1, 8, 2])


1097
Vecsmall([1, 2, 3, 4, 5, 6, 7, 8])


1103
Vecsmall([2, 1, 8, 7, 6, 5, 4, 3])


1109
Vecsmall([3, 5, 4, 6, 7, 1, 8, 2])


1117
Vecsmall([6, 8, 1, 3, 2, 4, 5, 7])


1123
Vecsmall([8, 6, 7, 5, 4, 2, 3, 1])


1129
Vecsmall([4, 7, 6, 1, 8, 3, 2, 5])


1151
Vecsmall([7, 4, 5, 2, 3, 8, 1, 6])


1153
Vecsmall([1, 2, 3, 4, 5, 6, 7, 8])


1163
Vecsmall([5, 3, 2, 8, 1, 7, 6, 4])


1171
Vecsmall([8, 6, 7, 5, 4, 2, 3, 1])


1181
Vecsmall([6, 8, 1, 3, 2, 4, 5, 7])


1187
Vecsmall([5, 3, 2, 8, 1, 7, 6, 4])


1193
Vecsmall([1, 2, 3, 4, 5, 6, 7, 8])


1201
Vecsmall([1, 2, 3, 4, 5, 6, 7, 8])


1213
Vecsmall([3, 5, 4, 6, 7, 1, 8, 2])


1217
Vecsmall([1, 2, 3, 4, 5, 6, 7, 8])


1223
Vecsmall([7, 4, 5, 2, 3, 8, 1, 6])


1229
Vecsmall([6, 8, 1, 3, 2, 4, 5, 7])


1231
Vecsmall([2, 1, 8, 7, 6, 5, 4, 3])


1237
Vecsmall([6, 8, 1, 3, 2, 4, 5, 7])


1249
Vecsmall([1, 2, 3, 4, 5, 6, 7, 8])


1259
Vecsmall([8, 6, 7, 5, 4, 2, 3, 1])


1277
Vecsmall([6, 8, 1, 3, 2, 4, 5, 7])


1279
Vecsmall([2, 1, 8, 7, 6, 5, 4, 3])


1283
Vecsmall([5, 3, 2, 8, 1, 7, 6, 4])


1289
Vecsmall([1, 2, 3, 4, 5, 6, 7, 8])


1291
Vecsmall([8, 6, 7, 5, 4, 2, 3, 1])


1297
Vecsmall([4, 7, 6, 1, 8, 3, 2, 5])


1301
Vecsmall([3, 5, 4, 6, 7, 1, 8, 2])


1303
Vecsmall([7, 4, 5, 2, 3, 8, 1, 6])


1307
Vecsmall([8, 6, 7, 5, 4, 2, 3, 1])


1319
Vecsmall([2, 1, 8, 7, 6, 5, 4, 3])


1321
Vecsmall([4, 7, 6, 1, 8, 3, 2, 5])


1327
Vecsmall([7, 4, 5, 2, 3, 8, 1, 6])


1361
Vecsmall([4, 7, 6, 1, 8, 3, 2, 5])


1367
Vecsmall([7, 4, 5, 2, 3, 8, 1, 6])


1373
Vecsmall([3, 5, 4, 6, 7, 1, 8, 2])


1381
Vecsmall([3, 5, 4, 6, 7, 1, 8, 2])


1399
Vecsmall([2, 1, 8, 7, 6, 5, 4, 3])


1409
Vecsmall([4, 7, 6, 1, 8, 3, 2, 5])


1423
Vecsmall([7, 4, 5, 2, 3, 8, 1, 6])


1427
Vecsmall([8, 6, 7, 5, 4, 2, 3, 1])


1429
Vecsmall([6, 8, 1, 3, 2, 4, 5, 7])


1433
Vecsmall([1, 2, 3, 4, 5, 6, 7, 8])


1439
Vecsmall([2, 1, 8, 7, 6, 5, 4, 3])


1447
Vecsmall([7, 4, 5, 2, 3, 8, 1, 6])


1451
Vecsmall([8, 6, 7, 5, 4, 2, 3, 1])


1453
Vecsmall([3, 5, 4, 6, 7, 1, 8, 2])


1459
Vecsmall([8, 6, 7, 5, 4, 2, 3, 1])


1471
Vecsmall([2, 1, 8, 7, 6, 5, 4, 3])


1481
Vecsmall([1, 2, 3, 4, 5, 6, 7, 8])


1483
Vecsmall([8, 6, 7, 5, 4, 2, 3, 1])


1487
Vecsmall([7, 4, 5, 2, 3, 8, 1, 6])


1489
Vecsmall([4, 7, 6, 1, 8, 3, 2, 5])


1493
Vecsmall([3, 5, 4, 6, 7, 1, 8, 2])


1499
Vecsmall([8, 6, 7, 5, 4, 2, 3, 1])


1511
Vecsmall([2, 1, 8, 7, 6, 5, 4, 3])


1523
Vecsmall([8, 6, 7, 5, 4, 2, 3, 1])


1531
Vecsmall([8, 6, 7, 5, 4, 2, 3, 1])


1543
Vecsmall([7, 4, 5, 2, 3, 8, 1, 6])


1549
Vecsmall([6, 8, 1, 3, 2, 4, 5, 7])


1553
Vecsmall([1, 2, 3, 4, 5, 6, 7, 8])


1559
Vecsmall([7, 4, 5, 2, 3, 8, 1, 6])


1567
Vecsmall([7, 4, 5, 2, 3, 8, 1, 6])


1571
Vecsmall([8, 6, 7, 5, 4, 2, 3, 1])


1579
Vecsmall([5, 3, 2, 8, 1, 7, 6, 4])


1583
Vecsmall([2, 1, 8, 7, 6, 5, 4, 3])


1597
Vecsmall([3, 5, 4, 6, 7, 1, 8, 2])


1601
Vecsmall([1, 2, 3, 4, 5, 6, 7, 8])


1607
Vecsmall([7, 4, 5, 2, 3, 8, 1, 6])


1609
Vecsmall([1, 2, 3, 4, 5, 6, 7, 8])


1613
Vecsmall([3, 5, 4, 6, 7, 1, 8, 2])


1619
Vecsmall([8, 6, 7, 5, 4, 2, 3, 1])


1621
Vecsmall([6, 8, 1, 3, 2, 4, 5, 7])


1627
Vecsmall([8, 6, 7, 5, 4, 2, 3, 1])


1637
Vecsmall([6, 8, 1, 3, 2, 4, 5, 7])


1657
Vecsmall([4, 7, 6, 1, 8, 3, 2, 5])


1663
Vecsmall([2, 1, 8, 7, 6, 5, 4, 3])


1667
Vecsmall([8, 6, 7, 5, 4, 2, 3, 1])


1669
Vecsmall([3, 5, 4, 6, 7, 1, 8, 2])


1693
Vecsmall([6, 8, 1, 3, 2, 4, 5, 7])


1697
Vecsmall([4, 7, 6, 1, 8, 3, 2, 5])


1699
Vecsmall([8, 6, 7, 5, 4, 2, 3, 1])


1709
Vecsmall([3, 5, 4, 6, 7, 1, 8, 2])


1721
Vecsmall([1, 2, 3, 4, 5, 6, 7, 8])


1723
Vecsmall([5, 3, 2, 8, 1, 7, 6, 4])


1733
Vecsmall([3, 5, 4, 6, 7, 1, 8, 2])


1741
Vecsmall([6, 8, 1, 3, 2, 4, 5, 7])


1747
Vecsmall([5, 3, 2, 8, 1, 7, 6, 4])


1753
Vecsmall([1, 2, 3, 4, 5, 6, 7, 8])


1759
Vecsmall([2, 1, 8, 7, 6, 5, 4, 3])


1777
Vecsmall([1, 2, 3, 4, 5, 6, 7, 8])


1783
Vecsmall([2, 1, 8, 7, 6, 5, 4, 3])


1787
Vecsmall([8, 6, 7, 5, 4, 2, 3, 1])


1789
Vecsmall([3, 5, 4, 6, 7, 1, 8, 2])


1801
Vecsmall([1, 2, 3, 4, 5, 6, 7, 8])


1811
Vecsmall([8, 6, 7, 5, 4, 2, 3, 1])


1823
Vecsmall([2, 1, 8, 7, 6, 5, 4, 3])


1831
Vecsmall([7, 4, 5, 2, 3, 8, 1, 6])


1847
Vecsmall([2, 1, 8, 7, 6, 5, 4, 3])


1861
Vecsmall([6, 8, 1, 3, 2, 4, 5, 7])


1867
Vecsmall([5, 3, 2, 8, 1, 7, 6, 4])


1871
Vecsmall([2, 1, 8, 7, 6, 5, 4, 3])


1873
Vecsmall([4, 7, 6, 1, 8, 3, 2, 5])


1877
Vecsmall([6, 8, 1, 3, 2, 4, 5, 7])


1879
Vecsmall([2, 1, 8, 7, 6, 5, 4, 3])


1889
Vecsmall([1, 2, 3, 4, 5, 6, 7, 8])


1901
Vecsmall([3, 5, 4, 6, 7, 1, 8, 2])


1907
Vecsmall([8, 6, 7, 5, 4, 2, 3, 1])


1913
Vecsmall([1, 2, 3, 4, 5, 6, 7, 8])


1931
Vecsmall([8, 6, 7, 5, 4, 2, 3, 1])


1933
Vecsmall([3, 5, 4, 6, 7, 1, 8, 2])


1949
Vecsmall([3, 5, 4, 6, 7, 1, 8, 2])


1951
Vecsmall([7, 4, 5, 2, 3, 8, 1, 6])


1973
Vecsmall([6, 8, 1, 3, 2, 4, 5, 7])


1979
Vecsmall([5, 3, 2, 8, 1, 7, 6, 4])


1987
Vecsmall([8, 6, 7, 5, 4, 2, 3, 1])


1993
Vecsmall([4, 7, 6, 1, 8, 3, 2, 5])


1997
Vecsmall([3, 5, 4, 6, 7, 1, 8, 2])


1999
Vecsmall([2, 1, 8, 7, 6, 5, 4, 3])


2003
Vecsmall([8, 6, 7, 5, 4, 2, 3, 1])


2011
Vecsmall([8, 6, 7, 5, 4, 2, 3, 1])


2017
Vecsmall([4, 7, 6, 1, 8, 3, 2, 5])


2027
Vecsmall([8, 6, 7, 5, 4, 2, 3, 1])


2029
Vecsmall([3, 5, 4, 6, 7, 1, 8, 2])


2039
Vecsmall([2, 1, 8, 7, 6, 5, 4, 3])


2053
Vecsmall([6, 8, 1, 3, 2, 4, 5, 7])


2063
Vecsmall([2, 1, 8, 7, 6, 5, 4, 3])


2069
Vecsmall([6, 8, 1, 3, 2, 4, 5, 7])


2081
Vecsmall([4, 7, 6, 1, 8, 3, 2, 5])


2083
Vecsmall([5, 3, 2, 8, 1, 7, 6, 4])


2087
Vecsmall([7, 4, 5, 2, 3, 8, 1, 6])


2089
Vecsmall([1, 2, 3, 4, 5, 6, 7, 8])


2099
Vecsmall([5, 3, 2, 8, 1, 7, 6, 4])


2111
Vecsmall([7, 4, 5, 2, 3, 8, 1, 6])


2113
Vecsmall([1, 2, 3, 4, 5, 6, 7, 8])


2129
Vecsmall([1, 2, 3, 4, 5, 6, 7, 8])


2131
Vecsmall([8, 6, 7, 5, 4, 2, 3, 1])


2137
Vecsmall([4, 7, 6, 1, 8, 3, 2, 5])


2141
Vecsmall([6, 8, 1, 3, 2, 4, 5, 7])


2143
Vecsmall([7, 4, 5, 2, 3, 8, 1, 6])


2153
Vecsmall([4, 7, 6, 1, 8, 3, 2, 5])


2161
Vecsmall([4, 7, 6, 1, 8, 3, 2, 5])


2179
Vecsmall([8, 6, 7, 5, 4, 2, 3, 1])


2203
Vecsmall([8, 6, 7, 5, 4, 2, 3, 1])


2207
Vecsmall([2, 1, 8, 7, 6, 5, 4, 3])


2213
Vecsmall([6, 8, 1, 3, 2, 4, 5, 7])


2221
Vecsmall([6, 8, 1, 3, 2, 4, 5, 7])


2237
Vecsmall([3, 5, 4, 6, 7, 1, 8, 2])


2239
Vecsmall([2, 1, 8, 7, 6, 5, 4, 3])


2243
Vecsmall([8, 6, 7, 5, 4, 2, 3, 1])


2251
Vecsmall([8, 6, 7, 5, 4, 2, 3, 1])


2267
Vecsmall([8, 6, 7, 5, 4, 2, 3, 1])


2269
Vecsmall([6, 8, 1, 3, 2, 4, 5, 7])


2273
Vecsmall([1, 2, 3, 4, 5, 6, 7, 8])


2281
Vecsmall([1, 2, 3, 4, 5, 6, 7, 8])


2287
Vecsmall([2, 1, 8, 7, 6, 5, 4, 3])


2293
Vecsmall([6, 8, 1, 3, 2, 4, 5, 7])


2297
Vecsmall([4, 7, 6, 1, 8, 3, 2, 5])


2309
Vecsmall([6, 8, 1, 3, 2, 4, 5, 7])


2311
Vecsmall([2, 1, 8, 7, 6, 5, 4, 3])


2333
Vecsmall([3, 5, 4, 6, 7, 1, 8, 2])


2339
Vecsmall([8, 6, 7, 5, 4, 2, 3, 1])


2341
Vecsmall([3, 5, 4, 6, 7, 1, 8, 2])


2347
Vecsmall([8, 6, 7, 5, 4, 2, 3, 1])


2351
Vecsmall([2, 1, 8, 7, 6, 5, 4, 3])


2357
Vecsmall([3, 5, 4, 6, 7, 1, 8, 2])


2371
Vecsmall([8, 6, 7, 5, 4, 2, 3, 1])


2377
Vecsmall([4, 7, 6, 1, 8, 3, 2, 5])


2381
Vecsmall([3, 5, 4, 6, 7, 1, 8, 2])


2383
Vecsmall([7, 4, 5, 2, 3, 8, 1, 6])


2389
Vecsmall([3, 5, 4, 6, 7, 1, 8, 2])


2393
Vecsmall([1, 2, 3, 4, 5, 6, 7, 8])


2399
Vecsmall([7, 4, 5, 2, 3, 8, 1, 6])


2411
Vecsmall([8, 6, 7, 5, 4, 2, 3, 1])


2417
Vecsmall([4, 7, 6, 1, 8, 3, 2, 5])


2423
Vecsmall([7, 4, 5, 2, 3, 8, 1, 6])


2437
Vecsmall([3, 5, 4, 6, 7, 1, 8, 2])


2441
Vecsmall([1, 2, 3, 4, 5, 6, 7, 8])


2447
Vecsmall([7, 4, 5, 2, 3, 8, 1, 6])


2459
Vecsmall([5, 3, 2, 8, 1, 7, 6, 4])


2467
Vecsmall([8, 6, 7, 5, 4, 2, 3, 1])


2473
Vecsmall([1, 2, 3, 4, 5, 6, 7, 8])


2477
Vecsmall([3, 5, 4, 6, 7, 1, 8, 2])


2503
Vecsmall([7, 4, 5, 2, 3, 8, 1, 6])


2521
Vecsmall([4, 7, 6, 1, 8, 3, 2, 5])


2531
Vecsmall([8, 6, 7, 5, 4, 2, 3, 1])


2539
Vecsmall([8, 6, 7, 5, 4, 2, 3, 1])


2543
Vecsmall([7, 4, 5, 2, 3, 8, 1, 6])


2549
Vecsmall([6, 8, 1, 3, 2, 4, 5, 7])


2551
Vecsmall([7, 4, 5, 2, 3, 8, 1, 6])


2557
Vecsmall([3, 5, 4, 6, 7, 1, 8, 2])


2579
Vecsmall([5, 3, 2, 8, 1, 7, 6, 4])


2591
Vecsmall([2, 1, 8, 7, 6, 5, 4, 3])


2593
Vecsmall([1, 2, 3, 4, 5, 6, 7, 8])


2609
Vecsmall([4, 7, 6, 1, 8, 3, 2, 5])


2617
Vecsmall([4, 7, 6, 1, 8, 3, 2, 5])


2621
Vecsmall([6, 8, 1, 3, 2, 4, 5, 7])


2633
Vecsmall([4, 7, 6, 1, 8, 3, 2, 5])


2647
Vecsmall([2, 1, 8, 7, 6, 5, 4, 3])


2657
Vecsmall([1, 2, 3, 4, 5, 6, 7, 8])


2659
Vecsmall([5, 3, 2, 8, 1, 7, 6, 4])


2663
Vecsmall([7, 4, 5, 2, 3, 8, 1, 6])


2671
Vecsmall([7, 4, 5, 2, 3, 8, 1, 6])


2677
Vecsmall([3, 5, 4, 6, 7, 1, 8, 2])


2683
Vecsmall([8, 6, 7, 5, 4, 2, 3, 1])


2687
Vecsmall([7, 4, 5, 2, 3, 8, 1, 6])


2689
Vecsmall([1, 2, 3, 4, 5, 6, 7, 8])


2693
Vecsmall([6, 8, 1, 3, 2, 4, 5, 7])


2699
Vecsmall([8, 6, 7, 5, 4, 2, 3, 1])


2707
Vecsmall([8, 6, 7, 5, 4, 2, 3, 1])


2711
Vecsmall([2, 1, 8, 7, 6, 5, 4, 3])


2713
Vecsmall([4, 7, 6, 1, 8, 3, 2, 5])


2719
Vecsmall([7, 4, 5, 2, 3, 8, 1, 6])


2729
Vecsmall([4, 7, 6, 1, 8, 3, 2, 5])


2731
Vecsmall([8, 6, 7, 5, 4, 2, 3, 1])


2741
Vecsmall([6, 8, 1, 3, 2, 4, 5, 7])


2749
Vecsmall([6, 8, 1, 3, 2, 4, 5, 7])


2753
Vecsmall([4, 7, 6, 1, 8, 3, 2, 5])


2767
Vecsmall([7, 4, 5, 2, 3, 8, 1, 6])


2777
Vecsmall([4, 7, 6, 1, 8, 3, 2, 5])


2789
Vecsmall([6, 8, 1, 3, 2, 4, 5, 7])


2791
Vecsmall([7, 4, 5, 2, 3, 8, 1, 6])


2797
Vecsmall([3, 5, 4, 6, 7, 1, 8, 2])


2801
Vecsmall([4, 7, 6, 1, 8, 3, 2, 5])


2803
Vecsmall([8, 6, 7, 5, 4, 2, 3, 1])


2819
Vecsmall([8, 6, 7, 5, 4, 2, 3, 1])


2833
Vecsmall([1, 2, 3, 4, 5, 6, 7, 8])


2837
Vecsmall([6, 8, 1, 3, 2, 4, 5, 7])


2843
Vecsmall([8, 6, 7, 5, 4, 2, 3, 1])


2851
Vecsmall([8, 6, 7, 5, 4, 2, 3, 1])


2857
Vecsmall([1, 2, 3, 4, 5, 6, 7, 8])


2861
Vecsmall([3, 5, 4, 6, 7, 1, 8, 2])


2879
Vecsmall([7, 4, 5, 2, 3, 8, 1, 6])


2887
Vecsmall([7, 4, 5, 2, 3, 8, 1, 6])


2897
Vecsmall([4, 7, 6, 1, 8, 3, 2, 5])


2903
Vecsmall([7, 4, 5, 2, 3, 8, 1, 6])


2909
Vecsmall([6, 8, 1, 3, 2, 4, 5, 7])


2917
Vecsmall([3, 5, 4, 6, 7, 1, 8, 2])


2927
Vecsmall([2, 1, 8, 7, 6, 5, 4, 3])


2939
Vecsmall([8, 6, 7, 5, 4, 2, 3, 1])


2953
Vecsmall([4, 7, 6, 1, 8, 3, 2, 5])


2957
Vecsmall([3, 5, 4, 6, 7, 1, 8, 2])


2963
Vecsmall([8, 6, 7, 5, 4, 2, 3, 1])


2969
Vecsmall([1, 2, 3, 4, 5, 6, 7, 8])


2971
Vecsmall([8, 6, 7, 5, 4, 2, 3, 1])


2999
Vecsmall([7, 4, 5, 2, 3, 8, 1, 6])


3001
Vecsmall([4, 7, 6, 1, 8, 3, 2, 5])


3011
Vecsmall([8, 6, 7, 5, 4, 2, 3, 1])


3019
Vecsmall([8, 6, 7, 5, 4, 2, 3, 1])


3023
Vecsmall([7, 4, 5, 2, 3, 8, 1, 6])


3037
Vecsmall([6, 8, 1, 3, 2, 4, 5, 7])


3041
Vecsmall([4, 7, 6, 1, 8, 3, 2, 5])


3049
Vecsmall([1, 2, 3, 4, 5, 6, 7, 8])


3061
Vecsmall([6, 8, 1, 3, 2, 4, 5, 7])


3067
Vecsmall([8, 6, 7, 5, 4, 2, 3, 1])


3079
Vecsmall([7, 4, 5, 2, 3, 8, 1, 6])


3083
Vecsmall([8, 6, 7, 5, 4, 2, 3, 1])


3089
Vecsmall([1, 2, 3, 4, 5, 6, 7, 8])


3109
Vecsmall([3, 5, 4, 6, 7, 1, 8, 2])


3119
Vecsmall([7, 4, 5, 2, 3, 8, 1, 6])


3121
Vecsmall([1, 2, 3, 4, 5, 6, 7, 8])


3137
Vecsmall([1, 2, 3, 4, 5, 6, 7, 8])


3163
Vecsmall([8, 6, 7, 5, 4, 2, 3, 1])


3167
Vecsmall([7, 4, 5, 2, 3, 8, 1, 6])


3169
Vecsmall([4, 7, 6, 1, 8, 3, 2, 5])


3181
Vecsmall([3, 5, 4, 6, 7, 1, 8, 2])


3187
Vecsmall([5, 3, 2, 8, 1, 7, 6, 4])


3191
Vecsmall([7, 4, 5, 2, 3, 8, 1, 6])


3203
Vecsmall([8, 6, 7, 5, 4, 2, 3, 1])


3209
Vecsmall([4, 7, 6, 1, 8, 3, 2, 5])


3217
Vecsmall([1, 2, 3, 4, 5, 6, 7, 8])


3221
Vecsmall([3, 5, 4, 6, 7, 1, 8, 2])


3229
Vecsmall([6, 8, 1, 3, 2, 4, 5, 7])


3251
Vecsmall([8, 6, 7, 5, 4, 2, 3, 1])


3253
Vecsmall([3, 5, 4, 6, 7, 1, 8, 2])


3257
Vecsmall([1, 2, 3, 4, 5, 6, 7, 8])


3259
Vecsmall([8, 6, 7, 5, 4, 2, 3, 1])


3271
Vecsmall([2, 1, 8, 7, 6, 5, 4, 3])


3299
Vecsmall([8, 6, 7, 5, 4, 2, 3, 1])


3301
Vecsmall([3, 5, 4, 6, 7, 1, 8, 2])


3307
Vecsmall([8, 6, 7, 5, 4, 2, 3, 1])


3313
Vecsmall([1, 2, 3, 4, 5, 6, 7, 8])


3319
Vecsmall([7, 4, 5, 2, 3, 8, 1, 6])


3323
Vecsmall([8, 6, 7, 5, 4, 2, 3, 1])


3329
Vecsmall([4, 7, 6, 1, 8, 3, 2, 5])


3331
Vecsmall([8, 6, 7, 5, 4, 2, 3, 1])


3343
Vecsmall([7, 4, 5, 2, 3, 8, 1, 6])


3347
Vecsmall([8, 6, 7, 5, 4, 2, 3, 1])


3359
Vecsmall([2, 1, 8, 7, 6, 5, 4, 3])


3361
Vecsmall([1, 2, 3, 4, 5, 6, 7, 8])


3371
Vecsmall([8, 6, 7, 5, 4, 2, 3, 1])


3373
Vecsmall([3, 5, 4, 6, 7, 1, 8, 2])


3389
Vecsmall([6, 8, 1, 3, 2, 4, 5, 7])


3391
Vecsmall([7, 4, 5, 2, 3, 8, 1, 6])


3407
Vecsmall([2, 1, 8, 7, 6, 5, 4, 3])


3413
Vecsmall([6, 8, 1, 3, 2, 4, 5, 7])


3433
Vecsmall([4, 7, 6, 1, 8, 3, 2, 5])


3449
Vecsmall([1, 2, 3, 4, 5, 6, 7, 8])


3457
Vecsmall([4, 7, 6, 1, 8, 3, 2, 5])


3461
Vecsmall([6, 8, 1, 3, 2, 4, 5, 7])


3463
Vecsmall([7, 4, 5, 2, 3, 8, 1, 6])


3467
Vecsmall([8, 6, 7, 5, 4, 2, 3, 1])


3469
Vecsmall([6, 8, 1, 3, 2, 4, 5, 7])


3491
Vecsmall([8, 6, 7, 5, 4, 2, 3, 1])


3499
Vecsmall([8, 6, 7, 5, 4, 2, 3, 1])


3511
Vecsmall([7, 4, 5, 2, 3, 8, 1, 6])


3517
Vecsmall([3, 5, 4, 6, 7, 1, 8, 2])


3527
Vecsmall([2, 1, 8, 7, 6, 5, 4, 3])


3529
Vecsmall([1, 2, 3, 4, 5, 6, 7, 8])


3533
Vecsmall([6, 8, 1, 3, 2, 4, 5, 7])


3539
Vecsmall([5, 3, 2, 8, 1, 7, 6, 4])


3541
Vecsmall([3, 5, 4, 6, 7, 1, 8, 2])


3547
Vecsmall([8, 6, 7, 5, 4, 2, 3, 1])


3557
Vecsmall([6, 8, 1, 3, 2, 4, 5, 7])


3559
Vecsmall([7, 4, 5, 2, 3, 8, 1, 6])


3571
Vecsmall([8, 6, 7, 5, 4, 2, 3, 1])


3581
Vecsmall([6, 8, 1, 3, 2, 4, 5, 7])


3583
Vecsmall([7, 4, 5, 2, 3, 8, 1, 6])


3593
Vecsmall([4, 7, 6, 1, 8, 3, 2, 5])


3607
Vecsmall([7, 4, 5, 2, 3, 8, 1, 6])


3613
Vecsmall([3, 5, 4, 6, 7, 1, 8, 2])


3617
Vecsmall([4, 7, 6, 1, 8, 3, 2, 5])


3623
Vecsmall([2, 1, 8, 7, 6, 5, 4, 3])


3631
Vecsmall([2, 1, 8, 7, 6, 5, 4, 3])


3637
Vecsmall([3, 5, 4, 6, 7, 1, 8, 2])


3643
Vecsmall([8, 6, 7, 5, 4, 2, 3, 1])


3659
Vecsmall([8, 6, 7, 5, 4, 2, 3, 1])


3671
Vecsmall([2, 1, 8, 7, 6, 5, 4, 3])


3673
Vecsmall([1, 2, 3, 4, 5, 6, 7, 8])


3677
Vecsmall([3, 5, 4, 6, 7, 1, 8, 2])


3691
Vecsmall([8, 6, 7, 5, 4, 2, 3, 1])


3697
Vecsmall([4, 7, 6, 1, 8, 3, 2, 5])


3701
Vecsmall([6, 8, 1, 3, 2, 4, 5, 7])


3709
Vecsmall([3, 5, 4, 6, 7, 1, 8, 2])


3719
Vecsmall([7, 4, 5, 2, 3, 8, 1, 6])


3727
Vecsmall([2, 1, 8, 7, 6, 5, 4, 3])


3733
Vecsmall([6, 8, 1, 3, 2, 4, 5, 7])


3739
Vecsmall([8, 6, 7, 5, 4, 2, 3, 1])


3761
Vecsmall([1, 2, 3, 4, 5, 6, 7, 8])


3767
Vecsmall([7, 4, 5, 2, 3, 8, 1, 6])


3769
Vecsmall([4, 7, 6, 1, 8, 3, 2, 5])


3779
Vecsmall([8, 6, 7, 5, 4, 2, 3, 1])


3793
Vecsmall([4, 7, 6, 1, 8, 3, 2, 5])


3797
Vecsmall([3, 5, 4, 6, 7, 1, 8, 2])


3803
Vecsmall([8, 6, 7, 5, 4, 2, 3, 1])


3821
Vecsmall([6, 8, 1, 3, 2, 4, 5, 7])


3823
Vecsmall([2, 1, 8, 7, 6, 5, 4, 3])


3833
Vecsmall([1, 2, 3, 4, 5, 6, 7, 8])


3847
Vecsmall([2, 1, 8, 7, 6, 5, 4, 3])


3851
Vecsmall([8, 6, 7, 5, 4, 2, 3, 1])


3853
Vecsmall([3, 5, 4, 6, 7, 1, 8, 2])


3863
Vecsmall([7, 4, 5, 2, 3, 8, 1, 6])


3877
Vecsmall([6, 8, 1, 3, 2, 4, 5, 7])


3881
Vecsmall([4, 7, 6, 1, 8, 3, 2, 5])


3889
Vecsmall([4, 7, 6, 1, 8, 3, 2, 5])


3907
Vecsmall([8, 6, 7, 5, 4, 2, 3, 1])


3911
Vecsmall([2, 1, 8, 7, 6, 5, 4, 3])


3917
Vecsmall([3, 5, 4, 6, 7, 1, 8, 2])


3919
Vecsmall([2, 1, 8, 7, 6, 5, 4, 3])


3923
Vecsmall([5, 3, 2, 8, 1, 7, 6, 4])


3929
Vecsmall([4, 7, 6, 1, 8, 3, 2, 5])


3931
Vecsmall([8, 6, 7, 5, 4, 2, 3, 1])


3943
Vecsmall([7, 4, 5, 2, 3, 8, 1, 6])


3947
Vecsmall([5, 3, 2, 8, 1, 7, 6, 4])


3967
Vecsmall([7, 4, 5, 2, 3, 8, 1, 6])


3989
Vecsmall([6, 8, 1, 3, 2, 4, 5, 7])


4001
Vecsmall([1, 2, 3, 4, 5, 6, 7, 8])


4003
Vecsmall([8, 6, 7, 5, 4, 2, 3, 1])


4007
Vecsmall([2, 1, 8, 7, 6, 5, 4, 3])


4013
Vecsmall([3, 5, 4, 6, 7, 1, 8, 2])


4019
Vecsmall([5, 3, 2, 8, 1, 7, 6, 4])


4021
Vecsmall([3, 5, 4, 6, 7, 1, 8, 2])


4027
Vecsmall([8, 6, 7, 5, 4, 2, 3, 1])


4049
Vecsmall([1, 2, 3, 4, 5, 6, 7, 8])


4051
Vecsmall([8, 6, 7, 5, 4, 2, 3, 1])


4057
Vecsmall([1, 2, 3, 4, 5, 6, 7, 8])


4073
Vecsmall([4, 7, 6, 1, 8, 3, 2, 5])


4079
Vecsmall([2, 1, 8, 7, 6, 5, 4, 3])


4091
Vecsmall([8, 6, 7, 5, 4, 2, 3, 1])


4093
Vecsmall([3, 5, 4, 6, 7, 1, 8, 2])


4099
Vecsmall([5, 3, 2, 8, 1, 7, 6, 4])


4111
Vecsmall([7, 4, 5, 2, 3, 8, 1, 6])


4127
Vecsmall([2, 1, 8, 7, 6, 5, 4, 3])


4129
Vecsmall([4, 7, 6, 1, 8, 3, 2, 5])


4133
Vecsmall([3, 5, 4, 6, 7, 1, 8, 2])


4139
Vecsmall([8, 6, 7, 5, 4, 2, 3, 1])


4153
Vecsmall([1, 2, 3, 4, 5, 6, 7, 8])


4157
Vecsmall([3, 5, 4, 6, 7, 1, 8, 2])


4159
Vecsmall([2, 1, 8, 7, 6, 5, 4, 3])


4177
Vecsmall([1, 2, 3, 4, 5, 6, 7, 8])


4201
Vecsmall([1, 2, 3, 4, 5, 6, 7, 8])


4211
Vecsmall([8, 6, 7, 5, 4, 2, 3, 1])


4217
Vecsmall([1, 2, 3, 4, 5, 6, 7, 8])


4219
Vecsmall([8, 6, 7, 5, 4, 2, 3, 1])


4229
Vecsmall([3, 5, 4, 6, 7, 1, 8, 2])


4231
Vecsmall([2, 1, 8, 7, 6, 5, 4, 3])


4241
Vecsmall([4, 7, 6, 1, 8, 3, 2, 5])


4243
Vecsmall([8, 6, 7, 5, 4, 2, 3, 1])


4253
Vecsmall([6, 8, 1, 3, 2, 4, 5, 7])


4259
Vecsmall([8, 6, 7, 5, 4, 2, 3, 1])


4261
Vecsmall([6, 8, 1, 3, 2, 4, 5, 7])


4271
Vecsmall([7, 4, 5, 2, 3, 8, 1, 6])


4273
Vecsmall([1, 2, 3, 4, 5, 6, 7, 8])


4283
Vecsmall([8, 6, 7, 5, 4, 2, 3, 1])


4289
Vecsmall([1, 2, 3, 4, 5, 6, 7, 8])


4297
Vecsmall([1, 2, 3, 4, 5, 6, 7, 8])


4327
Vecsmall([2, 1, 8, 7, 6, 5, 4, 3])


4337
Vecsmall([4, 7, 6, 1, 8, 3, 2, 5])


4339
Vecsmall([8, 6, 7, 5, 4, 2, 3, 1])


4349
Vecsmall([3, 5, 4, 6, 7, 1, 8, 2])


4357
Vecsmall([6, 8, 1, 3, 2, 4, 5, 7])


4363
Vecsmall([8, 6, 7, 5, 4, 2, 3, 1])


4373
Vecsmall([3, 5, 4, 6, 7, 1, 8, 2])


4391
Vecsmall([2, 1, 8, 7, 6, 5, 4, 3])


4397
Vecsmall([6, 8, 1, 3, 2, 4, 5, 7])


4409
Vecsmall([1, 2, 3, 4, 5, 6, 7, 8])


4421
Vecsmall([6, 8, 1, 3, 2, 4, 5, 7])


4423
Vecsmall([7, 4, 5, 2, 3, 8, 1, 6])


4441
Vecsmall([4, 7, 6, 1, 8, 3, 2, 5])


4447
Vecsmall([7, 4, 5, 2, 3, 8, 1, 6])


4451
Vecsmall([8, 6, 7, 5, 4, 2, 3, 1])


4457
Vecsmall([1, 2, 3, 4, 5, 6, 7, 8])


4463
Vecsmall([2, 1, 8, 7, 6, 5, 4, 3])


4481
Vecsmall([1, 2, 3, 4, 5, 6, 7, 8])


4483
Vecsmall([8, 6, 7, 5, 4, 2, 3, 1])


4493
Vecsmall([6, 8, 1, 3, 2, 4, 5, 7])


4507
Vecsmall([5, 3, 2, 8, 1, 7, 6, 4])


4513
Vecsmall([1, 2, 3, 4, 5, 6, 7, 8])


4517
Vecsmall([3, 5, 4, 6, 7, 1, 8, 2])


4519
Vecsmall([2, 1, 8, 7, 6, 5, 4, 3])


4523
Vecsmall([5, 3, 2, 8, 1, 7, 6, 4])


4547
Vecsmall([8, 6, 7, 5, 4, 2, 3, 1])


4549
Vecsmall([3, 5, 4, 6, 7, 1, 8, 2])


4561
Vecsmall([4, 7, 6, 1, 8, 3, 2, 5])


4567
Vecsmall([2, 1, 8, 7, 6, 5, 4, 3])


4583
Vecsmall([7, 4, 5, 2, 3, 8, 1, 6])


4591
Vecsmall([2, 1, 8, 7, 6, 5, 4, 3])


4597
Vecsmall([3, 5, 4, 6, 7, 1, 8, 2])


4603
Vecsmall([5, 3, 2, 8, 1, 7, 6, 4])


4621
Vecsmall([3, 5, 4, 6, 7, 1, 8, 2])


4637
Vecsmall([6, 8, 1, 3, 2, 4, 5, 7])


4639
Vecsmall([2, 1, 8, 7, 6, 5, 4, 3])


4643
Vecsmall([8, 6, 7, 5, 4, 2, 3, 1])


4649
Vecsmall([4, 7, 6, 1, 8, 3, 2, 5])


4651
Vecsmall([8, 6, 7, 5, 4, 2, 3, 1])


4657
Vecsmall([1, 2, 3, 4, 5, 6, 7, 8])


4663
Vecsmall([7, 4, 5, 2, 3, 8, 1, 6])


4673
Vecsmall([4, 7, 6, 1, 8, 3, 2, 5])


4679
Vecsmall([2, 1, 8, 7, 6, 5, 4, 3])


4691
Vecsmall([8, 6, 7, 5, 4, 2, 3, 1])


4703
Vecsmall([7, 4, 5, 2, 3, 8, 1, 6])


4721
Vecsmall([1, 2, 3, 4, 5, 6, 7, 8])


4723
Vecsmall([8, 6, 7, 5, 4, 2, 3, 1])


4729
Vecsmall([4, 7, 6, 1, 8, 3, 2, 5])


4733
Vecsmall([6, 8, 1, 3, 2, 4, 5, 7])


4751
Vecsmall([2, 1, 8, 7, 6, 5, 4, 3])


4759
Vecsmall([7, 4, 5, 2, 3, 8, 1, 6])


4783
Vecsmall([7, 4, 5, 2, 3, 8, 1, 6])


4787
Vecsmall([8, 6, 7, 5, 4, 2, 3, 1])


4789
Vecsmall([6, 8, 1, 3, 2, 4, 5, 7])


4793
Vecsmall([4, 7, 6, 1, 8, 3, 2, 5])


4799
Vecsmall([2, 1, 8, 7, 6, 5, 4, 3])


4801
Vecsmall([1, 2, 3, 4, 5, 6, 7, 8])


4813
Vecsmall([6, 8, 1, 3, 2, 4, 5, 7])


4817
Vecsmall([1, 2, 3, 4, 5, 6, 7, 8])


4831
Vecsmall([7, 4, 5, 2, 3, 8, 1, 6])


4861
Vecsmall([3, 5, 4, 6, 7, 1, 8, 2])


4871
Vecsmall([2, 1, 8, 7, 6, 5, 4, 3])


4877
Vecsmall([3, 5, 4, 6, 7, 1, 8, 2])


4889
Vecsmall([4, 7, 6, 1, 8, 3, 2, 5])


4903
Vecsmall([7, 4, 5, 2, 3, 8, 1, 6])


4909
Vecsmall([6, 8, 1, 3, 2, 4, 5, 7])


4919
Vecsmall([2, 1, 8, 7, 6, 5, 4, 3])


4931
Vecsmall([8, 6, 7, 5, 4, 2, 3, 1])


4933
Vecsmall([6, 8, 1, 3, 2, 4, 5, 7])


4937
Vecsmall([1, 2, 3, 4, 5, 6, 7, 8])


4943
Vecsmall([7, 4, 5, 2, 3, 8, 1, 6])


4951
Vecsmall([7, 4, 5, 2, 3, 8, 1, 6])


4957
Vecsmall([6, 8, 1, 3, 2, 4, 5, 7])


4967
Vecsmall([2, 1, 8, 7, 6, 5, 4, 3])


4969
Vecsmall([4, 7, 6, 1, 8, 3, 2, 5])


4973
Vecsmall([6, 8, 1, 3, 2, 4, 5, 7])


4987
Vecsmall([8, 6, 7, 5, 4, 2, 3, 1])


4993
Vecsmall([1, 2, 3, 4, 5, 6, 7, 8])


4999
Vecsmall([7, 4, 5, 2, 3, 8, 1, 6])


5003
Vecsmall([8, 6, 7, 5, 4, 2, 3, 1])


5009
Vecsmall([4, 7, 6, 1, 8, 3, 2, 5])


5011
Vecsmall([5, 3, 2, 8, 1, 7, 6, 4])


5021
Vecsmall([6, 8, 1, 3, 2, 4, 5, 7])


5023
Vecsmall([7, 4, 5, 2, 3, 8, 1, 6])


5039
Vecsmall([7, 4, 5, 2, 3, 8, 1, 6])


5051
Vecsmall([5, 3, 2, 8, 1, 7, 6, 4])


5059
Vecsmall([5, 3, 2, 8, 1, 7, 6, 4])


5077
Vecsmall([3, 5, 4, 6, 7, 1, 8, 2])


5081
Vecsmall([1, 2, 3, 4, 5, 6, 7, 8])


5087
Vecsmall([2, 1, 8, 7, 6, 5, 4, 3])


5099
Vecsmall([8, 6, 7, 5, 4, 2, 3, 1])


5101
Vecsmall([3, 5, 4, 6, 7, 1, 8, 2])


5107
Vecsmall([5, 3, 2, 8, 1, 7, 6, 4])


5113
Vecsmall([1, 2, 3, 4, 5, 6, 7, 8])


5119
Vecsmall([7, 4, 5, 2, 3, 8, 1, 6])


5147
Vecsmall([8, 6, 7, 5, 4, 2, 3, 1])


5153
Vecsmall([4, 7, 6, 1, 8, 3, 2, 5])


5167
Vecsmall([2, 1, 8, 7, 6, 5, 4, 3])


5171
Vecsmall([8, 6, 7, 5, 4, 2, 3, 1])


5179
Vecsmall([8, 6, 7, 5, 4, 2, 3, 1])


5189
Vecsmall([6, 8, 1, 3, 2, 4, 5, 7])


5197
Vecsmall([6, 8, 1, 3, 2, 4, 5, 7])


5209
Vecsmall([1, 2, 3, 4, 5, 6, 7, 8])


5227
Vecsmall([5, 3, 2, 8, 1, 7, 6, 4])


5231
Vecsmall([2, 1, 8, 7, 6, 5, 4, 3])


5233
Vecsmall([1, 2, 3, 4, 5, 6, 7, 8])


5237
Vecsmall([6, 8, 1, 3, 2, 4, 5, 7])


5261
Vecsmall([3, 5, 4, 6, 7, 1, 8, 2])


5273
Vecsmall([4, 7, 6, 1, 8, 3, 2, 5])


5279
Vecsmall([2, 1, 8, 7, 6, 5, 4, 3])


5281
Vecsmall([4, 7, 6, 1, 8, 3, 2, 5])


5297
Vecsmall([1, 2, 3, 4, 5, 6, 7, 8])


5303
Vecsmall([7, 4, 5, 2, 3, 8, 1, 6])


5309
Vecsmall([3, 5, 4, 6, 7, 1, 8, 2])


5323
Vecsmall([5, 3, 2, 8, 1, 7, 6, 4])


5333
Vecsmall([3, 5, 4, 6, 7, 1, 8, 2])


5347
Vecsmall([5, 3, 2, 8, 1, 7, 6, 4])


5351
Vecsmall([7, 4, 5, 2, 3, 8, 1, 6])


5381
Vecsmall([3, 5, 4, 6, 7, 1, 8, 2])


5387
Vecsmall([8, 6, 7, 5, 4, 2, 3, 1])


5393
Vecsmall([1, 2, 3, 4, 5, 6, 7, 8])


5399
Vecsmall([2, 1, 8, 7, 6, 5, 4, 3])


5407
Vecsmall([2, 1, 8, 7, 6, 5, 4, 3])


5413
Vecsmall([3, 5, 4, 6, 7, 1, 8, 2])


5417
Vecsmall([4, 7, 6, 1, 8, 3, 2, 5])


5419
Vecsmall([8, 6, 7, 5, 4, 2, 3, 1])


5431
Vecsmall([7, 4, 5, 2, 3, 8, 1, 6])


5437
Vecsmall([3, 5, 4, 6, 7, 1, 8, 2])


5441
Vecsmall([4, 7, 6, 1, 8, 3, 2, 5])


5443
Vecsmall([8, 6, 7, 5, 4, 2, 3, 1])


5449
Vecsmall([4, 7, 6, 1, 8, 3, 2, 5])


5471
Vecsmall([2, 1, 8, 7, 6, 5, 4, 3])


5477
Vecsmall([6, 8, 1, 3, 2, 4, 5, 7])


5479
Vecsmall([7, 4, 5, 2, 3, 8, 1, 6])


5483
Vecsmall([8, 6, 7, 5, 4, 2, 3, 1])


5501
Vecsmall([6, 8, 1, 3, 2, 4, 5, 7])


5503
Vecsmall([2, 1, 8, 7, 6, 5, 4, 3])


5507
Vecsmall([8, 6, 7, 5, 4, 2, 3, 1])


5519
Vecsmall([2, 1, 8, 7, 6, 5, 4, 3])


5521
Vecsmall([4, 7, 6, 1, 8, 3, 2, 5])


5527
Vecsmall([2, 1, 8, 7, 6, 5, 4, 3])


5531
Vecsmall([8, 6, 7, 5, 4, 2, 3, 1])


5557
Vecsmall([3, 5, 4, 6, 7, 1, 8, 2])


5563
Vecsmall([8, 6, 7, 5, 4, 2, 3, 1])


5569
Vecsmall([1, 2, 3, 4, 5, 6, 7, 8])


5573
Vecsmall([6, 8, 1, 3, 2, 4, 5, 7])


5581
Vecsmall([6, 8, 1, 3, 2, 4, 5, 7])


5591
Vecsmall([7, 4, 5, 2, 3, 8, 1, 6])


5623
Vecsmall([2, 1, 8, 7, 6, 5, 4, 3])


5639
Vecsmall([2, 1, 8, 7, 6, 5, 4, 3])


5641
Vecsmall([4, 7, 6, 1, 8, 3, 2, 5])


5647
Vecsmall([7, 4, 5, 2, 3, 8, 1, 6])


5651
Vecsmall([8, 6, 7, 5, 4, 2, 3, 1])


5653
Vecsmall([6, 8, 1, 3, 2, 4, 5, 7])


5657
Vecsmall([4, 7, 6, 1, 8, 3, 2, 5])


5659
Vecsmall([8, 6, 7, 5, 4, 2, 3, 1])


5669
Vecsmall([6, 8, 1, 3, 2, 4, 5, 7])


5683
Vecsmall([5, 3, 2, 8, 1, 7, 6, 4])


5689
Vecsmall([1, 2, 3, 4, 5, 6, 7, 8])


5693
Vecsmall([6, 8, 1, 3, 2, 4, 5, 7])


5701
Vecsmall([3, 5, 4, 6, 7, 1, 8, 2])


5711
Vecsmall([7, 4, 5, 2, 3, 8, 1, 6])


5717
Vecsmall([6, 8, 1, 3, 2, 4, 5, 7])


5737
Vecsmall([1, 2, 3, 4, 5, 6, 7, 8])


5741
Vecsmall([6, 8, 1, 3, 2, 4, 5, 7])


5743
Vecsmall([7, 4, 5, 2, 3, 8, 1, 6])


5749
Vecsmall([3, 5, 4, 6, 7, 1, 8, 2])


5779
Vecsmall([5, 3, 2, 8, 1, 7, 6, 4])


5783
Vecsmall([7, 4, 5, 2, 3, 8, 1, 6])


5791
Vecsmall([7, 4, 5, 2, 3, 8, 1, 6])


5801
Vecsmall([4, 7, 6, 1, 8, 3, 2, 5])


5807
Vecsmall([2, 1, 8, 7, 6, 5, 4, 3])


5813
Vecsmall([6, 8, 1, 3, 2, 4, 5, 7])


5821
Vecsmall([6, 8, 1, 3, 2, 4, 5, 7])


5827
Vecsmall([8, 6, 7, 5, 4, 2, 3, 1])


5839
Vecsmall([7, 4, 5, 2, 3, 8, 1, 6])


5843
Vecsmall([8, 6, 7, 5, 4, 2, 3, 1])


5849
Vecsmall([4, 7, 6, 1, 8, 3, 2, 5])


5851
Vecsmall([8, 6, 7, 5, 4, 2, 3, 1])


5857
Vecsmall([4, 7, 6, 1, 8, 3, 2, 5])


5861
Vecsmall([3, 5, 4, 6, 7, 1, 8, 2])


5867
Vecsmall([5, 3, 2, 8, 1, 7, 6, 4])


5869
Vecsmall([6, 8, 1, 3, 2, 4, 5, 7])


5879
Vecsmall([2, 1, 8, 7, 6, 5, 4, 3])


5881
Vecsmall([1, 2, 3, 4, 5, 6, 7, 8])


5897
Vecsmall([4, 7, 6, 1, 8, 3, 2, 5])


5903
Vecsmall([2, 1, 8, 7, 6, 5, 4, 3])


5923
Vecsmall([5, 3, 2, 8, 1, 7, 6, 4])


5927
Vecsmall([7, 4, 5, 2, 3, 8, 1, 6])


5939
Vecsmall([8, 6, 7, 5, 4, 2, 3, 1])


5953
Vecsmall([4, 7, 6, 1, 8, 3, 2, 5])


5981
Vecsmall([6, 8, 1, 3, 2, 4, 5, 7])


5987
Vecsmall([8, 6, 7, 5, 4, 2, 3, 1])


6007
Vecsmall([7, 4, 5, 2, 3, 8, 1, 6])


6011
Vecsmall([8, 6, 7, 5, 4, 2, 3, 1])


6029
Vecsmall([3, 5, 4, 6, 7, 1, 8, 2])


6037
Vecsmall([3, 5, 4, 6, 7, 1, 8, 2])


6043
Vecsmall([8, 6, 7, 5, 4, 2, 3, 1])


6047
Vecsmall([2, 1, 8, 7, 6, 5, 4, 3])


6053
Vecsmall([6, 8, 1, 3, 2, 4, 5, 7])


6067
Vecsmall([5, 3, 2, 8, 1, 7, 6, 4])


6073
Vecsmall([4, 7, 6, 1, 8, 3, 2, 5])


6079
Vecsmall([2, 1, 8, 7, 6, 5, 4, 3])


6089
Vecsmall([1, 2, 3, 4, 5, 6, 7, 8])


6091
Vecsmall([5, 3, 2, 8, 1, 7, 6, 4])


6101
Vecsmall([6, 8, 1, 3, 2, 4, 5, 7])


6113
Vecsmall([4, 7, 6, 1, 8, 3, 2, 5])


6121
Vecsmall([1, 2, 3, 4, 5, 6, 7, 8])


6131
Vecsmall([8, 6, 7, 5, 4, 2, 3, 1])


6133
Vecsmall([3, 5, 4, 6, 7, 1, 8, 2])


6143
Vecsmall([7, 4, 5, 2, 3, 8, 1, 6])


6151
Vecsmall([2, 1, 8, 7, 6, 5, 4, 3])


6163
Vecsmall([5, 3, 2, 8, 1, 7, 6, 4])


6173
Vecsmall([3, 5, 4, 6, 7, 1, 8, 2])


6197
Vecsmall([3, 5, 4, 6, 7, 1, 8, 2])


6199
Vecsmall([2, 1, 8, 7, 6, 5, 4, 3])


6203
Vecsmall([8, 6, 7, 5, 4, 2, 3, 1])


6211
Vecsmall([5, 3, 2, 8, 1, 7, 6, 4])


6217
Vecsmall([4, 7, 6, 1, 8, 3, 2, 5])


6221
Vecsmall([3, 5, 4, 6, 7, 1, 8, 2])


6229
Vecsmall([3, 5, 4, 6, 7, 1, 8, 2])


6247
Vecsmall([7, 4, 5, 2, 3, 8, 1, 6])


6257
Vecsmall([4, 7, 6, 1, 8, 3, 2, 5])


6263
Vecsmall([7, 4, 5, 2, 3, 8, 1, 6])


6269
Vecsmall([6, 8, 1, 3, 2, 4, 5, 7])


6271
Vecsmall([7, 4, 5, 2, 3, 8, 1, 6])


6277
Vecsmall([6, 8, 1, 3, 2, 4, 5, 7])


6287
Vecsmall([2, 1, 8, 7, 6, 5, 4, 3])


6299
Vecsmall([8, 6, 7, 5, 4, 2, 3, 1])


6301
Vecsmall([3, 5, 4, 6, 7, 1, 8, 2])


6311
Vecsmall([7, 4, 5, 2, 3, 8, 1, 6])


6317
Vecsmall([3, 5, 4, 6, 7, 1, 8, 2])


6323
Vecsmall([8, 6, 7, 5, 4, 2, 3, 1])


6329
Vecsmall([4, 7, 6, 1, 8, 3, 2, 5])


6337
Vecsmall([4, 7, 6, 1, 8, 3, 2, 5])


6343
Vecsmall([2, 1, 8, 7, 6, 5, 4, 3])


6353
Vecsmall([1, 2, 3, 4, 5, 6, 7, 8])


6359
Vecsmall([2, 1, 8, 7, 6, 5, 4, 3])


6361
Vecsmall([1, 2, 3, 4, 5, 6, 7, 8])


6367
Vecsmall([7, 4, 5, 2, 3, 8, 1, 6])


6373
Vecsmall([6, 8, 1, 3, 2, 4, 5, 7])


6379
Vecsmall([5, 3, 2, 8, 1, 7, 6, 4])


6389
Vecsmall([6, 8, 1, 3, 2, 4, 5, 7])


6397
Vecsmall([6, 8, 1, 3, 2, 4, 5, 7])


6421
Vecsmall([6, 8, 1, 3, 2, 4, 5, 7])


6427
Vecsmall([8, 6, 7, 5, 4, 2, 3, 1])


6449
Vecsmall([1, 2, 3, 4, 5, 6, 7, 8])


6451
Vecsmall([8, 6, 7, 5, 4, 2, 3, 1])


6469
Vecsmall([3, 5, 4, 6, 7, 1, 8, 2])


6473
Vecsmall([4, 7, 6, 1, 8, 3, 2, 5])


6481
Vecsmall([1, 2, 3, 4, 5, 6, 7, 8])


6491
Vecsmall([8, 6, 7, 5, 4, 2, 3, 1])


6521
Vecsmall([1, 2, 3, 4, 5, 6, 7, 8])


6529
Vecsmall([1, 2, 3, 4, 5, 6, 7, 8])


6547
Vecsmall([8, 6, 7, 5, 4, 2, 3, 1])


6551
Vecsmall([2, 1, 8, 7, 6, 5, 4, 3])


6553
Vecsmall([1, 2, 3, 4, 5, 6, 7, 8])


6563
Vecsmall([8, 6, 7, 5, 4, 2, 3, 1])


6569
Vecsmall([1, 2, 3, 4, 5, 6, 7, 8])


6571
Vecsmall([8, 6, 7, 5, 4, 2, 3, 1])


6577
Vecsmall([4, 7, 6, 1, 8, 3, 2, 5])


6581
Vecsmall([3, 5, 4, 6, 7, 1, 8, 2])


6599
Vecsmall([2, 1, 8, 7, 6, 5, 4, 3])


6607
Vecsmall([2, 1, 8, 7, 6, 5, 4, 3])


6619
Vecsmall([8, 6, 7, 5, 4, 2, 3, 1])


6637
Vecsmall([3, 5, 4, 6, 7, 1, 8, 2])


6653
Vecsmall([6, 8, 1, 3, 2, 4, 5, 7])


6659
Vecsmall([8, 6, 7, 5, 4, 2, 3, 1])


6661
Vecsmall([6, 8, 1, 3, 2, 4, 5, 7])


6673
Vecsmall([4, 7, 6, 1, 8, 3, 2, 5])


6679
Vecsmall([2, 1, 8, 7, 6, 5, 4, 3])


6689
Vecsmall([1, 2, 3, 4, 5, 6, 7, 8])


6691
Vecsmall([8, 6, 7, 5, 4, 2, 3, 1])


6701
Vecsmall([3, 5, 4, 6, 7, 1, 8, 2])


6703
Vecsmall([7, 4, 5, 2, 3, 8, 1, 6])


6709
Vecsmall([6, 8, 1, 3, 2, 4, 5, 7])


6719
Vecsmall([2, 1, 8, 7, 6, 5, 4, 3])


6733
Vecsmall([3, 5, 4, 6, 7, 1, 8, 2])


6737
Vecsmall([4, 7, 6, 1, 8, 3, 2, 5])


6761
Vecsmall([1, 2, 3, 4, 5, 6, 7, 8])


6763
Vecsmall([8, 6, 7, 5, 4, 2, 3, 1])


6779
Vecsmall([8, 6, 7, 5, 4, 2, 3, 1])


6781
Vecsmall([3, 5, 4, 6, 7, 1, 8, 2])


6791
Vecsmall([7, 4, 5, 2, 3, 8, 1, 6])


6793
Vecsmall([1, 2, 3, 4, 5, 6, 7, 8])


6803
Vecsmall([8, 6, 7, 5, 4, 2, 3, 1])


6823
Vecsmall([7, 4, 5, 2, 3, 8, 1, 6])


6827
Vecsmall([8, 6, 7, 5, 4, 2, 3, 1])


6829
Vecsmall([6, 8, 1, 3, 2, 4, 5, 7])


6833
Vecsmall([4, 7, 6, 1, 8, 3, 2, 5])


6841
Vecsmall([1, 2, 3, 4, 5, 6, 7, 8])


6857
Vecsmall([1, 2, 3, 4, 5, 6, 7, 8])


6863
Vecsmall([2, 1, 8, 7, 6, 5, 4, 3])


6869
Vecsmall([3, 5, 4, 6, 7, 1, 8, 2])


6871
Vecsmall([7, 4, 5, 2, 3, 8, 1, 6])


6883
Vecsmall([8, 6, 7, 5, 4, 2, 3, 1])


6899
Vecsmall([5, 3, 2, 8, 1, 7, 6, 4])


6907
Vecsmall([8, 6, 7, 5, 4, 2, 3, 1])


6911
Vecsmall([7, 4, 5, 2, 3, 8, 1, 6])


6917
Vecsmall([3, 5, 4, 6, 7, 1, 8, 2])


6947
Vecsmall([8, 6, 7, 5, 4, 2, 3, 1])


6949
Vecsmall([3, 5, 4, 6, 7, 1, 8, 2])


6959
Vecsmall([7, 4, 5, 2, 3, 8, 1, 6])


6961
Vecsmall([4, 7, 6, 1, 8, 3, 2, 5])


6967
Vecsmall([2, 1, 8, 7, 6, 5, 4, 3])


6971
Vecsmall([5, 3, 2, 8, 1, 7, 6, 4])


6977
Vecsmall([4, 7, 6, 1, 8, 3, 2, 5])


6983
Vecsmall([2, 1, 8, 7, 6, 5, 4, 3])


6991
Vecsmall([7, 4, 5, 2, 3, 8, 1, 6])


6997
Vecsmall([6, 8, 1, 3, 2, 4, 5, 7])


7001
Vecsmall([4, 7, 6, 1, 8, 3, 2, 5])


7013
Vecsmall([3, 5, 4, 6, 7, 1, 8, 2])


7019
Vecsmall([5, 3, 2, 8, 1, 7, 6, 4])


7027
Vecsmall([8, 6, 7, 5, 4, 2, 3, 1])


7039
Vecsmall([7, 4, 5, 2, 3, 8, 1, 6])


7043
Vecsmall([8, 6, 7, 5, 4, 2, 3, 1])


7057
Vecsmall([4, 7, 6, 1, 8, 3, 2, 5])


7069
Vecsmall([3, 5, 4, 6, 7, 1, 8, 2])


7079
Vecsmall([2, 1, 8, 7, 6, 5, 4, 3])


7103
Vecsmall([2, 1, 8, 7, 6, 5, 4, 3])


7109
Vecsmall([6, 8, 1, 3, 2, 4, 5, 7])


7121
Vecsmall([1, 2, 3, 4, 5, 6, 7, 8])


7127
Vecsmall([7, 4, 5, 2, 3, 8, 1, 6])


7129
Vecsmall([1, 2, 3, 4, 5, 6, 7, 8])


7151
Vecsmall([7, 4, 5, 2, 3, 8, 1, 6])


7159
Vecsmall([2, 1, 8, 7, 6, 5, 4, 3])


7177
Vecsmall([4, 7, 6, 1, 8, 3, 2, 5])


7187
Vecsmall([8, 6, 7, 5, 4, 2, 3, 1])


7193
Vecsmall([4, 7, 6, 1, 8, 3, 2, 5])


7207
Vecsmall([2, 1, 8, 7, 6, 5, 4, 3])


7211
Vecsmall([8, 6, 7, 5, 4, 2, 3, 1])


7213
Vecsmall([6, 8, 1, 3, 2, 4, 5, 7])


7219
Vecsmall([8, 6, 7, 5, 4, 2, 3, 1])


7229
Vecsmall([3, 5, 4, 6, 7, 1, 8, 2])


7237
Vecsmall([3, 5, 4, 6, 7, 1, 8, 2])


7243
Vecsmall([8, 6, 7, 5, 4, 2, 3, 1])


7247
Vecsmall([2, 1, 8, 7, 6, 5, 4, 3])


7253
Vecsmall([6, 8, 1, 3, 2, 4, 5, 7])


7283
Vecsmall([5, 3, 2, 8, 1, 7, 6, 4])


7297
Vecsmall([4, 7, 6, 1, 8, 3, 2, 5])


7307
Vecsmall([8, 6, 7, 5, 4, 2, 3, 1])


7309
Vecsmall([3, 5, 4, 6, 7, 1, 8, 2])


7321
Vecsmall([4, 7, 6, 1, 8, 3, 2, 5])


7331
Vecsmall([8, 6, 7, 5, 4, 2, 3, 1])


7333
Vecsmall([3, 5, 4, 6, 7, 1, 8, 2])


7349
Vecsmall([3, 5, 4, 6, 7, 1, 8, 2])


7351
Vecsmall([7, 4, 5, 2, 3, 8, 1, 6])


7369
Vecsmall([4, 7, 6, 1, 8, 3, 2, 5])


7393
Vecsmall([1, 2, 3, 4, 5, 6, 7, 8])


7411
Vecsmall([5, 3, 2, 8, 1, 7, 6, 4])


7417
Vecsmall([4, 7, 6, 1, 8, 3, 2, 5])


7433
Vecsmall([4, 7, 6, 1, 8, 3, 2, 5])


7451
Vecsmall([5, 3, 2, 8, 1, 7, 6, 4])


7457
Vecsmall([4, 7, 6, 1, 8, 3, 2, 5])


7459
Vecsmall([8, 6, 7, 5, 4, 2, 3, 1])


7477
Vecsmall([6, 8, 1, 3, 2, 4, 5, 7])


7481
Vecsmall([1, 2, 3, 4, 5, 6, 7, 8])


7487
Vecsmall([7, 4, 5, 2, 3, 8, 1, 6])


7489
Vecsmall([1, 2, 3, 4, 5, 6, 7, 8])


7499
Vecsmall([8, 6, 7, 5, 4, 2, 3, 1])


7507
Vecsmall([5, 3, 2, 8, 1, 7, 6, 4])


7517
Vecsmall([6, 8, 1, 3, 2, 4, 5, 7])


7523
Vecsmall([5, 3, 2, 8, 1, 7, 6, 4])


7529
Vecsmall([1, 2, 3, 4, 5, 6, 7, 8])


7537
Vecsmall([4, 7, 6, 1, 8, 3, 2, 5])


7541
Vecsmall([3, 5, 4, 6, 7, 1, 8, 2])


7547
Vecsmall([5, 3, 2, 8, 1, 7, 6, 4])


7549
Vecsmall([3, 5, 4, 6, 7, 1, 8, 2])


7559
Vecsmall([7, 4, 5, 2, 3, 8, 1, 6])


7561
Vecsmall([4, 7, 6, 1, 8, 3, 2, 5])


7573
Vecsmall([6, 8, 1, 3, 2, 4, 5, 7])


7577
Vecsmall([1, 2, 3, 4, 5, 6, 7, 8])


7583
Vecsmall([2, 1, 8, 7, 6, 5, 4, 3])


7589
Vecsmall([3, 5, 4, 6, 7, 1, 8, 2])


7591
Vecsmall([2, 1, 8, 7, 6, 5, 4, 3])


7603
Vecsmall([5, 3, 2, 8, 1, 7, 6, 4])


7607
Vecsmall([7, 4, 5, 2, 3, 8, 1, 6])


7621
Vecsmall([3, 5, 4, 6, 7, 1, 8, 2])


7639
Vecsmall([2, 1, 8, 7, 6, 5, 4, 3])


7643
Vecsmall([8, 6, 7, 5, 4, 2, 3, 1])


7649
Vecsmall([4, 7, 6, 1, 8, 3, 2, 5])


7669
Vecsmall([6, 8, 1, 3, 2, 4, 5, 7])


7673
Vecsmall([4, 7, 6, 1, 8, 3, 2, 5])


7681
Vecsmall([4, 7, 6, 1, 8, 3, 2, 5])


7687
Vecsmall([7, 4, 5, 2, 3, 8, 1, 6])


7691
Vecsmall([8, 6, 7, 5, 4, 2, 3, 1])


7699
Vecsmall([8, 6, 7, 5, 4, 2, 3, 1])


7703
Vecsmall([7, 4, 5, 2, 3, 8, 1, 6])


7717
Vecsmall([6, 8, 1, 3, 2, 4, 5, 7])


7723
Vecsmall([5, 3, 2, 8, 1, 7, 6, 4])


7727
Vecsmall([2, 1, 8, 7, 6, 5, 4, 3])


7741
Vecsmall([6, 8, 1, 3, 2, 4, 5, 7])


7753
Vecsmall([1, 2, 3, 4, 5, 6, 7, 8])


7757
Vecsmall([3, 5, 4, 6, 7, 1, 8, 2])


7759
Vecsmall([7, 4, 5, 2, 3, 8, 1, 6])


7789
Vecsmall([6, 8, 1, 3, 2, 4, 5, 7])


7793
Vecsmall([1, 2, 3, 4, 5, 6, 7, 8])


7817
Vecsmall([1, 2, 3, 4, 5, 6, 7, 8])


7823
Vecsmall([7, 4, 5, 2, 3, 8, 1, 6])


7829
Vecsmall([6, 8, 1, 3, 2, 4, 5, 7])


7841
Vecsmall([1, 2, 3, 4, 5, 6, 7, 8])


7853
Vecsmall([3, 5, 4, 6, 7, 1, 8, 2])


7867
Vecsmall([8, 6, 7, 5, 4, 2, 3, 1])


7873
Vecsmall([4, 7, 6, 1, 8, 3, 2, 5])


7877
Vecsmall([3, 5, 4, 6, 7, 1, 8, 2])


7879
Vecsmall([2, 1, 8, 7, 6, 5, 4, 3])


7883
Vecsmall([8, 6, 7, 5, 4, 2, 3, 1])


7901
Vecsmall([6, 8, 1, 3, 2, 4, 5, 7])


7907
Vecsmall([8, 6, 7, 5, 4, 2, 3, 1])


7919
Vecsmall([7, 4, 5, 2, 3, 8, 1, 6])


7927
Vecsmall([2, 1, 8, 7, 6, 5, 4, 3])


7933
Vecsmall([6, 8, 1, 3, 2, 4, 5, 7])


7937
Vecsmall([4, 7, 6, 1, 8, 3, 2, 5])


7949
Vecsmall([6, 8, 1, 3, 2, 4, 5, 7])


7951
Vecsmall([7, 4, 5, 2, 3, 8, 1, 6])


7963
Vecsmall([5, 3, 2, 8, 1, 7, 6, 4])


7993
Vecsmall([1, 2, 3, 4, 5, 6, 7, 8])


8009
Vecsmall([4, 7, 6, 1, 8, 3, 2, 5])


8011
Vecsmall([5, 3, 2, 8, 1, 7, 6, 4])


8017
Vecsmall([4, 7, 6, 1, 8, 3, 2, 5])


8039
Vecsmall([2, 1, 8, 7, 6, 5, 4, 3])


8053
Vecsmall([3, 5, 4, 6, 7, 1, 8, 2])


8059
Vecsmall([5, 3, 2, 8, 1, 7, 6, 4])


8069
Vecsmall([6, 8, 1, 3, 2, 4, 5, 7])


8081
Vecsmall([1, 2, 3, 4, 5, 6, 7, 8])


8087
Vecsmall([2, 1, 8, 7, 6, 5, 4, 3])


8089
Vecsmall([4, 7, 6, 1, 8, 3, 2, 5])


8093
Vecsmall([6, 8, 1, 3, 2, 4, 5, 7])


8101
Vecsmall([6, 8, 1, 3, 2, 4, 5, 7])


8111
Vecsmall([7, 4, 5, 2, 3, 8, 1, 6])


8117
Vecsmall([3, 5, 4, 6, 7, 1, 8, 2])


8123
Vecsmall([8, 6, 7, 5, 4, 2, 3, 1])


8147
Vecsmall([8, 6, 7, 5, 4, 2, 3, 1])


8161
Vecsmall([1, 2, 3, 4, 5, 6, 7, 8])


8167
Vecsmall([7, 4, 5, 2, 3, 8, 1, 6])


8171
Vecsmall([8, 6, 7, 5, 4, 2, 3, 1])


8179
Vecsmall([5, 3, 2, 8, 1, 7, 6, 4])


8191
Vecsmall([2, 1, 8, 7, 6, 5, 4, 3])


8209
Vecsmall([1, 2, 3, 4, 5, 6, 7, 8])


8219
Vecsmall([8, 6, 7, 5, 4, 2, 3, 1])


8221
Vecsmall([6, 8, 1, 3, 2, 4, 5, 7])


8231
Vecsmall([7, 4, 5, 2, 3, 8, 1, 6])


8233
Vecsmall([1, 2, 3, 4, 5, 6, 7, 8])


8237
Vecsmall([3, 5, 4, 6, 7, 1, 8, 2])


8243
Vecsmall([5, 3, 2, 8, 1, 7, 6, 4])


8263
Vecsmall([2, 1, 8, 7, 6, 5, 4, 3])


8269
Vecsmall([6, 8, 1, 3, 2, 4, 5, 7])


8273
Vecsmall([1, 2, 3, 4, 5, 6, 7, 8])


8287
Vecsmall([7, 4, 5, 2, 3, 8, 1, 6])


8291
Vecsmall([8, 6, 7, 5, 4, 2, 3, 1])


8293
Vecsmall([6, 8, 1, 3, 2, 4, 5, 7])


8297
Vecsmall([4, 7, 6, 1, 8, 3, 2, 5])


8311
Vecsmall([2, 1, 8, 7, 6, 5, 4, 3])


8317
Vecsmall([6, 8, 1, 3, 2, 4, 5, 7])


8329
Vecsmall([4, 7, 6, 1, 8, 3, 2, 5])


8353
Vecsmall([4, 7, 6, 1, 8, 3, 2, 5])


8363
Vecsmall([8, 6, 7, 5, 4, 2, 3, 1])


8369
Vecsmall([1, 2, 3, 4, 5, 6, 7, 8])


8377
Vecsmall([4, 7, 6, 1, 8, 3, 2, 5])


8387
Vecsmall([8, 6, 7, 5, 4, 2, 3, 1])


8389
Vecsmall([6, 8, 1, 3, 2, 4, 5, 7])


8419
Vecsmall([8, 6, 7, 5, 4, 2, 3, 1])


8423
Vecsmall([2, 1, 8, 7, 6, 5, 4, 3])


8429
Vecsmall([3, 5, 4, 6, 7, 1, 8, 2])


8431
Vecsmall([2, 1, 8, 7, 6, 5, 4, 3])


8443
Vecsmall([8, 6, 7, 5, 4, 2, 3, 1])


8447
Vecsmall([2, 1, 8, 7, 6, 5, 4, 3])


8461
Vecsmall([3, 5, 4, 6, 7, 1, 8, 2])


8467
Vecsmall([8, 6, 7, 5, 4, 2, 3, 1])


8501
Vecsmall([6, 8, 1, 3, 2, 4, 5, 7])


8513
Vecsmall([4, 7, 6, 1, 8, 3, 2, 5])


8521
Vecsmall([4, 7, 6, 1, 8, 3, 2, 5])


8527
Vecsmall([7, 4, 5, 2, 3, 8, 1, 6])


8537
Vecsmall([1, 2, 3, 4, 5, 6, 7, 8])


8539
Vecsmall([8, 6, 7, 5, 4, 2, 3, 1])


8543
Vecsmall([7, 4, 5, 2, 3, 8, 1, 6])


8563
Vecsmall([8, 6, 7, 5, 4, 2, 3, 1])


8573
Vecsmall([6, 8, 1, 3, 2, 4, 5, 7])


8581
Vecsmall([3, 5, 4, 6, 7, 1, 8, 2])


8597
Vecsmall([6, 8, 1, 3, 2, 4, 5, 7])


8599
Vecsmall([7, 4, 5, 2, 3, 8, 1, 6])


8609
Vecsmall([1, 2, 3, 4, 5, 6, 7, 8])


8623
Vecsmall([2, 1, 8, 7, 6, 5, 4, 3])


8627
Vecsmall([8, 6, 7, 5, 4, 2, 3, 1])


8629
Vecsmall([3, 5, 4, 6, 7, 1, 8, 2])


8641
Vecsmall([4, 7, 6, 1, 8, 3, 2, 5])


8647
Vecsmall([2, 1, 8, 7, 6, 5, 4, 3])


8663
Vecsmall([2, 1, 8, 7, 6, 5, 4, 3])


8669
Vecsmall([6, 8, 1, 3, 2, 4, 5, 7])


8677
Vecsmall([3, 5, 4, 6, 7, 1, 8, 2])


8681
Vecsmall([4, 7, 6, 1, 8, 3, 2, 5])


8689
Vecsmall([4, 7, 6, 1, 8, 3, 2, 5])


8693
Vecsmall([6, 8, 1, 3, 2, 4, 5, 7])


8699
Vecsmall([5, 3, 2, 8, 1, 7, 6, 4])


8707
Vecsmall([8, 6, 7, 5, 4, 2, 3, 1])


8713
Vecsmall([1, 2, 3, 4, 5, 6, 7, 8])


8719
Vecsmall([2, 1, 8, 7, 6, 5, 4, 3])


8731
Vecsmall([8, 6, 7, 5, 4, 2, 3, 1])


8737
Vecsmall([4, 7, 6, 1, 8, 3, 2, 5])


8741
Vecsmall([6, 8, 1, 3, 2, 4, 5, 7])


8747
Vecsmall([5, 3, 2, 8, 1, 7, 6, 4])


8753
Vecsmall([4, 7, 6, 1, 8, 3, 2, 5])


8761
Vecsmall([1, 2, 3, 4, 5, 6, 7, 8])


8779
Vecsmall([5, 3, 2, 8, 1, 7, 6, 4])


8783
Vecsmall([2, 1, 8, 7, 6, 5, 4, 3])


8803
Vecsmall([8, 6, 7, 5, 4, 2, 3, 1])


8807
Vecsmall([2, 1, 8, 7, 6, 5, 4, 3])


8819
Vecsmall([8, 6, 7, 5, 4, 2, 3, 1])


8821
Vecsmall([6, 8, 1, 3, 2, 4, 5, 7])


8831
Vecsmall([2, 1, 8, 7, 6, 5, 4, 3])


8837
Vecsmall([3, 5, 4, 6, 7, 1, 8, 2])


8839
Vecsmall([2, 1, 8, 7, 6, 5, 4, 3])


8849
Vecsmall([4, 7, 6, 1, 8, 3, 2, 5])


8861
Vecsmall([3, 5, 4, 6, 7, 1, 8, 2])


8863
Vecsmall([2, 1, 8, 7, 6, 5, 4, 3])


8867
Vecsmall([8, 6, 7, 5, 4, 2, 3, 1])


8887
Vecsmall([2, 1, 8, 7, 6, 5, 4, 3])


8893
Vecsmall([3, 5, 4, 6, 7, 1, 8, 2])


8923
Vecsmall([8, 6, 7, 5, 4, 2, 3, 1])


8929
Vecsmall([4, 7, 6, 1, 8, 3, 2, 5])


8933
Vecsmall([3, 5, 4, 6, 7, 1, 8, 2])


8941
Vecsmall([6, 8, 1, 3, 2, 4, 5, 7])


8951
Vecsmall([2, 1, 8, 7, 6, 5, 4, 3])


8963
Vecsmall([8, 6, 7, 5, 4, 2, 3, 1])


8969
Vecsmall([1, 2, 3, 4, 5, 6, 7, 8])


8971
Vecsmall([5, 3, 2, 8, 1, 7, 6, 4])


8999
Vecsmall([7, 4, 5, 2, 3, 8, 1, 6])


9001
Vecsmall([1, 2, 3, 4, 5, 6, 7, 8])


9007
Vecsmall([2, 1, 8, 7, 6, 5, 4, 3])


9011
Vecsmall([5, 3, 2, 8, 1, 7, 6, 4])


9013
Vecsmall([6, 8, 1, 3, 2, 4, 5, 7])


9029
Vecsmall([6, 8, 1, 3, 2, 4, 5, 7])


9041
Vecsmall([4, 7, 6, 1, 8, 3, 2, 5])


9043
Vecsmall([5, 3, 2, 8, 1, 7, 6, 4])


9049
Vecsmall([4, 7, 6, 1, 8, 3, 2, 5])


9059
Vecsmall([8, 6, 7, 5, 4, 2, 3, 1])


9067
Vecsmall([8, 6, 7, 5, 4, 2, 3, 1])


9091
Vecsmall([8, 6, 7, 5, 4, 2, 3, 1])


9103
Vecsmall([2, 1, 8, 7, 6, 5, 4, 3])


9109
Vecsmall([3, 5, 4, 6, 7, 1, 8, 2])


9127
Vecsmall([7, 4, 5, 2, 3, 8, 1, 6])


9133
Vecsmall([6, 8, 1, 3, 2, 4, 5, 7])


9137
Vecsmall([1, 2, 3, 4, 5, 6, 7, 8])


9151
Vecsmall([2, 1, 8, 7, 6, 5, 4, 3])


9157
Vecsmall([6, 8, 1, 3, 2, 4, 5, 7])


9161
Vecsmall([4, 7, 6, 1, 8, 3, 2, 5])


9173
Vecsmall([6, 8, 1, 3, 2, 4, 5, 7])


9181
Vecsmall([6, 8, 1, 3, 2, 4, 5, 7])


9187
Vecsmall([5, 3, 2, 8, 1, 7, 6, 4])


9199
Vecsmall([7, 4, 5, 2, 3, 8, 1, 6])


9203
Vecsmall([8, 6, 7, 5, 4, 2, 3, 1])


9209
Vecsmall([1, 2, 3, 4, 5, 6, 7, 8])


9221
Vecsmall([6, 8, 1, 3, 2, 4, 5, 7])


9227
Vecsmall([8, 6, 7, 5, 4, 2, 3, 1])


9239
Vecsmall([7, 4, 5, 2, 3, 8, 1, 6])


9241
Vecsmall([1, 2, 3, 4, 5, 6, 7, 8])


9257
Vecsmall([4, 7, 6, 1, 8, 3, 2, 5])


9277
Vecsmall([3, 5, 4, 6, 7, 1, 8, 2])


9281
Vecsmall([1, 2, 3, 4, 5, 6, 7, 8])


9283
Vecsmall([8, 6, 7, 5, 4, 2, 3, 1])


9293
Vecsmall([3, 5, 4, 6, 7, 1, 8, 2])


9311
Vecsmall([7, 4, 5, 2, 3, 8, 1, 6])


9319
Vecsmall([7, 4, 5, 2, 3, 8, 1, 6])


9323
Vecsmall([8, 6, 7, 5, 4, 2, 3, 1])


9337
Vecsmall([1, 2, 3, 4, 5, 6, 7, 8])


9341
Vecsmall([6, 8, 1, 3, 2, 4, 5, 7])


9343
Vecsmall([7, 4, 5, 2, 3, 8, 1, 6])


9349
Vecsmall([3, 5, 4, 6, 7, 1, 8, 2])


9371
Vecsmall([8, 6, 7, 5, 4, 2, 3, 1])


9377
Vecsmall([1, 2, 3, 4, 5, 6, 7, 8])


9391
Vecsmall([7, 4, 5, 2, 3, 8, 1, 6])


9397
Vecsmall([6, 8, 1, 3, 2, 4, 5, 7])


9403
Vecsmall([8, 6, 7, 5, 4, 2, 3, 1])


9413
Vecsmall([3, 5, 4, 6, 7, 1, 8, 2])


9419
Vecsmall([8, 6, 7, 5, 4, 2, 3, 1])


9421
Vecsmall([6, 8, 1, 3, 2, 4, 5, 7])


9431
Vecsmall([7, 4, 5, 2, 3, 8, 1, 6])


9433
Vecsmall([4, 7, 6, 1, 8, 3, 2, 5])


9437
Vecsmall([3, 5, 4, 6, 7, 1, 8, 2])


9439
Vecsmall([7, 4, 5, 2, 3, 8, 1, 6])


9461
Vecsmall([6, 8, 1, 3, 2, 4, 5, 7])


9463
Vecsmall([7, 4, 5, 2, 3, 8, 1, 6])


9467
Vecsmall([5, 3, 2, 8, 1, 7, 6, 4])


9473
Vecsmall([1, 2, 3, 4, 5, 6, 7, 8])


9479
Vecsmall([7, 4, 5, 2, 3, 8, 1, 6])


9491
Vecsmall([8, 6, 7, 5, 4, 2, 3, 1])


9497
Vecsmall([4, 7, 6, 1, 8, 3, 2, 5])


9511
Vecsmall([7, 4, 5, 2, 3, 8, 1, 6])


9521
Vecsmall([1, 2, 3, 4, 5, 6, 7, 8])


9533
Vecsmall([3, 5, 4, 6, 7, 1, 8, 2])


9539
Vecsmall([8, 6, 7, 5, 4, 2, 3, 1])


9547
Vecsmall([8, 6, 7, 5, 4, 2, 3, 1])


9551
Vecsmall([7, 4, 5, 2, 3, 8, 1, 6])


9587
Vecsmall([8, 6, 7, 5, 4, 2, 3, 1])


9601
Vecsmall([1, 2, 3, 4, 5, 6, 7, 8])


9613
Vecsmall([6, 8, 1, 3, 2, 4, 5, 7])


9619
Vecsmall([5, 3, 2, 8, 1, 7, 6, 4])


9623
Vecsmall([7, 4, 5, 2, 3, 8, 1, 6])


9629
Vecsmall([6, 8, 1, 3, 2, 4, 5, 7])


9631
Vecsmall([2, 1, 8, 7, 6, 5, 4, 3])


9643
Vecsmall([5, 3, 2, 8, 1, 7, 6, 4])


9649
Vecsmall([1, 2, 3, 4, 5, 6, 7, 8])


9661
Vecsmall([6, 8, 1, 3, 2, 4, 5, 7])


9677
Vecsmall([3, 5, 4, 6, 7, 1, 8, 2])


9679
Vecsmall([2, 1, 8, 7, 6, 5, 4, 3])


9689
Vecsmall([4, 7, 6, 1, 8, 3, 2, 5])


9697
Vecsmall([1, 2, 3, 4, 5, 6, 7, 8])


9719
Vecsmall([2, 1, 8, 7, 6, 5, 4, 3])


9721
Vecsmall([1, 2, 3, 4, 5, 6, 7, 8])


9733
Vecsmall([6, 8, 1, 3, 2, 4, 5, 7])


9739
Vecsmall([8, 6, 7, 5, 4, 2, 3, 1])


9743
Vecsmall([2, 1, 8, 7, 6, 5, 4, 3])


9749
Vecsmall([3, 5, 4, 6, 7, 1, 8, 2])


9767
Vecsmall([2, 1, 8, 7, 6, 5, 4, 3])


9769
Vecsmall([1, 2, 3, 4, 5, 6, 7, 8])


9781
Vecsmall([6, 8, 1, 3, 2, 4, 5, 7])


9787
Vecsmall([5, 3, 2, 8, 1, 7, 6, 4])


9791
Vecsmall([2, 1, 8, 7, 6, 5, 4, 3])


9803
Vecsmall([8, 6, 7, 5, 4, 2, 3, 1])


9811
Vecsmall([8, 6, 7, 5, 4, 2, 3, 1])


9817
Vecsmall([4, 7, 6, 1, 8, 3, 2, 5])


9829
Vecsmall([6, 8, 1, 3, 2, 4, 5, 7])


9833
Vecsmall([4, 7, 6, 1, 8, 3, 2, 5])


9839
Vecsmall([2, 1, 8, 7, 6, 5, 4, 3])


9851
Vecsmall([8, 6, 7, 5, 4, 2, 3, 1])


9857
Vecsmall([4, 7, 6, 1, 8, 3, 2, 5])


9859
Vecsmall([8, 6, 7, 5, 4, 2, 3, 1])


9871
Vecsmall([7, 4, 5, 2, 3, 8, 1, 6])


9883
Vecsmall([5, 3, 2, 8, 1, 7, 6, 4])


9887
Vecsmall([2, 1, 8, 7, 6, 5, 4, 3])


9901
Vecsmall([6, 8, 1, 3, 2, 4, 5, 7])


9907
Vecsmall([5, 3, 2, 8, 1, 7, 6, 4])


9923
Vecsmall([8, 6, 7, 5, 4, 2, 3, 1])


9929
Vecsmall([4, 7, 6, 1, 8, 3, 2, 5])


9931
Vecsmall([8, 6, 7, 5, 4, 2, 3, 1])


9941
Vecsmall([6, 8, 1, 3, 2, 4, 5, 7])


9949
Vecsmall([3, 5, 4, 6, 7, 1, 8, 2])


9967
Vecsmall([7, 4, 5, 2, 3, 8, 1, 6])


9973
Vecsmall([6, 8, 1, 3, 2, 4, 5, 7])
