Galois conjug classes
[[Vecsmall([1, 2, 3, 4, 5, 6, 7, 8])], [Vecsmall([2, 3, 4, 1, 6, 7, 8, 5])], [Vecsmall([3, 4, 1, 2, 7, 8, 5, 6])], [Vecsmall([4, 1, 2, 3, 8, 5, 6, 7])], [Vecsmall([5, 6, 7, 8, 1, 2, 3, 4])], [Vecsmall([6, 7, 8, 5, 2, 3, 4, 1])], [Vecsmall([7, 8, 5, 6, 3, 4, 1, 2])], [Vecsmall([8, 5, 6, 7, 4, 1, 2, 3])]]


3
Vecsmall([8, 5, 6, 7, 4, 1, 2, 3])


5
Vecsmall([2, 3, 4, 1, 6, 7, 8, 5])


7
Vecsmall([7, 8, 5, 6, 3, 4, 1, 2])


11
Vecsmall([6, 7, 8, 5, 2, 3, 4, 1])


13
Vecsmall([4, 1, 2, 3, 8, 5, 6, 7])


17
Vecsmall([1, 2, 3, 4, 5, 6, 7, 8])


19
Vecsmall([8, 5, 6, 7, 4, 1, 2, 3])


23
Vecsmall([7, 8, 5, 6, 3, 4, 1, 2])


29
Vecsmall([4, 1, 2, 3, 8, 5, 6, 7])


31
Vecsmall([5, 6, 7, 8, 1, 2, 3, 4])


37
Vecsmall([2, 3, 4, 1, 6, 7, 8, 5])


41
Vecsmall([3, 4, 1, 2, 7, 8, 5, 6])


43
Vecsmall([6, 7, 8, 5, 2, 3, 4, 1])


47
Vecsmall([5, 6, 7, 8, 1, 2, 3, 4])


53
Vecsmall([2, 3, 4, 1, 6, 7, 8, 5])


59
Vecsmall([6, 7, 8, 5, 2, 3, 4, 1])


61
Vecsmall([4, 1, 2, 3, 8, 5, 6, 7])


67
Vecsmall([8, 5, 6, 7, 4, 1, 2, 3])


71
Vecsmall([7, 8, 5, 6, 3, 4, 1, 2])


73
Vecsmall([3, 4, 1, 2, 7, 8, 5, 6])


79
Vecsmall([5, 6, 7, 8, 1, 2, 3, 4])


83
Vecsmall([8, 5, 6, 7, 4, 1, 2, 3])


89
Vecsmall([3, 4, 1, 2, 7, 8, 5, 6])


97
Vecsmall([1, 2, 3, 4, 5, 6, 7, 8])


101
Vecsmall([2, 3, 4, 1, 6, 7, 8, 5])


103
Vecsmall([7, 8, 5, 6, 3, 4, 1, 2])


107
Vecsmall([6, 7, 8, 5, 2, 3, 4, 1])


109
Vecsmall([4, 1, 2, 3, 8, 5, 6, 7])


113
Vecsmall([1, 2, 3, 4, 5, 6, 7, 8])


127
Vecsmall([5, 6, 7, 8, 1, 2, 3, 4])


131
Vecsmall([8, 5, 6, 7, 4, 1, 2, 3])


137
Vecsmall([3, 4, 1, 2, 7, 8, 5, 6])


139
Vecsmall([6, 7, 8, 5, 2, 3, 4, 1])


149
Vecsmall([2, 3, 4, 1, 6, 7, 8, 5])


151
Vecsmall([7, 8, 5, 6, 3, 4, 1, 2])


157
Vecsmall([4, 1, 2, 3, 8, 5, 6, 7])


163
Vecsmall([8, 5, 6, 7, 4, 1, 2, 3])


167
Vecsmall([7, 8, 5, 6, 3, 4, 1, 2])


173
Vecsmall([4, 1, 2, 3, 8, 5, 6, 7])


179
Vecsmall([8, 5, 6, 7, 4, 1, 2, 3])


181
Vecsmall([2, 3, 4, 1, 6, 7, 8, 5])


191
Vecsmall([5, 6, 7, 8, 1, 2, 3, 4])


193
Vecsmall([1, 2, 3, 4, 5, 6, 7, 8])


197
Vecsmall([2, 3, 4, 1, 6, 7, 8, 5])


199
Vecsmall([7, 8, 5, 6, 3, 4, 1, 2])


211
Vecsmall([8, 5, 6, 7, 4, 1, 2, 3])


223
Vecsmall([5, 6, 7, 8, 1, 2, 3, 4])


227
Vecsmall([8, 5, 6, 7, 4, 1, 2, 3])


229
Vecsmall([2, 3, 4, 1, 6, 7, 8, 5])


233
Vecsmall([3, 4, 1, 2, 7, 8, 5, 6])


239
Vecsmall([5, 6, 7, 8, 1, 2, 3, 4])


241
Vecsmall([1, 2, 3, 4, 5, 6, 7, 8])


251
Vecsmall([6, 7, 8, 5, 2, 3, 4, 1])


257
Vecsmall([1, 2, 3, 4, 5, 6, 7, 8])


263
Vecsmall([7, 8, 5, 6, 3, 4, 1, 2])


269
Vecsmall([4, 1, 2, 3, 8, 5, 6, 7])


271
Vecsmall([5, 6, 7, 8, 1, 2, 3, 4])


277
Vecsmall([2, 3, 4, 1, 6, 7, 8, 5])


281
Vecsmall([3, 4, 1, 2, 7, 8, 5, 6])


283
Vecsmall([6, 7, 8, 5, 2, 3, 4, 1])


293
Vecsmall([2, 3, 4, 1, 6, 7, 8, 5])


307
Vecsmall([8, 5, 6, 7, 4, 1, 2, 3])


311
Vecsmall([7, 8, 5, 6, 3, 4, 1, 2])


313
Vecsmall([3, 4, 1, 2, 7, 8, 5, 6])


317
Vecsmall([4, 1, 2, 3, 8, 5, 6, 7])


331
Vecsmall([6, 7, 8, 5, 2, 3, 4, 1])


337
Vecsmall([1, 2, 3, 4, 5, 6, 7, 8])


347
Vecsmall([6, 7, 8, 5, 2, 3, 4, 1])


349
Vecsmall([4, 1, 2, 3, 8, 5, 6, 7])


353
Vecsmall([1, 2, 3, 4, 5, 6, 7, 8])


359
Vecsmall([7, 8, 5, 6, 3, 4, 1, 2])


367
Vecsmall([5, 6, 7, 8, 1, 2, 3, 4])


373
Vecsmall([2, 3, 4, 1, 6, 7, 8, 5])


379
Vecsmall([6, 7, 8, 5, 2, 3, 4, 1])


383
Vecsmall([5, 6, 7, 8, 1, 2, 3, 4])


389
Vecsmall([2, 3, 4, 1, 6, 7, 8, 5])


397
Vecsmall([4, 1, 2, 3, 8, 5, 6, 7])


401
Vecsmall([1, 2, 3, 4, 5, 6, 7, 8])


409
Vecsmall([3, 4, 1, 2, 7, 8, 5, 6])


419
Vecsmall([8, 5, 6, 7, 4, 1, 2, 3])


421
Vecsmall([2, 3, 4, 1, 6, 7, 8, 5])


431
Vecsmall([5, 6, 7, 8, 1, 2, 3, 4])


433
Vecsmall([1, 2, 3, 4, 5, 6, 7, 8])


439
Vecsmall([7, 8, 5, 6, 3, 4, 1, 2])


443
Vecsmall([6, 7, 8, 5, 2, 3, 4, 1])


449
Vecsmall([1, 2, 3, 4, 5, 6, 7, 8])


457
Vecsmall([3, 4, 1, 2, 7, 8, 5, 6])


461
Vecsmall([4, 1, 2, 3, 8, 5, 6, 7])


463
Vecsmall([5, 6, 7, 8, 1, 2, 3, 4])


467
Vecsmall([8, 5, 6, 7, 4, 1, 2, 3])


479
Vecsmall([5, 6, 7, 8, 1, 2, 3, 4])


487
Vecsmall([7, 8, 5, 6, 3, 4, 1, 2])


491
Vecsmall([6, 7, 8, 5, 2, 3, 4, 1])


499
Vecsmall([8, 5, 6, 7, 4, 1, 2, 3])


503
Vecsmall([7, 8, 5, 6, 3, 4, 1, 2])


509
Vecsmall([4, 1, 2, 3, 8, 5, 6, 7])


521
Vecsmall([3, 4, 1, 2, 7, 8, 5, 6])


523
Vecsmall([6, 7, 8, 5, 2, 3, 4, 1])


541
Vecsmall([4, 1, 2, 3, 8, 5, 6, 7])


547
Vecsmall([8, 5, 6, 7, 4, 1, 2, 3])


557
Vecsmall([4, 1, 2, 3, 8, 5, 6, 7])


563
Vecsmall([8, 5, 6, 7, 4, 1, 2, 3])


569
Vecsmall([3, 4, 1, 2, 7, 8, 5, 6])


571
Vecsmall([6, 7, 8, 5, 2, 3, 4, 1])


577
Vecsmall([1, 2, 3, 4, 5, 6, 7, 8])


587
Vecsmall([6, 7, 8, 5, 2, 3, 4, 1])


593
Vecsmall([1, 2, 3, 4, 5, 6, 7, 8])


599
Vecsmall([7, 8, 5, 6, 3, 4, 1, 2])


601
Vecsmall([3, 4, 1, 2, 7, 8, 5, 6])


607
Vecsmall([5, 6, 7, 8, 1, 2, 3, 4])


613
Vecsmall([2, 3, 4, 1, 6, 7, 8, 5])


617
Vecsmall([3, 4, 1, 2, 7, 8, 5, 6])


619
Vecsmall([6, 7, 8, 5, 2, 3, 4, 1])


631
Vecsmall([7, 8, 5, 6, 3, 4, 1, 2])


641
Vecsmall([1, 2, 3, 4, 5, 6, 7, 8])


643
Vecsmall([8, 5, 6, 7, 4, 1, 2, 3])


647
Vecsmall([7, 8, 5, 6, 3, 4, 1, 2])


653
Vecsmall([4, 1, 2, 3, 8, 5, 6, 7])


659
Vecsmall([8, 5, 6, 7, 4, 1, 2, 3])


661
Vecsmall([2, 3, 4, 1, 6, 7, 8, 5])


673
Vecsmall([1, 2, 3, 4, 5, 6, 7, 8])


677
Vecsmall([2, 3, 4, 1, 6, 7, 8, 5])


683
Vecsmall([6, 7, 8, 5, 2, 3, 4, 1])


691
Vecsmall([8, 5, 6, 7, 4, 1, 2, 3])


701
Vecsmall([4, 1, 2, 3, 8, 5, 6, 7])


709
Vecsmall([2, 3, 4, 1, 6, 7, 8, 5])


719
Vecsmall([5, 6, 7, 8, 1, 2, 3, 4])


727
Vecsmall([7, 8, 5, 6, 3, 4, 1, 2])


733
Vecsmall([4, 1, 2, 3, 8, 5, 6, 7])


739
Vecsmall([8, 5, 6, 7, 4, 1, 2, 3])


743
Vecsmall([7, 8, 5, 6, 3, 4, 1, 2])


751
Vecsmall([5, 6, 7, 8, 1, 2, 3, 4])


757
Vecsmall([2, 3, 4, 1, 6, 7, 8, 5])


761
Vecsmall([3, 4, 1, 2, 7, 8, 5, 6])


769
Vecsmall([1, 2, 3, 4, 5, 6, 7, 8])


773
Vecsmall([2, 3, 4, 1, 6, 7, 8, 5])


787
Vecsmall([8, 5, 6, 7, 4, 1, 2, 3])


797
Vecsmall([4, 1, 2, 3, 8, 5, 6, 7])


809
Vecsmall([3, 4, 1, 2, 7, 8, 5, 6])


811
Vecsmall([6, 7, 8, 5, 2, 3, 4, 1])


821
Vecsmall([2, 3, 4, 1, 6, 7, 8, 5])


823
Vecsmall([7, 8, 5, 6, 3, 4, 1, 2])


827
Vecsmall([6, 7, 8, 5, 2, 3, 4, 1])


829
Vecsmall([4, 1, 2, 3, 8, 5, 6, 7])


839
Vecsmall([7, 8, 5, 6, 3, 4, 1, 2])


853
Vecsmall([2, 3, 4, 1, 6, 7, 8, 5])


857
Vecsmall([3, 4, 1, 2, 7, 8, 5, 6])


859
Vecsmall([6, 7, 8, 5, 2, 3, 4, 1])


863
Vecsmall([5, 6, 7, 8, 1, 2, 3, 4])


877
Vecsmall([4, 1, 2, 3, 8, 5, 6, 7])


881
Vecsmall([1, 2, 3, 4, 5, 6, 7, 8])


883
Vecsmall([8, 5, 6, 7, 4, 1, 2, 3])


887
Vecsmall([7, 8, 5, 6, 3, 4, 1, 2])


907
Vecsmall([6, 7, 8, 5, 2, 3, 4, 1])


911
Vecsmall([5, 6, 7, 8, 1, 2, 3, 4])


919
Vecsmall([7, 8, 5, 6, 3, 4, 1, 2])


929
Vecsmall([1, 2, 3, 4, 5, 6, 7, 8])


937
Vecsmall([3, 4, 1, 2, 7, 8, 5, 6])


941
Vecsmall([4, 1, 2, 3, 8, 5, 6, 7])


947
Vecsmall([8, 5, 6, 7, 4, 1, 2, 3])


953
Vecsmall([3, 4, 1, 2, 7, 8, 5, 6])


967
Vecsmall([7, 8, 5, 6, 3, 4, 1, 2])


971
Vecsmall([6, 7, 8, 5, 2, 3, 4, 1])


977
Vecsmall([1, 2, 3, 4, 5, 6, 7, 8])


983
Vecsmall([7, 8, 5, 6, 3, 4, 1, 2])


991
Vecsmall([5, 6, 7, 8, 1, 2, 3, 4])


997
Vecsmall([2, 3, 4, 1, 6, 7, 8, 5])


1009
Vecsmall([1, 2, 3, 4, 5, 6, 7, 8])


1013
Vecsmall([2, 3, 4, 1, 6, 7, 8, 5])


1019
Vecsmall([6, 7, 8, 5, 2, 3, 4, 1])


1021
Vecsmall([4, 1, 2, 3, 8, 5, 6, 7])


1031
Vecsmall([7, 8, 5, 6, 3, 4, 1, 2])


1033
Vecsmall([3, 4, 1, 2, 7, 8, 5, 6])


1039
Vecsmall([5, 6, 7, 8, 1, 2, 3, 4])


1049
Vecsmall([3, 4, 1, 2, 7, 8, 5, 6])


1051
Vecsmall([6, 7, 8, 5, 2, 3, 4, 1])


1061
Vecsmall([2, 3, 4, 1, 6, 7, 8, 5])


1063
Vecsmall([7, 8, 5, 6, 3, 4, 1, 2])


1069
Vecsmall([4, 1, 2, 3, 8, 5, 6, 7])


1087
Vecsmall([5, 6, 7, 8, 1, 2, 3, 4])


1091
Vecsmall([8, 5, 6, 7, 4, 1, 2, 3])


1093
Vecsmall([2, 3, 4, 1, 6, 7, 8, 5])


1097
Vecsmall([3, 4, 1, 2, 7, 8, 5, 6])


1103
Vecsmall([5, 6, 7, 8, 1, 2, 3, 4])


1109
Vecsmall([2, 3, 4, 1, 6, 7, 8, 5])


1117
Vecsmall([4, 1, 2, 3, 8, 5, 6, 7])


1123
Vecsmall([8, 5, 6, 7, 4, 1, 2, 3])


1129
Vecsmall([3, 4, 1, 2, 7, 8, 5, 6])


1151
Vecsmall([5, 6, 7, 8, 1, 2, 3, 4])


1153
Vecsmall([1, 2, 3, 4, 5, 6, 7, 8])


1163
Vecsmall([6, 7, 8, 5, 2, 3, 4, 1])


1171
Vecsmall([8, 5, 6, 7, 4, 1, 2, 3])


1181
Vecsmall([4, 1, 2, 3, 8, 5, 6, 7])


1187
Vecsmall([8, 5, 6, 7, 4, 1, 2, 3])


1193
Vecsmall([3, 4, 1, 2, 7, 8, 5, 6])


1201
Vecsmall([1, 2, 3, 4, 5, 6, 7, 8])


1213
Vecsmall([4, 1, 2, 3, 8, 5, 6, 7])


1217
Vecsmall([1, 2, 3, 4, 5, 6, 7, 8])


1223
Vecsmall([7, 8, 5, 6, 3, 4, 1, 2])


1229
Vecsmall([4, 1, 2, 3, 8, 5, 6, 7])


1231
Vecsmall([5, 6, 7, 8, 1, 2, 3, 4])


1237
Vecsmall([2, 3, 4, 1, 6, 7, 8, 5])


1249
Vecsmall([1, 2, 3, 4, 5, 6, 7, 8])


1259
Vecsmall([6, 7, 8, 5, 2, 3, 4, 1])


1277
Vecsmall([4, 1, 2, 3, 8, 5, 6, 7])


1279
Vecsmall([5, 6, 7, 8, 1, 2, 3, 4])


1283
Vecsmall([8, 5, 6, 7, 4, 1, 2, 3])


1289
Vecsmall([3, 4, 1, 2, 7, 8, 5, 6])


1291
Vecsmall([6, 7, 8, 5, 2, 3, 4, 1])


1297
Vecsmall([1, 2, 3, 4, 5, 6, 7, 8])


1301
Vecsmall([2, 3, 4, 1, 6, 7, 8, 5])


1303
Vecsmall([7, 8, 5, 6, 3, 4, 1, 2])


1307
Vecsmall([6, 7, 8, 5, 2, 3, 4, 1])


1319
Vecsmall([7, 8, 5, 6, 3, 4, 1, 2])


1321
Vecsmall([3, 4, 1, 2, 7, 8, 5, 6])


1327
Vecsmall([5, 6, 7, 8, 1, 2, 3, 4])


1361
Vecsmall([1, 2, 3, 4, 5, 6, 7, 8])


1367
Vecsmall([7, 8, 5, 6, 3, 4, 1, 2])


1373
Vecsmall([4, 1, 2, 3, 8, 5, 6, 7])


1381
Vecsmall([2, 3, 4, 1, 6, 7, 8, 5])


1399
Vecsmall([7, 8, 5, 6, 3, 4, 1, 2])


1409
Vecsmall([1, 2, 3, 4, 5, 6, 7, 8])


1423
Vecsmall([5, 6, 7, 8, 1, 2, 3, 4])


1427
Vecsmall([8, 5, 6, 7, 4, 1, 2, 3])


1429
Vecsmall([2, 3, 4, 1, 6, 7, 8, 5])


1433
Vecsmall([3, 4, 1, 2, 7, 8, 5, 6])


1439
Vecsmall([5, 6, 7, 8, 1, 2, 3, 4])


1447
Vecsmall([7, 8, 5, 6, 3, 4, 1, 2])


1451
Vecsmall([6, 7, 8, 5, 2, 3, 4, 1])


1453
Vecsmall([4, 1, 2, 3, 8, 5, 6, 7])


1459
Vecsmall([8, 5, 6, 7, 4, 1, 2, 3])


1471
Vecsmall([5, 6, 7, 8, 1, 2, 3, 4])


1481
Vecsmall([3, 4, 1, 2, 7, 8, 5, 6])


1483
Vecsmall([6, 7, 8, 5, 2, 3, 4, 1])


1487
Vecsmall([5, 6, 7, 8, 1, 2, 3, 4])


1489
Vecsmall([1, 2, 3, 4, 5, 6, 7, 8])


1493
Vecsmall([2, 3, 4, 1, 6, 7, 8, 5])


1499
Vecsmall([6, 7, 8, 5, 2, 3, 4, 1])


1511
Vecsmall([7, 8, 5, 6, 3, 4, 1, 2])


1523
Vecsmall([8, 5, 6, 7, 4, 1, 2, 3])


1531
Vecsmall([6, 7, 8, 5, 2, 3, 4, 1])


1543
Vecsmall([7, 8, 5, 6, 3, 4, 1, 2])


1549
Vecsmall([4, 1, 2, 3, 8, 5, 6, 7])


1553
Vecsmall([1, 2, 3, 4, 5, 6, 7, 8])


1559
Vecsmall([7, 8, 5, 6, 3, 4, 1, 2])


1567
Vecsmall([5, 6, 7, 8, 1, 2, 3, 4])


1571
Vecsmall([8, 5, 6, 7, 4, 1, 2, 3])


1579
Vecsmall([6, 7, 8, 5, 2, 3, 4, 1])


1583
Vecsmall([5, 6, 7, 8, 1, 2, 3, 4])


1597
Vecsmall([4, 1, 2, 3, 8, 5, 6, 7])


1601
Vecsmall([1, 2, 3, 4, 5, 6, 7, 8])


1607
Vecsmall([7, 8, 5, 6, 3, 4, 1, 2])


1609
Vecsmall([3, 4, 1, 2, 7, 8, 5, 6])


1613
Vecsmall([4, 1, 2, 3, 8, 5, 6, 7])


1619
Vecsmall([8, 5, 6, 7, 4, 1, 2, 3])


1621
Vecsmall([2, 3, 4, 1, 6, 7, 8, 5])


1627
Vecsmall([6, 7, 8, 5, 2, 3, 4, 1])


1637
Vecsmall([2, 3, 4, 1, 6, 7, 8, 5])


1657
Vecsmall([3, 4, 1, 2, 7, 8, 5, 6])


1663
Vecsmall([5, 6, 7, 8, 1, 2, 3, 4])


1667
Vecsmall([8, 5, 6, 7, 4, 1, 2, 3])


1669
Vecsmall([2, 3, 4, 1, 6, 7, 8, 5])


1693
Vecsmall([4, 1, 2, 3, 8, 5, 6, 7])


1697
Vecsmall([1, 2, 3, 4, 5, 6, 7, 8])


1699
Vecsmall([8, 5, 6, 7, 4, 1, 2, 3])


1709
Vecsmall([4, 1, 2, 3, 8, 5, 6, 7])


1721
Vecsmall([3, 4, 1, 2, 7, 8, 5, 6])


1723
Vecsmall([6, 7, 8, 5, 2, 3, 4, 1])


1733
Vecsmall([2, 3, 4, 1, 6, 7, 8, 5])


1741
Vecsmall([4, 1, 2, 3, 8, 5, 6, 7])


1747
Vecsmall([8, 5, 6, 7, 4, 1, 2, 3])


1753
Vecsmall([3, 4, 1, 2, 7, 8, 5, 6])


1759
Vecsmall([5, 6, 7, 8, 1, 2, 3, 4])


1777
Vecsmall([1, 2, 3, 4, 5, 6, 7, 8])


1783
Vecsmall([7, 8, 5, 6, 3, 4, 1, 2])


1787
Vecsmall([6, 7, 8, 5, 2, 3, 4, 1])


1789
Vecsmall([4, 1, 2, 3, 8, 5, 6, 7])


1801
Vecsmall([3, 4, 1, 2, 7, 8, 5, 6])


1811
Vecsmall([8, 5, 6, 7, 4, 1, 2, 3])


1823
Vecsmall([5, 6, 7, 8, 1, 2, 3, 4])


1831
Vecsmall([7, 8, 5, 6, 3, 4, 1, 2])


1847
Vecsmall([7, 8, 5, 6, 3, 4, 1, 2])


1861
Vecsmall([2, 3, 4, 1, 6, 7, 8, 5])


1867
Vecsmall([6, 7, 8, 5, 2, 3, 4, 1])


1871
Vecsmall([5, 6, 7, 8, 1, 2, 3, 4])


1873
Vecsmall([1, 2, 3, 4, 5, 6, 7, 8])


1877
Vecsmall([2, 3, 4, 1, 6, 7, 8, 5])


1879
Vecsmall([7, 8, 5, 6, 3, 4, 1, 2])


1889
Vecsmall([1, 2, 3, 4, 5, 6, 7, 8])


1901
Vecsmall([4, 1, 2, 3, 8, 5, 6, 7])


1907
Vecsmall([8, 5, 6, 7, 4, 1, 2, 3])


1913
Vecsmall([3, 4, 1, 2, 7, 8, 5, 6])


1931
Vecsmall([6, 7, 8, 5, 2, 3, 4, 1])


1933
Vecsmall([4, 1, 2, 3, 8, 5, 6, 7])


1949
Vecsmall([4, 1, 2, 3, 8, 5, 6, 7])


1951
Vecsmall([5, 6, 7, 8, 1, 2, 3, 4])


1973
Vecsmall([2, 3, 4, 1, 6, 7, 8, 5])


1979
Vecsmall([6, 7, 8, 5, 2, 3, 4, 1])


1987
Vecsmall([8, 5, 6, 7, 4, 1, 2, 3])


1993
Vecsmall([3, 4, 1, 2, 7, 8, 5, 6])


1997
Vecsmall([4, 1, 2, 3, 8, 5, 6, 7])


1999
Vecsmall([5, 6, 7, 8, 1, 2, 3, 4])


2003
Vecsmall([8, 5, 6, 7, 4, 1, 2, 3])


2011
Vecsmall([6, 7, 8, 5, 2, 3, 4, 1])


2017
Vecsmall([1, 2, 3, 4, 5, 6, 7, 8])


2027
Vecsmall([6, 7, 8, 5, 2, 3, 4, 1])


2029
Vecsmall([4, 1, 2, 3, 8, 5, 6, 7])


2039
Vecsmall([7, 8, 5, 6, 3, 4, 1, 2])


2053
Vecsmall([2, 3, 4, 1, 6, 7, 8, 5])


2063
Vecsmall([5, 6, 7, 8, 1, 2, 3, 4])


2069
Vecsmall([2, 3, 4, 1, 6, 7, 8, 5])


2081
Vecsmall([1, 2, 3, 4, 5, 6, 7, 8])


2083
Vecsmall([8, 5, 6, 7, 4, 1, 2, 3])


2087
Vecsmall([7, 8, 5, 6, 3, 4, 1, 2])


2089
Vecsmall([3, 4, 1, 2, 7, 8, 5, 6])


2099
Vecsmall([8, 5, 6, 7, 4, 1, 2, 3])


2111
Vecsmall([5, 6, 7, 8, 1, 2, 3, 4])


2113
Vecsmall([1, 2, 3, 4, 5, 6, 7, 8])


2129
Vecsmall([1, 2, 3, 4, 5, 6, 7, 8])


2131
Vecsmall([8, 5, 6, 7, 4, 1, 2, 3])


2137
Vecsmall([3, 4, 1, 2, 7, 8, 5, 6])


2141
Vecsmall([4, 1, 2, 3, 8, 5, 6, 7])


2143
Vecsmall([5, 6, 7, 8, 1, 2, 3, 4])


2153
Vecsmall([3, 4, 1, 2, 7, 8, 5, 6])


2161
Vecsmall([1, 2, 3, 4, 5, 6, 7, 8])


2179
Vecsmall([8, 5, 6, 7, 4, 1, 2, 3])


2203
Vecsmall([6, 7, 8, 5, 2, 3, 4, 1])


2207
Vecsmall([5, 6, 7, 8, 1, 2, 3, 4])


2213
Vecsmall([2, 3, 4, 1, 6, 7, 8, 5])


2221
Vecsmall([4, 1, 2, 3, 8, 5, 6, 7])


2237
Vecsmall([4, 1, 2, 3, 8, 5, 6, 7])


2239
Vecsmall([5, 6, 7, 8, 1, 2, 3, 4])


2243
Vecsmall([8, 5, 6, 7, 4, 1, 2, 3])


2251
Vecsmall([6, 7, 8, 5, 2, 3, 4, 1])


2267
Vecsmall([6, 7, 8, 5, 2, 3, 4, 1])


2269
Vecsmall([4, 1, 2, 3, 8, 5, 6, 7])


2273
Vecsmall([1, 2, 3, 4, 5, 6, 7, 8])


2281
Vecsmall([3, 4, 1, 2, 7, 8, 5, 6])


2287
Vecsmall([5, 6, 7, 8, 1, 2, 3, 4])


2293
Vecsmall([2, 3, 4, 1, 6, 7, 8, 5])


2297
Vecsmall([3, 4, 1, 2, 7, 8, 5, 6])


2309
Vecsmall([2, 3, 4, 1, 6, 7, 8, 5])


2311
Vecsmall([7, 8, 5, 6, 3, 4, 1, 2])


2333
Vecsmall([4, 1, 2, 3, 8, 5, 6, 7])


2339
Vecsmall([8, 5, 6, 7, 4, 1, 2, 3])


2341
Vecsmall([2, 3, 4, 1, 6, 7, 8, 5])


2347
Vecsmall([6, 7, 8, 5, 2, 3, 4, 1])


2351
Vecsmall([5, 6, 7, 8, 1, 2, 3, 4])


2357
Vecsmall([2, 3, 4, 1, 6, 7, 8, 5])


2371
Vecsmall([8, 5, 6, 7, 4, 1, 2, 3])


2377
Vecsmall([3, 4, 1, 2, 7, 8, 5, 6])


2381
Vecsmall([4, 1, 2, 3, 8, 5, 6, 7])


2383
Vecsmall([5, 6, 7, 8, 1, 2, 3, 4])


2389
Vecsmall([2, 3, 4, 1, 6, 7, 8, 5])


2393
Vecsmall([3, 4, 1, 2, 7, 8, 5, 6])


2399
Vecsmall([5, 6, 7, 8, 1, 2, 3, 4])


2411
Vecsmall([6, 7, 8, 5, 2, 3, 4, 1])


2417
Vecsmall([1, 2, 3, 4, 5, 6, 7, 8])


2423
Vecsmall([7, 8, 5, 6, 3, 4, 1, 2])


2437
Vecsmall([2, 3, 4, 1, 6, 7, 8, 5])


2441
Vecsmall([3, 4, 1, 2, 7, 8, 5, 6])


2447
Vecsmall([5, 6, 7, 8, 1, 2, 3, 4])


2459
Vecsmall([6, 7, 8, 5, 2, 3, 4, 1])


2467
Vecsmall([8, 5, 6, 7, 4, 1, 2, 3])


2473
Vecsmall([3, 4, 1, 2, 7, 8, 5, 6])


2477
Vecsmall([4, 1, 2, 3, 8, 5, 6, 7])


2503
Vecsmall([7, 8, 5, 6, 3, 4, 1, 2])


2521
Vecsmall([3, 4, 1, 2, 7, 8, 5, 6])


2531
Vecsmall([8, 5, 6, 7, 4, 1, 2, 3])


2539
Vecsmall([6, 7, 8, 5, 2, 3, 4, 1])


2543
Vecsmall([5, 6, 7, 8, 1, 2, 3, 4])


2549
Vecsmall([2, 3, 4, 1, 6, 7, 8, 5])


2551
Vecsmall([7, 8, 5, 6, 3, 4, 1, 2])


2557
Vecsmall([4, 1, 2, 3, 8, 5, 6, 7])


2579
Vecsmall([8, 5, 6, 7, 4, 1, 2, 3])


2591
Vecsmall([5, 6, 7, 8, 1, 2, 3, 4])


2593
Vecsmall([1, 2, 3, 4, 5, 6, 7, 8])


2609
Vecsmall([1, 2, 3, 4, 5, 6, 7, 8])


2617
Vecsmall([3, 4, 1, 2, 7, 8, 5, 6])


2621
Vecsmall([4, 1, 2, 3, 8, 5, 6, 7])


2633
Vecsmall([3, 4, 1, 2, 7, 8, 5, 6])


2647
Vecsmall([7, 8, 5, 6, 3, 4, 1, 2])


2657
Vecsmall([1, 2, 3, 4, 5, 6, 7, 8])


2659
Vecsmall([8, 5, 6, 7, 4, 1, 2, 3])


2663
Vecsmall([7, 8, 5, 6, 3, 4, 1, 2])


2671
Vecsmall([5, 6, 7, 8, 1, 2, 3, 4])


2677
Vecsmall([2, 3, 4, 1, 6, 7, 8, 5])


2683
Vecsmall([6, 7, 8, 5, 2, 3, 4, 1])


2687
Vecsmall([5, 6, 7, 8, 1, 2, 3, 4])


2689
Vecsmall([1, 2, 3, 4, 5, 6, 7, 8])


2693
Vecsmall([2, 3, 4, 1, 6, 7, 8, 5])


2699
Vecsmall([6, 7, 8, 5, 2, 3, 4, 1])


2707
Vecsmall([8, 5, 6, 7, 4, 1, 2, 3])


2711
Vecsmall([7, 8, 5, 6, 3, 4, 1, 2])


2713
Vecsmall([3, 4, 1, 2, 7, 8, 5, 6])


2719
Vecsmall([5, 6, 7, 8, 1, 2, 3, 4])


2729
Vecsmall([3, 4, 1, 2, 7, 8, 5, 6])


2731
Vecsmall([6, 7, 8, 5, 2, 3, 4, 1])


2741
Vecsmall([2, 3, 4, 1, 6, 7, 8, 5])


2749
Vecsmall([4, 1, 2, 3, 8, 5, 6, 7])


2753
Vecsmall([1, 2, 3, 4, 5, 6, 7, 8])


2767
Vecsmall([5, 6, 7, 8, 1, 2, 3, 4])


2777
Vecsmall([3, 4, 1, 2, 7, 8, 5, 6])


2789
Vecsmall([2, 3, 4, 1, 6, 7, 8, 5])


2791
Vecsmall([7, 8, 5, 6, 3, 4, 1, 2])


2797
Vecsmall([4, 1, 2, 3, 8, 5, 6, 7])


2801
Vecsmall([1, 2, 3, 4, 5, 6, 7, 8])


2803
Vecsmall([8, 5, 6, 7, 4, 1, 2, 3])


2819
Vecsmall([8, 5, 6, 7, 4, 1, 2, 3])


2833
Vecsmall([1, 2, 3, 4, 5, 6, 7, 8])


2837
Vecsmall([2, 3, 4, 1, 6, 7, 8, 5])


2843
Vecsmall([6, 7, 8, 5, 2, 3, 4, 1])


2851
Vecsmall([8, 5, 6, 7, 4, 1, 2, 3])


2857
Vecsmall([3, 4, 1, 2, 7, 8, 5, 6])


2861
Vecsmall([4, 1, 2, 3, 8, 5, 6, 7])


2879
Vecsmall([5, 6, 7, 8, 1, 2, 3, 4])


2887
Vecsmall([7, 8, 5, 6, 3, 4, 1, 2])


2897
Vecsmall([1, 2, 3, 4, 5, 6, 7, 8])


2903
Vecsmall([7, 8, 5, 6, 3, 4, 1, 2])


2909
Vecsmall([4, 1, 2, 3, 8, 5, 6, 7])


2917
Vecsmall([2, 3, 4, 1, 6, 7, 8, 5])


2927
Vecsmall([5, 6, 7, 8, 1, 2, 3, 4])


2939
Vecsmall([6, 7, 8, 5, 2, 3, 4, 1])


2953
Vecsmall([3, 4, 1, 2, 7, 8, 5, 6])


2957
Vecsmall([4, 1, 2, 3, 8, 5, 6, 7])


2963
Vecsmall([8, 5, 6, 7, 4, 1, 2, 3])


2969
Vecsmall([3, 4, 1, 2, 7, 8, 5, 6])


2971
Vecsmall([6, 7, 8, 5, 2, 3, 4, 1])


2999
Vecsmall([7, 8, 5, 6, 3, 4, 1, 2])


3001
Vecsmall([3, 4, 1, 2, 7, 8, 5, 6])


3011
Vecsmall([8, 5, 6, 7, 4, 1, 2, 3])


3019
Vecsmall([6, 7, 8, 5, 2, 3, 4, 1])


3023
Vecsmall([5, 6, 7, 8, 1, 2, 3, 4])


3037
Vecsmall([4, 1, 2, 3, 8, 5, 6, 7])


3041
Vecsmall([1, 2, 3, 4, 5, 6, 7, 8])


3049
Vecsmall([3, 4, 1, 2, 7, 8, 5, 6])


3061
Vecsmall([2, 3, 4, 1, 6, 7, 8, 5])


3067
Vecsmall([6, 7, 8, 5, 2, 3, 4, 1])


3079
Vecsmall([7, 8, 5, 6, 3, 4, 1, 2])


3083
Vecsmall([6, 7, 8, 5, 2, 3, 4, 1])


3089
Vecsmall([1, 2, 3, 4, 5, 6, 7, 8])


3109
Vecsmall([2, 3, 4, 1, 6, 7, 8, 5])


3119
Vecsmall([5, 6, 7, 8, 1, 2, 3, 4])


3121
Vecsmall([1, 2, 3, 4, 5, 6, 7, 8])


3137
Vecsmall([1, 2, 3, 4, 5, 6, 7, 8])


3163
Vecsmall([6, 7, 8, 5, 2, 3, 4, 1])


3167
Vecsmall([5, 6, 7, 8, 1, 2, 3, 4])


3169
Vecsmall([1, 2, 3, 4, 5, 6, 7, 8])


3181
Vecsmall([4, 1, 2, 3, 8, 5, 6, 7])


3187
Vecsmall([8, 5, 6, 7, 4, 1, 2, 3])


3191
Vecsmall([7, 8, 5, 6, 3, 4, 1, 2])


3203
Vecsmall([8, 5, 6, 7, 4, 1, 2, 3])


3209
Vecsmall([3, 4, 1, 2, 7, 8, 5, 6])


3217
Vecsmall([1, 2, 3, 4, 5, 6, 7, 8])


3221
Vecsmall([2, 3, 4, 1, 6, 7, 8, 5])


3229
Vecsmall([4, 1, 2, 3, 8, 5, 6, 7])


3251
Vecsmall([8, 5, 6, 7, 4, 1, 2, 3])


3253
Vecsmall([2, 3, 4, 1, 6, 7, 8, 5])


3257
Vecsmall([3, 4, 1, 2, 7, 8, 5, 6])


3259
Vecsmall([6, 7, 8, 5, 2, 3, 4, 1])


3271
Vecsmall([7, 8, 5, 6, 3, 4, 1, 2])


3299
Vecsmall([8, 5, 6, 7, 4, 1, 2, 3])


3301
Vecsmall([2, 3, 4, 1, 6, 7, 8, 5])


3307
Vecsmall([6, 7, 8, 5, 2, 3, 4, 1])


3313
Vecsmall([1, 2, 3, 4, 5, 6, 7, 8])


3319
Vecsmall([7, 8, 5, 6, 3, 4, 1, 2])


3323
Vecsmall([6, 7, 8, 5, 2, 3, 4, 1])


3329
Vecsmall([1, 2, 3, 4, 5, 6, 7, 8])


3331
Vecsmall([8, 5, 6, 7, 4, 1, 2, 3])


3343
Vecsmall([5, 6, 7, 8, 1, 2, 3, 4])


3347
Vecsmall([8, 5, 6, 7, 4, 1, 2, 3])


3359
Vecsmall([5, 6, 7, 8, 1, 2, 3, 4])


3361
Vecsmall([1, 2, 3, 4, 5, 6, 7, 8])


3371
Vecsmall([6, 7, 8, 5, 2, 3, 4, 1])


3373
Vecsmall([4, 1, 2, 3, 8, 5, 6, 7])


3389
Vecsmall([4, 1, 2, 3, 8, 5, 6, 7])


3391
Vecsmall([5, 6, 7, 8, 1, 2, 3, 4])


3407
Vecsmall([5, 6, 7, 8, 1, 2, 3, 4])


3413
Vecsmall([2, 3, 4, 1, 6, 7, 8, 5])


3433
Vecsmall([3, 4, 1, 2, 7, 8, 5, 6])


3449
Vecsmall([3, 4, 1, 2, 7, 8, 5, 6])


3457
Vecsmall([1, 2, 3, 4, 5, 6, 7, 8])


3461
Vecsmall([2, 3, 4, 1, 6, 7, 8, 5])


3463
Vecsmall([7, 8, 5, 6, 3, 4, 1, 2])


3467
Vecsmall([6, 7, 8, 5, 2, 3, 4, 1])


3469
Vecsmall([4, 1, 2, 3, 8, 5, 6, 7])


3491
Vecsmall([8, 5, 6, 7, 4, 1, 2, 3])


3499
Vecsmall([6, 7, 8, 5, 2, 3, 4, 1])


3511
Vecsmall([7, 8, 5, 6, 3, 4, 1, 2])


3517
Vecsmall([4, 1, 2, 3, 8, 5, 6, 7])


3527
Vecsmall([7, 8, 5, 6, 3, 4, 1, 2])


3529
Vecsmall([3, 4, 1, 2, 7, 8, 5, 6])


3533
Vecsmall([4, 1, 2, 3, 8, 5, 6, 7])


3539
Vecsmall([8, 5, 6, 7, 4, 1, 2, 3])


3541
Vecsmall([2, 3, 4, 1, 6, 7, 8, 5])


3547
Vecsmall([6, 7, 8, 5, 2, 3, 4, 1])


3557
Vecsmall([2, 3, 4, 1, 6, 7, 8, 5])


3559
Vecsmall([7, 8, 5, 6, 3, 4, 1, 2])


3571
Vecsmall([8, 5, 6, 7, 4, 1, 2, 3])


3581
Vecsmall([4, 1, 2, 3, 8, 5, 6, 7])


3583
Vecsmall([5, 6, 7, 8, 1, 2, 3, 4])


3593
Vecsmall([3, 4, 1, 2, 7, 8, 5, 6])


3607
Vecsmall([7, 8, 5, 6, 3, 4, 1, 2])


3613
Vecsmall([4, 1, 2, 3, 8, 5, 6, 7])


3617
Vecsmall([1, 2, 3, 4, 5, 6, 7, 8])


3623
Vecsmall([7, 8, 5, 6, 3, 4, 1, 2])


3631
Vecsmall([5, 6, 7, 8, 1, 2, 3, 4])


3637
Vecsmall([2, 3, 4, 1, 6, 7, 8, 5])


3643
Vecsmall([6, 7, 8, 5, 2, 3, 4, 1])


3659
Vecsmall([6, 7, 8, 5, 2, 3, 4, 1])


3671
Vecsmall([7, 8, 5, 6, 3, 4, 1, 2])


3673
Vecsmall([3, 4, 1, 2, 7, 8, 5, 6])


3677
Vecsmall([4, 1, 2, 3, 8, 5, 6, 7])


3691
Vecsmall([6, 7, 8, 5, 2, 3, 4, 1])


3697
Vecsmall([1, 2, 3, 4, 5, 6, 7, 8])


3701
Vecsmall([2, 3, 4, 1, 6, 7, 8, 5])


3709
Vecsmall([4, 1, 2, 3, 8, 5, 6, 7])


3719
Vecsmall([7, 8, 5, 6, 3, 4, 1, 2])


3727
Vecsmall([5, 6, 7, 8, 1, 2, 3, 4])


3733
Vecsmall([2, 3, 4, 1, 6, 7, 8, 5])


3739
Vecsmall([6, 7, 8, 5, 2, 3, 4, 1])


3761
Vecsmall([1, 2, 3, 4, 5, 6, 7, 8])


3767
Vecsmall([7, 8, 5, 6, 3, 4, 1, 2])


3769
Vecsmall([3, 4, 1, 2, 7, 8, 5, 6])


3779
Vecsmall([8, 5, 6, 7, 4, 1, 2, 3])


3793
Vecsmall([1, 2, 3, 4, 5, 6, 7, 8])


3797
Vecsmall([2, 3, 4, 1, 6, 7, 8, 5])


3803
Vecsmall([6, 7, 8, 5, 2, 3, 4, 1])


3821
Vecsmall([4, 1, 2, 3, 8, 5, 6, 7])


3823
Vecsmall([5, 6, 7, 8, 1, 2, 3, 4])


3833
Vecsmall([3, 4, 1, 2, 7, 8, 5, 6])


3847
Vecsmall([7, 8, 5, 6, 3, 4, 1, 2])


3851
Vecsmall([6, 7, 8, 5, 2, 3, 4, 1])


3853
Vecsmall([4, 1, 2, 3, 8, 5, 6, 7])


3863
Vecsmall([7, 8, 5, 6, 3, 4, 1, 2])


3877
Vecsmall([2, 3, 4, 1, 6, 7, 8, 5])


3881
Vecsmall([3, 4, 1, 2, 7, 8, 5, 6])


3889
Vecsmall([1, 2, 3, 4, 5, 6, 7, 8])


3907
Vecsmall([8, 5, 6, 7, 4, 1, 2, 3])


3911
Vecsmall([7, 8, 5, 6, 3, 4, 1, 2])


3917
Vecsmall([4, 1, 2, 3, 8, 5, 6, 7])


3919
Vecsmall([5, 6, 7, 8, 1, 2, 3, 4])


3923
Vecsmall([8, 5, 6, 7, 4, 1, 2, 3])


3929
Vecsmall([3, 4, 1, 2, 7, 8, 5, 6])


3931
Vecsmall([6, 7, 8, 5, 2, 3, 4, 1])


3943
Vecsmall([7, 8, 5, 6, 3, 4, 1, 2])


3947
Vecsmall([6, 7, 8, 5, 2, 3, 4, 1])


3967
Vecsmall([5, 6, 7, 8, 1, 2, 3, 4])


3989
Vecsmall([2, 3, 4, 1, 6, 7, 8, 5])


4001
Vecsmall([1, 2, 3, 4, 5, 6, 7, 8])


4003
Vecsmall([8, 5, 6, 7, 4, 1, 2, 3])


4007
Vecsmall([7, 8, 5, 6, 3, 4, 1, 2])


4013
Vecsmall([4, 1, 2, 3, 8, 5, 6, 7])


4019
Vecsmall([8, 5, 6, 7, 4, 1, 2, 3])


4021
Vecsmall([2, 3, 4, 1, 6, 7, 8, 5])


4027
Vecsmall([6, 7, 8, 5, 2, 3, 4, 1])


4049
Vecsmall([1, 2, 3, 4, 5, 6, 7, 8])


4051
Vecsmall([8, 5, 6, 7, 4, 1, 2, 3])


4057
Vecsmall([3, 4, 1, 2, 7, 8, 5, 6])


4073
Vecsmall([3, 4, 1, 2, 7, 8, 5, 6])


4079
Vecsmall([5, 6, 7, 8, 1, 2, 3, 4])


4091
Vecsmall([6, 7, 8, 5, 2, 3, 4, 1])


4093
Vecsmall([4, 1, 2, 3, 8, 5, 6, 7])


4099
Vecsmall([8, 5, 6, 7, 4, 1, 2, 3])


4111
Vecsmall([5, 6, 7, 8, 1, 2, 3, 4])


4127
Vecsmall([5, 6, 7, 8, 1, 2, 3, 4])


4129
Vecsmall([1, 2, 3, 4, 5, 6, 7, 8])


4133
Vecsmall([2, 3, 4, 1, 6, 7, 8, 5])


4139
Vecsmall([6, 7, 8, 5, 2, 3, 4, 1])


4153
Vecsmall([3, 4, 1, 2, 7, 8, 5, 6])


4157
Vecsmall([4, 1, 2, 3, 8, 5, 6, 7])


4159
Vecsmall([5, 6, 7, 8, 1, 2, 3, 4])


4177
Vecsmall([1, 2, 3, 4, 5, 6, 7, 8])


4201
Vecsmall([3, 4, 1, 2, 7, 8, 5, 6])


4211
Vecsmall([8, 5, 6, 7, 4, 1, 2, 3])


4217
Vecsmall([3, 4, 1, 2, 7, 8, 5, 6])


4219
Vecsmall([6, 7, 8, 5, 2, 3, 4, 1])


4229
Vecsmall([2, 3, 4, 1, 6, 7, 8, 5])


4231
Vecsmall([7, 8, 5, 6, 3, 4, 1, 2])


4241
Vecsmall([1, 2, 3, 4, 5, 6, 7, 8])


4243
Vecsmall([8, 5, 6, 7, 4, 1, 2, 3])


4253
Vecsmall([4, 1, 2, 3, 8, 5, 6, 7])


4259
Vecsmall([8, 5, 6, 7, 4, 1, 2, 3])


4261
Vecsmall([2, 3, 4, 1, 6, 7, 8, 5])


4271
Vecsmall([5, 6, 7, 8, 1, 2, 3, 4])


4273
Vecsmall([1, 2, 3, 4, 5, 6, 7, 8])


4283
Vecsmall([6, 7, 8, 5, 2, 3, 4, 1])


4289
Vecsmall([1, 2, 3, 4, 5, 6, 7, 8])


4297
Vecsmall([3, 4, 1, 2, 7, 8, 5, 6])


4327
Vecsmall([7, 8, 5, 6, 3, 4, 1, 2])


4337
Vecsmall([1, 2, 3, 4, 5, 6, 7, 8])


4339
Vecsmall([8, 5, 6, 7, 4, 1, 2, 3])


4349
Vecsmall([4, 1, 2, 3, 8, 5, 6, 7])


4357
Vecsmall([2, 3, 4, 1, 6, 7, 8, 5])


4363
Vecsmall([6, 7, 8, 5, 2, 3, 4, 1])


4373
Vecsmall([2, 3, 4, 1, 6, 7, 8, 5])


4391
Vecsmall([7, 8, 5, 6, 3, 4, 1, 2])


4397
Vecsmall([4, 1, 2, 3, 8, 5, 6, 7])


4409
Vecsmall([3, 4, 1, 2, 7, 8, 5, 6])


4421
Vecsmall([2, 3, 4, 1, 6, 7, 8, 5])


4423
Vecsmall([7, 8, 5, 6, 3, 4, 1, 2])


4441
Vecsmall([3, 4, 1, 2, 7, 8, 5, 6])


4447
Vecsmall([5, 6, 7, 8, 1, 2, 3, 4])


4451
Vecsmall([8, 5, 6, 7, 4, 1, 2, 3])


4457
Vecsmall([3, 4, 1, 2, 7, 8, 5, 6])


4463
Vecsmall([5, 6, 7, 8, 1, 2, 3, 4])


4481
Vecsmall([1, 2, 3, 4, 5, 6, 7, 8])


4483
Vecsmall([8, 5, 6, 7, 4, 1, 2, 3])


4493
Vecsmall([4, 1, 2, 3, 8, 5, 6, 7])


4507
Vecsmall([6, 7, 8, 5, 2, 3, 4, 1])


4513
Vecsmall([1, 2, 3, 4, 5, 6, 7, 8])


4517
Vecsmall([2, 3, 4, 1, 6, 7, 8, 5])


4519
Vecsmall([7, 8, 5, 6, 3, 4, 1, 2])


4523
Vecsmall([6, 7, 8, 5, 2, 3, 4, 1])


4547
Vecsmall([8, 5, 6, 7, 4, 1, 2, 3])


4549
Vecsmall([2, 3, 4, 1, 6, 7, 8, 5])


4561
Vecsmall([1, 2, 3, 4, 5, 6, 7, 8])


4567
Vecsmall([7, 8, 5, 6, 3, 4, 1, 2])


4583
Vecsmall([7, 8, 5, 6, 3, 4, 1, 2])


4591
Vecsmall([5, 6, 7, 8, 1, 2, 3, 4])


4597
Vecsmall([2, 3, 4, 1, 6, 7, 8, 5])


4603
Vecsmall([6, 7, 8, 5, 2, 3, 4, 1])


4621
Vecsmall([4, 1, 2, 3, 8, 5, 6, 7])


4637
Vecsmall([4, 1, 2, 3, 8, 5, 6, 7])


4639
Vecsmall([5, 6, 7, 8, 1, 2, 3, 4])


4643
Vecsmall([8, 5, 6, 7, 4, 1, 2, 3])


4649
Vecsmall([3, 4, 1, 2, 7, 8, 5, 6])


4651
Vecsmall([6, 7, 8, 5, 2, 3, 4, 1])


4657
Vecsmall([1, 2, 3, 4, 5, 6, 7, 8])


4663
Vecsmall([7, 8, 5, 6, 3, 4, 1, 2])


4673
Vecsmall([1, 2, 3, 4, 5, 6, 7, 8])


4679
Vecsmall([7, 8, 5, 6, 3, 4, 1, 2])


4691
Vecsmall([8, 5, 6, 7, 4, 1, 2, 3])


4703
Vecsmall([5, 6, 7, 8, 1, 2, 3, 4])


4721
Vecsmall([1, 2, 3, 4, 5, 6, 7, 8])


4723
Vecsmall([8, 5, 6, 7, 4, 1, 2, 3])


4729
Vecsmall([3, 4, 1, 2, 7, 8, 5, 6])


4733
Vecsmall([4, 1, 2, 3, 8, 5, 6, 7])


4751
Vecsmall([5, 6, 7, 8, 1, 2, 3, 4])


4759
Vecsmall([7, 8, 5, 6, 3, 4, 1, 2])


4783
Vecsmall([5, 6, 7, 8, 1, 2, 3, 4])


4787
Vecsmall([8, 5, 6, 7, 4, 1, 2, 3])


4789
Vecsmall([2, 3, 4, 1, 6, 7, 8, 5])


4793
Vecsmall([3, 4, 1, 2, 7, 8, 5, 6])


4799
Vecsmall([5, 6, 7, 8, 1, 2, 3, 4])


4801
Vecsmall([1, 2, 3, 4, 5, 6, 7, 8])


4813
Vecsmall([4, 1, 2, 3, 8, 5, 6, 7])


4817
Vecsmall([1, 2, 3, 4, 5, 6, 7, 8])


4831
Vecsmall([5, 6, 7, 8, 1, 2, 3, 4])


4861
Vecsmall([4, 1, 2, 3, 8, 5, 6, 7])


4871
Vecsmall([7, 8, 5, 6, 3, 4, 1, 2])


4877
Vecsmall([4, 1, 2, 3, 8, 5, 6, 7])


4889
Vecsmall([3, 4, 1, 2, 7, 8, 5, 6])


4903
Vecsmall([7, 8, 5, 6, 3, 4, 1, 2])


4909
Vecsmall([4, 1, 2, 3, 8, 5, 6, 7])


4919
Vecsmall([7, 8, 5, 6, 3, 4, 1, 2])


4931
Vecsmall([8, 5, 6, 7, 4, 1, 2, 3])


4933
Vecsmall([2, 3, 4, 1, 6, 7, 8, 5])


4937
Vecsmall([3, 4, 1, 2, 7, 8, 5, 6])


4943
Vecsmall([5, 6, 7, 8, 1, 2, 3, 4])


4951
Vecsmall([7, 8, 5, 6, 3, 4, 1, 2])


4957
Vecsmall([4, 1, 2, 3, 8, 5, 6, 7])


4967
Vecsmall([7, 8, 5, 6, 3, 4, 1, 2])


4969
Vecsmall([3, 4, 1, 2, 7, 8, 5, 6])


4973
Vecsmall([4, 1, 2, 3, 8, 5, 6, 7])


4987
Vecsmall([6, 7, 8, 5, 2, 3, 4, 1])


4993
Vecsmall([1, 2, 3, 4, 5, 6, 7, 8])


4999
Vecsmall([7, 8, 5, 6, 3, 4, 1, 2])


5003
Vecsmall([6, 7, 8, 5, 2, 3, 4, 1])


5009
Vecsmall([1, 2, 3, 4, 5, 6, 7, 8])


5011
Vecsmall([8, 5, 6, 7, 4, 1, 2, 3])


5021
Vecsmall([4, 1, 2, 3, 8, 5, 6, 7])


5023
Vecsmall([5, 6, 7, 8, 1, 2, 3, 4])


5039
Vecsmall([5, 6, 7, 8, 1, 2, 3, 4])


5051
Vecsmall([6, 7, 8, 5, 2, 3, 4, 1])


5059
Vecsmall([8, 5, 6, 7, 4, 1, 2, 3])


5077
Vecsmall([2, 3, 4, 1, 6, 7, 8, 5])


5081
Vecsmall([3, 4, 1, 2, 7, 8, 5, 6])


5087
Vecsmall([5, 6, 7, 8, 1, 2, 3, 4])


5099
Vecsmall([6, 7, 8, 5, 2, 3, 4, 1])


5101
Vecsmall([4, 1, 2, 3, 8, 5, 6, 7])


5107
Vecsmall([8, 5, 6, 7, 4, 1, 2, 3])


5113
Vecsmall([3, 4, 1, 2, 7, 8, 5, 6])


5119
Vecsmall([5, 6, 7, 8, 1, 2, 3, 4])


5147
Vecsmall([6, 7, 8, 5, 2, 3, 4, 1])


5153
Vecsmall([1, 2, 3, 4, 5, 6, 7, 8])


5167
Vecsmall([5, 6, 7, 8, 1, 2, 3, 4])


5171
Vecsmall([8, 5, 6, 7, 4, 1, 2, 3])


5179
Vecsmall([6, 7, 8, 5, 2, 3, 4, 1])


5189
Vecsmall([2, 3, 4, 1, 6, 7, 8, 5])


5197
Vecsmall([4, 1, 2, 3, 8, 5, 6, 7])


5209
Vecsmall([3, 4, 1, 2, 7, 8, 5, 6])


5227
Vecsmall([6, 7, 8, 5, 2, 3, 4, 1])


5231
Vecsmall([5, 6, 7, 8, 1, 2, 3, 4])


5233
Vecsmall([1, 2, 3, 4, 5, 6, 7, 8])


5237
Vecsmall([2, 3, 4, 1, 6, 7, 8, 5])


5261
Vecsmall([4, 1, 2, 3, 8, 5, 6, 7])


5273
Vecsmall([3, 4, 1, 2, 7, 8, 5, 6])


5279
Vecsmall([5, 6, 7, 8, 1, 2, 3, 4])


5281
Vecsmall([1, 2, 3, 4, 5, 6, 7, 8])


5297
Vecsmall([1, 2, 3, 4, 5, 6, 7, 8])


5303
Vecsmall([7, 8, 5, 6, 3, 4, 1, 2])


5309
Vecsmall([4, 1, 2, 3, 8, 5, 6, 7])


5323
Vecsmall([6, 7, 8, 5, 2, 3, 4, 1])


5333
Vecsmall([2, 3, 4, 1, 6, 7, 8, 5])


5347
Vecsmall([8, 5, 6, 7, 4, 1, 2, 3])


5351
Vecsmall([7, 8, 5, 6, 3, 4, 1, 2])


5381
Vecsmall([2, 3, 4, 1, 6, 7, 8, 5])


5387
Vecsmall([6, 7, 8, 5, 2, 3, 4, 1])


5393
Vecsmall([1, 2, 3, 4, 5, 6, 7, 8])


5399
Vecsmall([7, 8, 5, 6, 3, 4, 1, 2])


5407
Vecsmall([5, 6, 7, 8, 1, 2, 3, 4])


5413
Vecsmall([2, 3, 4, 1, 6, 7, 8, 5])


5417
Vecsmall([3, 4, 1, 2, 7, 8, 5, 6])


5419
Vecsmall([6, 7, 8, 5, 2, 3, 4, 1])


5431
Vecsmall([7, 8, 5, 6, 3, 4, 1, 2])


5437
Vecsmall([4, 1, 2, 3, 8, 5, 6, 7])


5441
Vecsmall([1, 2, 3, 4, 5, 6, 7, 8])


5443
Vecsmall([8, 5, 6, 7, 4, 1, 2, 3])


5449
Vecsmall([3, 4, 1, 2, 7, 8, 5, 6])


5471
Vecsmall([5, 6, 7, 8, 1, 2, 3, 4])


5477
Vecsmall([2, 3, 4, 1, 6, 7, 8, 5])


5479
Vecsmall([7, 8, 5, 6, 3, 4, 1, 2])


5483
Vecsmall([6, 7, 8, 5, 2, 3, 4, 1])


5501
Vecsmall([4, 1, 2, 3, 8, 5, 6, 7])


5503
Vecsmall([5, 6, 7, 8, 1, 2, 3, 4])


5507
Vecsmall([8, 5, 6, 7, 4, 1, 2, 3])


5519
Vecsmall([5, 6, 7, 8, 1, 2, 3, 4])


5521
Vecsmall([1, 2, 3, 4, 5, 6, 7, 8])


5527
Vecsmall([7, 8, 5, 6, 3, 4, 1, 2])


5531
Vecsmall([6, 7, 8, 5, 2, 3, 4, 1])


5557
Vecsmall([2, 3, 4, 1, 6, 7, 8, 5])


5563
Vecsmall([6, 7, 8, 5, 2, 3, 4, 1])


5569
Vecsmall([1, 2, 3, 4, 5, 6, 7, 8])


5573
Vecsmall([2, 3, 4, 1, 6, 7, 8, 5])


5581
Vecsmall([4, 1, 2, 3, 8, 5, 6, 7])


5591
Vecsmall([7, 8, 5, 6, 3, 4, 1, 2])


5623
Vecsmall([7, 8, 5, 6, 3, 4, 1, 2])


5639
Vecsmall([7, 8, 5, 6, 3, 4, 1, 2])


5641
Vecsmall([3, 4, 1, 2, 7, 8, 5, 6])


5647
Vecsmall([5, 6, 7, 8, 1, 2, 3, 4])


5651
Vecsmall([8, 5, 6, 7, 4, 1, 2, 3])


5653
Vecsmall([2, 3, 4, 1, 6, 7, 8, 5])


5657
Vecsmall([3, 4, 1, 2, 7, 8, 5, 6])


5659
Vecsmall([6, 7, 8, 5, 2, 3, 4, 1])


5669
Vecsmall([2, 3, 4, 1, 6, 7, 8, 5])


5683
Vecsmall([8, 5, 6, 7, 4, 1, 2, 3])


5689
Vecsmall([3, 4, 1, 2, 7, 8, 5, 6])


5693
Vecsmall([4, 1, 2, 3, 8, 5, 6, 7])


5701
Vecsmall([2, 3, 4, 1, 6, 7, 8, 5])


5711
Vecsmall([5, 6, 7, 8, 1, 2, 3, 4])


5717
Vecsmall([2, 3, 4, 1, 6, 7, 8, 5])


5737
Vecsmall([3, 4, 1, 2, 7, 8, 5, 6])


5741
Vecsmall([4, 1, 2, 3, 8, 5, 6, 7])


5743
Vecsmall([5, 6, 7, 8, 1, 2, 3, 4])


5749
Vecsmall([2, 3, 4, 1, 6, 7, 8, 5])


5779
Vecsmall([8, 5, 6, 7, 4, 1, 2, 3])


5783
Vecsmall([7, 8, 5, 6, 3, 4, 1, 2])


5791
Vecsmall([5, 6, 7, 8, 1, 2, 3, 4])


5801
Vecsmall([3, 4, 1, 2, 7, 8, 5, 6])


5807
Vecsmall([5, 6, 7, 8, 1, 2, 3, 4])


5813
Vecsmall([2, 3, 4, 1, 6, 7, 8, 5])


5821
Vecsmall([4, 1, 2, 3, 8, 5, 6, 7])


5827
Vecsmall([8, 5, 6, 7, 4, 1, 2, 3])


5839
Vecsmall([5, 6, 7, 8, 1, 2, 3, 4])


5843
Vecsmall([8, 5, 6, 7, 4, 1, 2, 3])


5849
Vecsmall([3, 4, 1, 2, 7, 8, 5, 6])


5851
Vecsmall([6, 7, 8, 5, 2, 3, 4, 1])


5857
Vecsmall([1, 2, 3, 4, 5, 6, 7, 8])


5861
Vecsmall([2, 3, 4, 1, 6, 7, 8, 5])


5867
Vecsmall([6, 7, 8, 5, 2, 3, 4, 1])


5869
Vecsmall([4, 1, 2, 3, 8, 5, 6, 7])


5879
Vecsmall([7, 8, 5, 6, 3, 4, 1, 2])


5881
Vecsmall([3, 4, 1, 2, 7, 8, 5, 6])


5897
Vecsmall([3, 4, 1, 2, 7, 8, 5, 6])


5903
Vecsmall([5, 6, 7, 8, 1, 2, 3, 4])


5923
Vecsmall([8, 5, 6, 7, 4, 1, 2, 3])


5927
Vecsmall([7, 8, 5, 6, 3, 4, 1, 2])


5939
Vecsmall([8, 5, 6, 7, 4, 1, 2, 3])


5953
Vecsmall([1, 2, 3, 4, 5, 6, 7, 8])


5981
Vecsmall([4, 1, 2, 3, 8, 5, 6, 7])


5987
Vecsmall([8, 5, 6, 7, 4, 1, 2, 3])


6007
Vecsmall([7, 8, 5, 6, 3, 4, 1, 2])


6011
Vecsmall([6, 7, 8, 5, 2, 3, 4, 1])


6029
Vecsmall([4, 1, 2, 3, 8, 5, 6, 7])


6037
Vecsmall([2, 3, 4, 1, 6, 7, 8, 5])


6043
Vecsmall([6, 7, 8, 5, 2, 3, 4, 1])


6047
Vecsmall([5, 6, 7, 8, 1, 2, 3, 4])


6053
Vecsmall([2, 3, 4, 1, 6, 7, 8, 5])


6067
Vecsmall([8, 5, 6, 7, 4, 1, 2, 3])


6073
Vecsmall([3, 4, 1, 2, 7, 8, 5, 6])


6079
Vecsmall([5, 6, 7, 8, 1, 2, 3, 4])


6089
Vecsmall([3, 4, 1, 2, 7, 8, 5, 6])


6091
Vecsmall([6, 7, 8, 5, 2, 3, 4, 1])


6101
Vecsmall([2, 3, 4, 1, 6, 7, 8, 5])


6113
Vecsmall([1, 2, 3, 4, 5, 6, 7, 8])


6121
Vecsmall([3, 4, 1, 2, 7, 8, 5, 6])


6131
Vecsmall([8, 5, 6, 7, 4, 1, 2, 3])


6133
Vecsmall([2, 3, 4, 1, 6, 7, 8, 5])


6143
Vecsmall([5, 6, 7, 8, 1, 2, 3, 4])


6151
Vecsmall([7, 8, 5, 6, 3, 4, 1, 2])


6163
Vecsmall([8, 5, 6, 7, 4, 1, 2, 3])


6173
Vecsmall([4, 1, 2, 3, 8, 5, 6, 7])


6197
Vecsmall([2, 3, 4, 1, 6, 7, 8, 5])


6199
Vecsmall([7, 8, 5, 6, 3, 4, 1, 2])


6203
Vecsmall([6, 7, 8, 5, 2, 3, 4, 1])


6211
Vecsmall([8, 5, 6, 7, 4, 1, 2, 3])


6217
Vecsmall([3, 4, 1, 2, 7, 8, 5, 6])


6221
Vecsmall([4, 1, 2, 3, 8, 5, 6, 7])


6229
Vecsmall([2, 3, 4, 1, 6, 7, 8, 5])


6247
Vecsmall([7, 8, 5, 6, 3, 4, 1, 2])


6257
Vecsmall([1, 2, 3, 4, 5, 6, 7, 8])


6263
Vecsmall([7, 8, 5, 6, 3, 4, 1, 2])


6269
Vecsmall([4, 1, 2, 3, 8, 5, 6, 7])


6271
Vecsmall([5, 6, 7, 8, 1, 2, 3, 4])


6277
Vecsmall([2, 3, 4, 1, 6, 7, 8, 5])


6287
Vecsmall([5, 6, 7, 8, 1, 2, 3, 4])


6299
Vecsmall([6, 7, 8, 5, 2, 3, 4, 1])


6301
Vecsmall([4, 1, 2, 3, 8, 5, 6, 7])


6311
Vecsmall([7, 8, 5, 6, 3, 4, 1, 2])


6317
Vecsmall([4, 1, 2, 3, 8, 5, 6, 7])


6323
Vecsmall([8, 5, 6, 7, 4, 1, 2, 3])


6329
Vecsmall([3, 4, 1, 2, 7, 8, 5, 6])


6337
Vecsmall([1, 2, 3, 4, 5, 6, 7, 8])


6343
Vecsmall([7, 8, 5, 6, 3, 4, 1, 2])


6353
Vecsmall([1, 2, 3, 4, 5, 6, 7, 8])


6359
Vecsmall([7, 8, 5, 6, 3, 4, 1, 2])


6361
Vecsmall([3, 4, 1, 2, 7, 8, 5, 6])


6367
Vecsmall([5, 6, 7, 8, 1, 2, 3, 4])


6373
Vecsmall([2, 3, 4, 1, 6, 7, 8, 5])


6379
Vecsmall([6, 7, 8, 5, 2, 3, 4, 1])


6389
Vecsmall([2, 3, 4, 1, 6, 7, 8, 5])


6397
Vecsmall([4, 1, 2, 3, 8, 5, 6, 7])


6421
Vecsmall([2, 3, 4, 1, 6, 7, 8, 5])


6427
Vecsmall([6, 7, 8, 5, 2, 3, 4, 1])


6449
Vecsmall([1, 2, 3, 4, 5, 6, 7, 8])


6451
Vecsmall([8, 5, 6, 7, 4, 1, 2, 3])


6469
Vecsmall([2, 3, 4, 1, 6, 7, 8, 5])


6473
Vecsmall([3, 4, 1, 2, 7, 8, 5, 6])


6481
Vecsmall([1, 2, 3, 4, 5, 6, 7, 8])


6491
Vecsmall([6, 7, 8, 5, 2, 3, 4, 1])


6521
Vecsmall([3, 4, 1, 2, 7, 8, 5, 6])


6529
Vecsmall([1, 2, 3, 4, 5, 6, 7, 8])


6547
Vecsmall([8, 5, 6, 7, 4, 1, 2, 3])


6551
Vecsmall([7, 8, 5, 6, 3, 4, 1, 2])


6553
Vecsmall([3, 4, 1, 2, 7, 8, 5, 6])


6563
Vecsmall([8, 5, 6, 7, 4, 1, 2, 3])


6569
Vecsmall([3, 4, 1, 2, 7, 8, 5, 6])


6571
Vecsmall([6, 7, 8, 5, 2, 3, 4, 1])


6577
Vecsmall([1, 2, 3, 4, 5, 6, 7, 8])


6581
Vecsmall([2, 3, 4, 1, 6, 7, 8, 5])


6599
Vecsmall([7, 8, 5, 6, 3, 4, 1, 2])


6607
Vecsmall([5, 6, 7, 8, 1, 2, 3, 4])


6619
Vecsmall([6, 7, 8, 5, 2, 3, 4, 1])


6637
Vecsmall([4, 1, 2, 3, 8, 5, 6, 7])


6653
Vecsmall([4, 1, 2, 3, 8, 5, 6, 7])


6659
Vecsmall([8, 5, 6, 7, 4, 1, 2, 3])


6661
Vecsmall([2, 3, 4, 1, 6, 7, 8, 5])


6673
Vecsmall([1, 2, 3, 4, 5, 6, 7, 8])


6679
Vecsmall([7, 8, 5, 6, 3, 4, 1, 2])


6689
Vecsmall([1, 2, 3, 4, 5, 6, 7, 8])


6691
Vecsmall([8, 5, 6, 7, 4, 1, 2, 3])


6701
Vecsmall([4, 1, 2, 3, 8, 5, 6, 7])


6703
Vecsmall([5, 6, 7, 8, 1, 2, 3, 4])


6709
Vecsmall([2, 3, 4, 1, 6, 7, 8, 5])


6719
Vecsmall([5, 6, 7, 8, 1, 2, 3, 4])


6733
Vecsmall([4, 1, 2, 3, 8, 5, 6, 7])


6737
Vecsmall([1, 2, 3, 4, 5, 6, 7, 8])


6761
Vecsmall([3, 4, 1, 2, 7, 8, 5, 6])


6763
Vecsmall([6, 7, 8, 5, 2, 3, 4, 1])


6779
Vecsmall([6, 7, 8, 5, 2, 3, 4, 1])


6781
Vecsmall([4, 1, 2, 3, 8, 5, 6, 7])


6791
Vecsmall([7, 8, 5, 6, 3, 4, 1, 2])


6793
Vecsmall([3, 4, 1, 2, 7, 8, 5, 6])


6803
Vecsmall([8, 5, 6, 7, 4, 1, 2, 3])


6823
Vecsmall([7, 8, 5, 6, 3, 4, 1, 2])


6827
Vecsmall([6, 7, 8, 5, 2, 3, 4, 1])


6829
Vecsmall([4, 1, 2, 3, 8, 5, 6, 7])


6833
Vecsmall([1, 2, 3, 4, 5, 6, 7, 8])


6841
Vecsmall([3, 4, 1, 2, 7, 8, 5, 6])


6857
Vecsmall([3, 4, 1, 2, 7, 8, 5, 6])


6863
Vecsmall([5, 6, 7, 8, 1, 2, 3, 4])


6869
Vecsmall([2, 3, 4, 1, 6, 7, 8, 5])


6871
Vecsmall([7, 8, 5, 6, 3, 4, 1, 2])


6883
Vecsmall([8, 5, 6, 7, 4, 1, 2, 3])


6899
Vecsmall([8, 5, 6, 7, 4, 1, 2, 3])


6907
Vecsmall([6, 7, 8, 5, 2, 3, 4, 1])


6911
Vecsmall([5, 6, 7, 8, 1, 2, 3, 4])


6917
Vecsmall([2, 3, 4, 1, 6, 7, 8, 5])


6947
Vecsmall([8, 5, 6, 7, 4, 1, 2, 3])


6949
Vecsmall([2, 3, 4, 1, 6, 7, 8, 5])


6959
Vecsmall([5, 6, 7, 8, 1, 2, 3, 4])


6961
Vecsmall([1, 2, 3, 4, 5, 6, 7, 8])


6967
Vecsmall([7, 8, 5, 6, 3, 4, 1, 2])


6971
Vecsmall([6, 7, 8, 5, 2, 3, 4, 1])


6977
Vecsmall([1, 2, 3, 4, 5, 6, 7, 8])


6983
Vecsmall([7, 8, 5, 6, 3, 4, 1, 2])


6991
Vecsmall([5, 6, 7, 8, 1, 2, 3, 4])


6997
Vecsmall([2, 3, 4, 1, 6, 7, 8, 5])


7001
Vecsmall([3, 4, 1, 2, 7, 8, 5, 6])


7013
Vecsmall([2, 3, 4, 1, 6, 7, 8, 5])


7019
Vecsmall([6, 7, 8, 5, 2, 3, 4, 1])


7027
Vecsmall([8, 5, 6, 7, 4, 1, 2, 3])


7039
Vecsmall([5, 6, 7, 8, 1, 2, 3, 4])


7043
Vecsmall([8, 5, 6, 7, 4, 1, 2, 3])


7057
Vecsmall([1, 2, 3, 4, 5, 6, 7, 8])


7069
Vecsmall([4, 1, 2, 3, 8, 5, 6, 7])


7079
Vecsmall([7, 8, 5, 6, 3, 4, 1, 2])


7103
Vecsmall([5, 6, 7, 8, 1, 2, 3, 4])


7109
Vecsmall([2, 3, 4, 1, 6, 7, 8, 5])


7121
Vecsmall([1, 2, 3, 4, 5, 6, 7, 8])


7127
Vecsmall([7, 8, 5, 6, 3, 4, 1, 2])


7129
Vecsmall([3, 4, 1, 2, 7, 8, 5, 6])


7151
Vecsmall([5, 6, 7, 8, 1, 2, 3, 4])


7159
Vecsmall([7, 8, 5, 6, 3, 4, 1, 2])


7177
Vecsmall([3, 4, 1, 2, 7, 8, 5, 6])


7187
Vecsmall([8, 5, 6, 7, 4, 1, 2, 3])


7193
Vecsmall([3, 4, 1, 2, 7, 8, 5, 6])


7207
Vecsmall([7, 8, 5, 6, 3, 4, 1, 2])


7211
Vecsmall([6, 7, 8, 5, 2, 3, 4, 1])


7213
Vecsmall([4, 1, 2, 3, 8, 5, 6, 7])


7219
Vecsmall([8, 5, 6, 7, 4, 1, 2, 3])


7229
Vecsmall([4, 1, 2, 3, 8, 5, 6, 7])


7237
Vecsmall([2, 3, 4, 1, 6, 7, 8, 5])


7243
Vecsmall([6, 7, 8, 5, 2, 3, 4, 1])


7247
Vecsmall([5, 6, 7, 8, 1, 2, 3, 4])


7253
Vecsmall([2, 3, 4, 1, 6, 7, 8, 5])


7283
Vecsmall([8, 5, 6, 7, 4, 1, 2, 3])


7297
Vecsmall([1, 2, 3, 4, 5, 6, 7, 8])


7307
Vecsmall([6, 7, 8, 5, 2, 3, 4, 1])


7309
Vecsmall([4, 1, 2, 3, 8, 5, 6, 7])


7321
Vecsmall([3, 4, 1, 2, 7, 8, 5, 6])


7331
Vecsmall([8, 5, 6, 7, 4, 1, 2, 3])


7333
Vecsmall([2, 3, 4, 1, 6, 7, 8, 5])


7349
Vecsmall([2, 3, 4, 1, 6, 7, 8, 5])


7351
Vecsmall([7, 8, 5, 6, 3, 4, 1, 2])


7369
Vecsmall([3, 4, 1, 2, 7, 8, 5, 6])


7393
Vecsmall([1, 2, 3, 4, 5, 6, 7, 8])


7411
Vecsmall([8, 5, 6, 7, 4, 1, 2, 3])


7417
Vecsmall([3, 4, 1, 2, 7, 8, 5, 6])


7433
Vecsmall([3, 4, 1, 2, 7, 8, 5, 6])


7451
Vecsmall([6, 7, 8, 5, 2, 3, 4, 1])


7457
Vecsmall([1, 2, 3, 4, 5, 6, 7, 8])


7459
Vecsmall([8, 5, 6, 7, 4, 1, 2, 3])


7477
Vecsmall([2, 3, 4, 1, 6, 7, 8, 5])


7481
Vecsmall([3, 4, 1, 2, 7, 8, 5, 6])


7487
Vecsmall([5, 6, 7, 8, 1, 2, 3, 4])


7489
Vecsmall([1, 2, 3, 4, 5, 6, 7, 8])


7499
Vecsmall([6, 7, 8, 5, 2, 3, 4, 1])


7507
Vecsmall([8, 5, 6, 7, 4, 1, 2, 3])


7517
Vecsmall([4, 1, 2, 3, 8, 5, 6, 7])


7523
Vecsmall([8, 5, 6, 7, 4, 1, 2, 3])


7529
Vecsmall([3, 4, 1, 2, 7, 8, 5, 6])


7537
Vecsmall([1, 2, 3, 4, 5, 6, 7, 8])


7541
Vecsmall([2, 3, 4, 1, 6, 7, 8, 5])


7547
Vecsmall([6, 7, 8, 5, 2, 3, 4, 1])


7549
Vecsmall([4, 1, 2, 3, 8, 5, 6, 7])


7559
Vecsmall([7, 8, 5, 6, 3, 4, 1, 2])


7561
Vecsmall([3, 4, 1, 2, 7, 8, 5, 6])


7573
Vecsmall([2, 3, 4, 1, 6, 7, 8, 5])


7577
Vecsmall([3, 4, 1, 2, 7, 8, 5, 6])


7583
Vecsmall([5, 6, 7, 8, 1, 2, 3, 4])


7589
Vecsmall([2, 3, 4, 1, 6, 7, 8, 5])


7591
Vecsmall([7, 8, 5, 6, 3, 4, 1, 2])


7603
Vecsmall([8, 5, 6, 7, 4, 1, 2, 3])


7607
Vecsmall([7, 8, 5, 6, 3, 4, 1, 2])


7621
Vecsmall([2, 3, 4, 1, 6, 7, 8, 5])


7639
Vecsmall([7, 8, 5, 6, 3, 4, 1, 2])


7643
Vecsmall([6, 7, 8, 5, 2, 3, 4, 1])


7649
Vecsmall([1, 2, 3, 4, 5, 6, 7, 8])


7669
Vecsmall([2, 3, 4, 1, 6, 7, 8, 5])


7673
Vecsmall([3, 4, 1, 2, 7, 8, 5, 6])


7681
Vecsmall([1, 2, 3, 4, 5, 6, 7, 8])


7687
Vecsmall([7, 8, 5, 6, 3, 4, 1, 2])


7691
Vecsmall([6, 7, 8, 5, 2, 3, 4, 1])


7699
Vecsmall([8, 5, 6, 7, 4, 1, 2, 3])


7703
Vecsmall([7, 8, 5, 6, 3, 4, 1, 2])


7717
Vecsmall([2, 3, 4, 1, 6, 7, 8, 5])


7723
Vecsmall([6, 7, 8, 5, 2, 3, 4, 1])


7727
Vecsmall([5, 6, 7, 8, 1, 2, 3, 4])


7741
Vecsmall([4, 1, 2, 3, 8, 5, 6, 7])


7753
Vecsmall([3, 4, 1, 2, 7, 8, 5, 6])


7757
Vecsmall([4, 1, 2, 3, 8, 5, 6, 7])


7759
Vecsmall([5, 6, 7, 8, 1, 2, 3, 4])


7789
Vecsmall([4, 1, 2, 3, 8, 5, 6, 7])


7793
Vecsmall([1, 2, 3, 4, 5, 6, 7, 8])


7817
Vecsmall([3, 4, 1, 2, 7, 8, 5, 6])


7823
Vecsmall([5, 6, 7, 8, 1, 2, 3, 4])


7829
Vecsmall([2, 3, 4, 1, 6, 7, 8, 5])


7841
Vecsmall([1, 2, 3, 4, 5, 6, 7, 8])


7853
Vecsmall([4, 1, 2, 3, 8, 5, 6, 7])


7867
Vecsmall([6, 7, 8, 5, 2, 3, 4, 1])


7873
Vecsmall([1, 2, 3, 4, 5, 6, 7, 8])


7877
Vecsmall([2, 3, 4, 1, 6, 7, 8, 5])


7879
Vecsmall([7, 8, 5, 6, 3, 4, 1, 2])


7883
Vecsmall([6, 7, 8, 5, 2, 3, 4, 1])


7901
Vecsmall([4, 1, 2, 3, 8, 5, 6, 7])


7907
Vecsmall([8, 5, 6, 7, 4, 1, 2, 3])


7919
Vecsmall([5, 6, 7, 8, 1, 2, 3, 4])


7927
Vecsmall([7, 8, 5, 6, 3, 4, 1, 2])


7933
Vecsmall([4, 1, 2, 3, 8, 5, 6, 7])


7937
Vecsmall([1, 2, 3, 4, 5, 6, 7, 8])


7949
Vecsmall([4, 1, 2, 3, 8, 5, 6, 7])


7951
Vecsmall([5, 6, 7, 8, 1, 2, 3, 4])


7963
Vecsmall([6, 7, 8, 5, 2, 3, 4, 1])


7993
Vecsmall([3, 4, 1, 2, 7, 8, 5, 6])


8009
Vecsmall([3, 4, 1, 2, 7, 8, 5, 6])


8011
Vecsmall([6, 7, 8, 5, 2, 3, 4, 1])


8017
Vecsmall([1, 2, 3, 4, 5, 6, 7, 8])


8039
Vecsmall([7, 8, 5, 6, 3, 4, 1, 2])


8053
Vecsmall([2, 3, 4, 1, 6, 7, 8, 5])


8059
Vecsmall([6, 7, 8, 5, 2, 3, 4, 1])


8069
Vecsmall([2, 3, 4, 1, 6, 7, 8, 5])


8081
Vecsmall([1, 2, 3, 4, 5, 6, 7, 8])


8087
Vecsmall([7, 8, 5, 6, 3, 4, 1, 2])


8089
Vecsmall([3, 4, 1, 2, 7, 8, 5, 6])


8093
Vecsmall([4, 1, 2, 3, 8, 5, 6, 7])


8101
Vecsmall([2, 3, 4, 1, 6, 7, 8, 5])


8111
Vecsmall([5, 6, 7, 8, 1, 2, 3, 4])


8117
Vecsmall([2, 3, 4, 1, 6, 7, 8, 5])


8123
Vecsmall([6, 7, 8, 5, 2, 3, 4, 1])


8147
Vecsmall([8, 5, 6, 7, 4, 1, 2, 3])


8161
Vecsmall([1, 2, 3, 4, 5, 6, 7, 8])


8167
Vecsmall([7, 8, 5, 6, 3, 4, 1, 2])


8171
Vecsmall([6, 7, 8, 5, 2, 3, 4, 1])


8179
Vecsmall([8, 5, 6, 7, 4, 1, 2, 3])


8191
Vecsmall([5, 6, 7, 8, 1, 2, 3, 4])


8209
Vecsmall([1, 2, 3, 4, 5, 6, 7, 8])


8219
Vecsmall([6, 7, 8, 5, 2, 3, 4, 1])


8221
Vecsmall([4, 1, 2, 3, 8, 5, 6, 7])


8231
Vecsmall([7, 8, 5, 6, 3, 4, 1, 2])


8233
Vecsmall([3, 4, 1, 2, 7, 8, 5, 6])


8237
Vecsmall([4, 1, 2, 3, 8, 5, 6, 7])


8243
Vecsmall([8, 5, 6, 7, 4, 1, 2, 3])


8263
Vecsmall([7, 8, 5, 6, 3, 4, 1, 2])


8269
Vecsmall([4, 1, 2, 3, 8, 5, 6, 7])


8273
Vecsmall([1, 2, 3, 4, 5, 6, 7, 8])


8287
Vecsmall([5, 6, 7, 8, 1, 2, 3, 4])


8291
Vecsmall([8, 5, 6, 7, 4, 1, 2, 3])


8293
Vecsmall([2, 3, 4, 1, 6, 7, 8, 5])


8297
Vecsmall([3, 4, 1, 2, 7, 8, 5, 6])


8311
Vecsmall([7, 8, 5, 6, 3, 4, 1, 2])


8317
Vecsmall([4, 1, 2, 3, 8, 5, 6, 7])


8329
Vecsmall([3, 4, 1, 2, 7, 8, 5, 6])


8353
Vecsmall([1, 2, 3, 4, 5, 6, 7, 8])


8363
Vecsmall([6, 7, 8, 5, 2, 3, 4, 1])


8369
Vecsmall([1, 2, 3, 4, 5, 6, 7, 8])


8377
Vecsmall([3, 4, 1, 2, 7, 8, 5, 6])


8387
Vecsmall([8, 5, 6, 7, 4, 1, 2, 3])


8389
Vecsmall([2, 3, 4, 1, 6, 7, 8, 5])


8419
Vecsmall([8, 5, 6, 7, 4, 1, 2, 3])


8423
Vecsmall([7, 8, 5, 6, 3, 4, 1, 2])


8429
Vecsmall([4, 1, 2, 3, 8, 5, 6, 7])


8431
Vecsmall([5, 6, 7, 8, 1, 2, 3, 4])


8443
Vecsmall([6, 7, 8, 5, 2, 3, 4, 1])


8447
Vecsmall([5, 6, 7, 8, 1, 2, 3, 4])


8461
Vecsmall([4, 1, 2, 3, 8, 5, 6, 7])


8467
Vecsmall([8, 5, 6, 7, 4, 1, 2, 3])


8501
Vecsmall([2, 3, 4, 1, 6, 7, 8, 5])


8513
Vecsmall([1, 2, 3, 4, 5, 6, 7, 8])


8521
Vecsmall([3, 4, 1, 2, 7, 8, 5, 6])


8527
Vecsmall([5, 6, 7, 8, 1, 2, 3, 4])


8537
Vecsmall([3, 4, 1, 2, 7, 8, 5, 6])


8539
Vecsmall([6, 7, 8, 5, 2, 3, 4, 1])


8543
Vecsmall([5, 6, 7, 8, 1, 2, 3, 4])


8563
Vecsmall([8, 5, 6, 7, 4, 1, 2, 3])


8573
Vecsmall([4, 1, 2, 3, 8, 5, 6, 7])


8581
Vecsmall([2, 3, 4, 1, 6, 7, 8, 5])


8597
Vecsmall([2, 3, 4, 1, 6, 7, 8, 5])


8599
Vecsmall([7, 8, 5, 6, 3, 4, 1, 2])


8609
Vecsmall([1, 2, 3, 4, 5, 6, 7, 8])


8623
Vecsmall([5, 6, 7, 8, 1, 2, 3, 4])


8627
Vecsmall([8, 5, 6, 7, 4, 1, 2, 3])


8629
Vecsmall([2, 3, 4, 1, 6, 7, 8, 5])


8641
Vecsmall([1, 2, 3, 4, 5, 6, 7, 8])


8647
Vecsmall([7, 8, 5, 6, 3, 4, 1, 2])


8663
Vecsmall([7, 8, 5, 6, 3, 4, 1, 2])


8669
Vecsmall([4, 1, 2, 3, 8, 5, 6, 7])


8677
Vecsmall([2, 3, 4, 1, 6, 7, 8, 5])


8681
Vecsmall([3, 4, 1, 2, 7, 8, 5, 6])


8689
Vecsmall([1, 2, 3, 4, 5, 6, 7, 8])


8693
Vecsmall([2, 3, 4, 1, 6, 7, 8, 5])


8699
Vecsmall([6, 7, 8, 5, 2, 3, 4, 1])


8707
Vecsmall([8, 5, 6, 7, 4, 1, 2, 3])


8713
Vecsmall([3, 4, 1, 2, 7, 8, 5, 6])


8719
Vecsmall([5, 6, 7, 8, 1, 2, 3, 4])


8731
Vecsmall([6, 7, 8, 5, 2, 3, 4, 1])


8737
Vecsmall([1, 2, 3, 4, 5, 6, 7, 8])


8741
Vecsmall([2, 3, 4, 1, 6, 7, 8, 5])


8747
Vecsmall([6, 7, 8, 5, 2, 3, 4, 1])


8753
Vecsmall([1, 2, 3, 4, 5, 6, 7, 8])


8761
Vecsmall([3, 4, 1, 2, 7, 8, 5, 6])


8779
Vecsmall([6, 7, 8, 5, 2, 3, 4, 1])


8783
Vecsmall([5, 6, 7, 8, 1, 2, 3, 4])


8803
Vecsmall([8, 5, 6, 7, 4, 1, 2, 3])


8807
Vecsmall([7, 8, 5, 6, 3, 4, 1, 2])


8819
Vecsmall([8, 5, 6, 7, 4, 1, 2, 3])


8821
Vecsmall([2, 3, 4, 1, 6, 7, 8, 5])


8831
Vecsmall([5, 6, 7, 8, 1, 2, 3, 4])


8837
Vecsmall([2, 3, 4, 1, 6, 7, 8, 5])


8839
Vecsmall([7, 8, 5, 6, 3, 4, 1, 2])


8849
Vecsmall([1, 2, 3, 4, 5, 6, 7, 8])


8861
Vecsmall([4, 1, 2, 3, 8, 5, 6, 7])


8863
Vecsmall([5, 6, 7, 8, 1, 2, 3, 4])


8867
Vecsmall([8, 5, 6, 7, 4, 1, 2, 3])


8887
Vecsmall([7, 8, 5, 6, 3, 4, 1, 2])


8893
Vecsmall([4, 1, 2, 3, 8, 5, 6, 7])


8923
Vecsmall([6, 7, 8, 5, 2, 3, 4, 1])


8929
Vecsmall([1, 2, 3, 4, 5, 6, 7, 8])


8933
Vecsmall([2, 3, 4, 1, 6, 7, 8, 5])


8941
Vecsmall([4, 1, 2, 3, 8, 5, 6, 7])


8951
Vecsmall([7, 8, 5, 6, 3, 4, 1, 2])


8963
Vecsmall([8, 5, 6, 7, 4, 1, 2, 3])


8969
Vecsmall([3, 4, 1, 2, 7, 8, 5, 6])


8971
Vecsmall([6, 7, 8, 5, 2, 3, 4, 1])


8999
Vecsmall([7, 8, 5, 6, 3, 4, 1, 2])


9001
Vecsmall([3, 4, 1, 2, 7, 8, 5, 6])


9007
Vecsmall([5, 6, 7, 8, 1, 2, 3, 4])


9011
Vecsmall([8, 5, 6, 7, 4, 1, 2, 3])


9013
Vecsmall([2, 3, 4, 1, 6, 7, 8, 5])


9029
Vecsmall([2, 3, 4, 1, 6, 7, 8, 5])


9041
Vecsmall([1, 2, 3, 4, 5, 6, 7, 8])


9043
Vecsmall([8, 5, 6, 7, 4, 1, 2, 3])


9049
Vecsmall([3, 4, 1, 2, 7, 8, 5, 6])


9059
Vecsmall([8, 5, 6, 7, 4, 1, 2, 3])


9067
Vecsmall([6, 7, 8, 5, 2, 3, 4, 1])


9091
Vecsmall([8, 5, 6, 7, 4, 1, 2, 3])


9103
Vecsmall([5, 6, 7, 8, 1, 2, 3, 4])


9109
Vecsmall([2, 3, 4, 1, 6, 7, 8, 5])


9127
Vecsmall([7, 8, 5, 6, 3, 4, 1, 2])


9133
Vecsmall([4, 1, 2, 3, 8, 5, 6, 7])


9137
Vecsmall([1, 2, 3, 4, 5, 6, 7, 8])


9151
Vecsmall([5, 6, 7, 8, 1, 2, 3, 4])


9157
Vecsmall([2, 3, 4, 1, 6, 7, 8, 5])


9161
Vecsmall([3, 4, 1, 2, 7, 8, 5, 6])


9173
Vecsmall([2, 3, 4, 1, 6, 7, 8, 5])


9181
Vecsmall([4, 1, 2, 3, 8, 5, 6, 7])


9187
Vecsmall([8, 5, 6, 7, 4, 1, 2, 3])


9199
Vecsmall([5, 6, 7, 8, 1, 2, 3, 4])


9203
Vecsmall([8, 5, 6, 7, 4, 1, 2, 3])


9209
Vecsmall([3, 4, 1, 2, 7, 8, 5, 6])


9221
Vecsmall([2, 3, 4, 1, 6, 7, 8, 5])


9227
Vecsmall([6, 7, 8, 5, 2, 3, 4, 1])


9239
Vecsmall([7, 8, 5, 6, 3, 4, 1, 2])


9241
Vecsmall([3, 4, 1, 2, 7, 8, 5, 6])


9257
Vecsmall([3, 4, 1, 2, 7, 8, 5, 6])


9277
Vecsmall([4, 1, 2, 3, 8, 5, 6, 7])


9281
Vecsmall([1, 2, 3, 4, 5, 6, 7, 8])


9283
Vecsmall([8, 5, 6, 7, 4, 1, 2, 3])


9293
Vecsmall([4, 1, 2, 3, 8, 5, 6, 7])


9311
Vecsmall([5, 6, 7, 8, 1, 2, 3, 4])


9319
Vecsmall([7, 8, 5, 6, 3, 4, 1, 2])


9323
Vecsmall([6, 7, 8, 5, 2, 3, 4, 1])


9337
Vecsmall([3, 4, 1, 2, 7, 8, 5, 6])


9341
Vecsmall([4, 1, 2, 3, 8, 5, 6, 7])


9343
Vecsmall([5, 6, 7, 8, 1, 2, 3, 4])


9349
Vecsmall([2, 3, 4, 1, 6, 7, 8, 5])


9371
Vecsmall([6, 7, 8, 5, 2, 3, 4, 1])


9377
Vecsmall([1, 2, 3, 4, 5, 6, 7, 8])


9391
Vecsmall([5, 6, 7, 8, 1, 2, 3, 4])


9397
Vecsmall([2, 3, 4, 1, 6, 7, 8, 5])


9403
Vecsmall([6, 7, 8, 5, 2, 3, 4, 1])


9413
Vecsmall([2, 3, 4, 1, 6, 7, 8, 5])


9419
Vecsmall([6, 7, 8, 5, 2, 3, 4, 1])


9421
Vecsmall([4, 1, 2, 3, 8, 5, 6, 7])


9431
Vecsmall([7, 8, 5, 6, 3, 4, 1, 2])


9433
Vecsmall([3, 4, 1, 2, 7, 8, 5, 6])


9437
Vecsmall([4, 1, 2, 3, 8, 5, 6, 7])


9439
Vecsmall([5, 6, 7, 8, 1, 2, 3, 4])


9461
Vecsmall([2, 3, 4, 1, 6, 7, 8, 5])


9463
Vecsmall([7, 8, 5, 6, 3, 4, 1, 2])


9467
Vecsmall([6, 7, 8, 5, 2, 3, 4, 1])


9473
Vecsmall([1, 2, 3, 4, 5, 6, 7, 8])


9479
Vecsmall([7, 8, 5, 6, 3, 4, 1, 2])


9491
Vecsmall([8, 5, 6, 7, 4, 1, 2, 3])


9497
Vecsmall([3, 4, 1, 2, 7, 8, 5, 6])


9511
Vecsmall([7, 8, 5, 6, 3, 4, 1, 2])


9521
Vecsmall([1, 2, 3, 4, 5, 6, 7, 8])


9533
Vecsmall([4, 1, 2, 3, 8, 5, 6, 7])


9539
Vecsmall([8, 5, 6, 7, 4, 1, 2, 3])


9547
Vecsmall([6, 7, 8, 5, 2, 3, 4, 1])


9551
Vecsmall([5, 6, 7, 8, 1, 2, 3, 4])


9587
Vecsmall([8, 5, 6, 7, 4, 1, 2, 3])


9601
Vecsmall([1, 2, 3, 4, 5, 6, 7, 8])


9613
Vecsmall([4, 1, 2, 3, 8, 5, 6, 7])


9619
Vecsmall([8, 5, 6, 7, 4, 1, 2, 3])


9623
Vecsmall([7, 8, 5, 6, 3, 4, 1, 2])


9629
Vecsmall([4, 1, 2, 3, 8, 5, 6, 7])


9631
Vecsmall([5, 6, 7, 8, 1, 2, 3, 4])


9643
Vecsmall([6, 7, 8, 5, 2, 3, 4, 1])


9649
Vecsmall([1, 2, 3, 4, 5, 6, 7, 8])


9661
Vecsmall([4, 1, 2, 3, 8, 5, 6, 7])


9677
Vecsmall([4, 1, 2, 3, 8, 5, 6, 7])


9679
Vecsmall([5, 6, 7, 8, 1, 2, 3, 4])


9689
Vecsmall([3, 4, 1, 2, 7, 8, 5, 6])


9697
Vecsmall([1, 2, 3, 4, 5, 6, 7, 8])


9719
Vecsmall([7, 8, 5, 6, 3, 4, 1, 2])


9721
Vecsmall([3, 4, 1, 2, 7, 8, 5, 6])


9733
Vecsmall([2, 3, 4, 1, 6, 7, 8, 5])


9739
Vecsmall([6, 7, 8, 5, 2, 3, 4, 1])


9743
Vecsmall([5, 6, 7, 8, 1, 2, 3, 4])


9749
Vecsmall([2, 3, 4, 1, 6, 7, 8, 5])


9767
Vecsmall([7, 8, 5, 6, 3, 4, 1, 2])


9769
Vecsmall([3, 4, 1, 2, 7, 8, 5, 6])


9781
Vecsmall([2, 3, 4, 1, 6, 7, 8, 5])


9787
Vecsmall([6, 7, 8, 5, 2, 3, 4, 1])


9791
Vecsmall([5, 6, 7, 8, 1, 2, 3, 4])


9803
Vecsmall([6, 7, 8, 5, 2, 3, 4, 1])


9811
Vecsmall([8, 5, 6, 7, 4, 1, 2, 3])


9817
Vecsmall([3, 4, 1, 2, 7, 8, 5, 6])


9829
Vecsmall([2, 3, 4, 1, 6, 7, 8, 5])


9833
Vecsmall([3, 4, 1, 2, 7, 8, 5, 6])


9839
Vecsmall([5, 6, 7, 8, 1, 2, 3, 4])


9851
Vecsmall([6, 7, 8, 5, 2, 3, 4, 1])


9857
Vecsmall([1, 2, 3, 4, 5, 6, 7, 8])


9859
Vecsmall([8, 5, 6, 7, 4, 1, 2, 3])


9871
Vecsmall([5, 6, 7, 8, 1, 2, 3, 4])


9883
Vecsmall([6, 7, 8, 5, 2, 3, 4, 1])


9887
Vecsmall([5, 6, 7, 8, 1, 2, 3, 4])


9901
Vecsmall([4, 1, 2, 3, 8, 5, 6, 7])


9907
Vecsmall([8, 5, 6, 7, 4, 1, 2, 3])


9923
Vecsmall([8, 5, 6, 7, 4, 1, 2, 3])


9929
Vecsmall([3, 4, 1, 2, 7, 8, 5, 6])


9931
Vecsmall([6, 7, 8, 5, 2, 3, 4, 1])


9941
Vecsmall([2, 3, 4, 1, 6, 7, 8, 5])


9949
Vecsmall([4, 1, 2, 3, 8, 5, 6, 7])


9967
Vecsmall([5, 6, 7, 8, 1, 2, 3, 4])


9973
Vecsmall([2, 3, 4, 1, 6, 7, 8, 5])
