Galois identify
[8, 3]


Galois conjug classes
[[Vecsmall([1, 2, 3, 4, 5, 6, 7, 8])], [Vecsmall([2, 1, 5, 6, 3, 4, 8, 7])], [Vecsmall([5, 3, 2, 7, 1, 8, 4, 6]), Vecsmall([3, 5, 1, 8, 2, 7, 6, 4])], [Vecsmall([6, 4, 8, 1, 7, 2, 3, 5]), Vecsmall([4, 6, 7, 2, 8, 1, 5, 3])], [Vecsmall([8, 7, 6, 5, 4, 3, 2, 1]), Vecsmall([7, 8, 4, 3, 6, 5, 1, 2])]]




3
Vecsmall([6, 4, 8, 1, 7, 2, 3, 5])


5
Vecsmall([8, 7, 6, 5, 4, 3, 2, 1])


7
Vecsmall([3, 5, 1, 8, 2, 7, 6, 4])


11
Vecsmall([4, 6, 7, 2, 8, 1, 5, 3])


13
Vecsmall([8, 7, 6, 5, 4, 3, 2, 1])


17
Vecsmall([2, 1, 5, 6, 3, 4, 8, 7])


19
Vecsmall([6, 4, 8, 1, 7, 2, 3, 5])


23
Vecsmall([5, 3, 2, 7, 1, 8, 4, 6])


29
Vecsmall([8, 7, 6, 5, 4, 3, 2, 1])


31
Vecsmall([3, 5, 1, 8, 2, 7, 6, 4])


37
Vecsmall([7, 8, 4, 3, 6, 5, 1, 2])


41
Vecsmall([1, 2, 3, 4, 5, 6, 7, 8])


43
Vecsmall([4, 6, 7, 2, 8, 1, 5, 3])


47
Vecsmall([3, 5, 1, 8, 2, 7, 6, 4])


53
Vecsmall([8, 7, 6, 5, 4, 3, 2, 1])


59
Vecsmall([6, 4, 8, 1, 7, 2, 3, 5])


61
Vecsmall([8, 7, 6, 5, 4, 3, 2, 1])


67
Vecsmall([4, 6, 7, 2, 8, 1, 5, 3])


71
Vecsmall([5, 3, 2, 7, 1, 8, 4, 6])


73
Vecsmall([2, 1, 5, 6, 3, 4, 8, 7])


79
Vecsmall([5, 3, 2, 7, 1, 8, 4, 6])


83
Vecsmall([4, 6, 7, 2, 8, 1, 5, 3])


89
Vecsmall([2, 1, 5, 6, 3, 4, 8, 7])


97
Vecsmall([2, 1, 5, 6, 3, 4, 8, 7])


101
Vecsmall([8, 7, 6, 5, 4, 3, 2, 1])


103
Vecsmall([5, 3, 2, 7, 1, 8, 4, 6])


107
Vecsmall([6, 4, 8, 1, 7, 2, 3, 5])


109
Vecsmall([7, 8, 4, 3, 6, 5, 1, 2])


113
Vecsmall([1, 2, 3, 4, 5, 6, 7, 8])


127
Vecsmall([5, 3, 2, 7, 1, 8, 4, 6])


131
Vecsmall([4, 6, 7, 2, 8, 1, 5, 3])


137
Vecsmall([1, 2, 3, 4, 5, 6, 7, 8])


139
Vecsmall([6, 4, 8, 1, 7, 2, 3, 5])


149
Vecsmall([7, 8, 4, 3, 6, 5, 1, 2])


151
Vecsmall([5, 3, 2, 7, 1, 8, 4, 6])


157
Vecsmall([8, 7, 6, 5, 4, 3, 2, 1])


163
Vecsmall([6, 4, 8, 1, 7, 2, 3, 5])


167
Vecsmall([5, 3, 2, 7, 1, 8, 4, 6])


173
Vecsmall([8, 7, 6, 5, 4, 3, 2, 1])


179
Vecsmall([4, 6, 7, 2, 8, 1, 5, 3])


181
Vecsmall([8, 7, 6, 5, 4, 3, 2, 1])


191
Vecsmall([5, 3, 2, 7, 1, 8, 4, 6])


193
Vecsmall([2, 1, 5, 6, 3, 4, 8, 7])


197
Vecsmall([8, 7, 6, 5, 4, 3, 2, 1])


199
Vecsmall([5, 3, 2, 7, 1, 8, 4, 6])


211
Vecsmall([6, 4, 8, 1, 7, 2, 3, 5])


223
Vecsmall([5, 3, 2, 7, 1, 8, 4, 6])


227
Vecsmall([6, 4, 8, 1, 7, 2, 3, 5])


229
Vecsmall([8, 7, 6, 5, 4, 3, 2, 1])


233
Vecsmall([2, 1, 5, 6, 3, 4, 8, 7])


239
Vecsmall([5, 3, 2, 7, 1, 8, 4, 6])


241
Vecsmall([2, 1, 5, 6, 3, 4, 8, 7])


251
Vecsmall([4, 6, 7, 2, 8, 1, 5, 3])


257
Vecsmall([1, 2, 3, 4, 5, 6, 7, 8])


263
Vecsmall([5, 3, 2, 7, 1, 8, 4, 6])


269
Vecsmall([7, 8, 4, 3, 6, 5, 1, 2])


271
Vecsmall([5, 3, 2, 7, 1, 8, 4, 6])


277
Vecsmall([8, 7, 6, 5, 4, 3, 2, 1])


281
Vecsmall([2, 1, 5, 6, 3, 4, 8, 7])


283
Vecsmall([4, 6, 7, 2, 8, 1, 5, 3])


293
Vecsmall([8, 7, 6, 5, 4, 3, 2, 1])


307
Vecsmall([4, 6, 7, 2, 8, 1, 5, 3])


311
Vecsmall([5, 3, 2, 7, 1, 8, 4, 6])


313
Vecsmall([1, 2, 3, 4, 5, 6, 7, 8])


317
Vecsmall([8, 7, 6, 5, 4, 3, 2, 1])


331
Vecsmall([4, 6, 7, 2, 8, 1, 5, 3])


337
Vecsmall([1, 2, 3, 4, 5, 6, 7, 8])


347
Vecsmall([4, 6, 7, 2, 8, 1, 5, 3])


349
Vecsmall([7, 8, 4, 3, 6, 5, 1, 2])


353
Vecsmall([1, 2, 3, 4, 5, 6, 7, 8])


359
Vecsmall([5, 3, 2, 7, 1, 8, 4, 6])


367
Vecsmall([3, 5, 1, 8, 2, 7, 6, 4])


373
Vecsmall([8, 7, 6, 5, 4, 3, 2, 1])


379
Vecsmall([4, 6, 7, 2, 8, 1, 5, 3])


383
Vecsmall([5, 3, 2, 7, 1, 8, 4, 6])


389
Vecsmall([8, 7, 6, 5, 4, 3, 2, 1])


397
Vecsmall([8, 7, 6, 5, 4, 3, 2, 1])


401
Vecsmall([2, 1, 5, 6, 3, 4, 8, 7])


409
Vecsmall([1, 2, 3, 4, 5, 6, 7, 8])


419
Vecsmall([6, 4, 8, 1, 7, 2, 3, 5])


421
Vecsmall([8, 7, 6, 5, 4, 3, 2, 1])


431
Vecsmall([3, 5, 1, 8, 2, 7, 6, 4])


433
Vecsmall([2, 1, 5, 6, 3, 4, 8, 7])


439
Vecsmall([5, 3, 2, 7, 1, 8, 4, 6])


443
Vecsmall([4, 6, 7, 2, 8, 1, 5, 3])


449
Vecsmall([2, 1, 5, 6, 3, 4, 8, 7])


457
Vecsmall([1, 2, 3, 4, 5, 6, 7, 8])


461
Vecsmall([8, 7, 6, 5, 4, 3, 2, 1])


463
Vecsmall([5, 3, 2, 7, 1, 8, 4, 6])


467
Vecsmall([4, 6, 7, 2, 8, 1, 5, 3])


479
Vecsmall([5, 3, 2, 7, 1, 8, 4, 6])


487
Vecsmall([5, 3, 2, 7, 1, 8, 4, 6])


491
Vecsmall([6, 4, 8, 1, 7, 2, 3, 5])


499
Vecsmall([4, 6, 7, 2, 8, 1, 5, 3])


503
Vecsmall([5, 3, 2, 7, 1, 8, 4, 6])


509
Vecsmall([7, 8, 4, 3, 6, 5, 1, 2])


521
Vecsmall([1, 2, 3, 4, 5, 6, 7, 8])


523
Vecsmall([4, 6, 7, 2, 8, 1, 5, 3])


541
Vecsmall([8, 7, 6, 5, 4, 3, 2, 1])


547
Vecsmall([6, 4, 8, 1, 7, 2, 3, 5])


557
Vecsmall([7, 8, 4, 3, 6, 5, 1, 2])


563
Vecsmall([4, 6, 7, 2, 8, 1, 5, 3])


569
Vecsmall([1, 2, 3, 4, 5, 6, 7, 8])


571
Vecsmall([6, 4, 8, 1, 7, 2, 3, 5])


577
Vecsmall([1, 2, 3, 4, 5, 6, 7, 8])


587
Vecsmall([6, 4, 8, 1, 7, 2, 3, 5])


593
Vecsmall([1, 2, 3, 4, 5, 6, 7, 8])


599
Vecsmall([3, 5, 1, 8, 2, 7, 6, 4])


601
Vecsmall([2, 1, 5, 6, 3, 4, 8, 7])


607
Vecsmall([3, 5, 1, 8, 2, 7, 6, 4])


613
Vecsmall([8, 7, 6, 5, 4, 3, 2, 1])


617
Vecsmall([2, 1, 5, 6, 3, 4, 8, 7])


619
Vecsmall([6, 4, 8, 1, 7, 2, 3, 5])


631
Vecsmall([5, 3, 2, 7, 1, 8, 4, 6])


641
Vecsmall([2, 1, 5, 6, 3, 4, 8, 7])


643
Vecsmall([6, 4, 8, 1, 7, 2, 3, 5])


647
Vecsmall([5, 3, 2, 7, 1, 8, 4, 6])


653
Vecsmall([8, 7, 6, 5, 4, 3, 2, 1])


659
Vecsmall([6, 4, 8, 1, 7, 2, 3, 5])


661
Vecsmall([8, 7, 6, 5, 4, 3, 2, 1])


673
Vecsmall([2, 1, 5, 6, 3, 4, 8, 7])


677
Vecsmall([8, 7, 6, 5, 4, 3, 2, 1])


683
Vecsmall([6, 4, 8, 1, 7, 2, 3, 5])


691
Vecsmall([4, 6, 7, 2, 8, 1, 5, 3])


701
Vecsmall([8, 7, 6, 5, 4, 3, 2, 1])


709
Vecsmall([8, 7, 6, 5, 4, 3, 2, 1])


719
Vecsmall([5, 3, 2, 7, 1, 8, 4, 6])


727
Vecsmall([5, 3, 2, 7, 1, 8, 4, 6])


733
Vecsmall([8, 7, 6, 5, 4, 3, 2, 1])


739
Vecsmall([4, 6, 7, 2, 8, 1, 5, 3])


743
Vecsmall([5, 3, 2, 7, 1, 8, 4, 6])


751
Vecsmall([5, 3, 2, 7, 1, 8, 4, 6])


757
Vecsmall([8, 7, 6, 5, 4, 3, 2, 1])


761
Vecsmall([1, 2, 3, 4, 5, 6, 7, 8])


769
Vecsmall([2, 1, 5, 6, 3, 4, 8, 7])


773
Vecsmall([7, 8, 4, 3, 6, 5, 1, 2])


787
Vecsmall([4, 6, 7, 2, 8, 1, 5, 3])


797
Vecsmall([7, 8, 4, 3, 6, 5, 1, 2])


809
Vecsmall([1, 2, 3, 4, 5, 6, 7, 8])


811
Vecsmall([4, 6, 7, 2, 8, 1, 5, 3])


821
Vecsmall([7, 8, 4, 3, 6, 5, 1, 2])


823
Vecsmall([3, 5, 1, 8, 2, 7, 6, 4])


827
Vecsmall([4, 6, 7, 2, 8, 1, 5, 3])


829
Vecsmall([8, 7, 6, 5, 4, 3, 2, 1])


839
Vecsmall([5, 3, 2, 7, 1, 8, 4, 6])


853
Vecsmall([8, 7, 6, 5, 4, 3, 2, 1])


857
Vecsmall([1, 2, 3, 4, 5, 6, 7, 8])


859
Vecsmall([4, 6, 7, 2, 8, 1, 5, 3])


863
Vecsmall([5, 3, 2, 7, 1, 8, 4, 6])


877
Vecsmall([8, 7, 6, 5, 4, 3, 2, 1])


881
Vecsmall([1, 2, 3, 4, 5, 6, 7, 8])


883
Vecsmall([6, 4, 8, 1, 7, 2, 3, 5])


887
Vecsmall([5, 3, 2, 7, 1, 8, 4, 6])


907
Vecsmall([4, 6, 7, 2, 8, 1, 5, 3])


911
Vecsmall([5, 3, 2, 7, 1, 8, 4, 6])


919
Vecsmall([5, 3, 2, 7, 1, 8, 4, 6])


929
Vecsmall([2, 1, 5, 6, 3, 4, 8, 7])


937
Vecsmall([2, 1, 5, 6, 3, 4, 8, 7])


941
Vecsmall([7, 8, 4, 3, 6, 5, 1, 2])


947
Vecsmall([6, 4, 8, 1, 7, 2, 3, 5])


953
Vecsmall([1, 2, 3, 4, 5, 6, 7, 8])


967
Vecsmall([5, 3, 2, 7, 1, 8, 4, 6])


971
Vecsmall([4, 6, 7, 2, 8, 1, 5, 3])


977
Vecsmall([2, 1, 5, 6, 3, 4, 8, 7])


983
Vecsmall([5, 3, 2, 7, 1, 8, 4, 6])


991
Vecsmall([5, 3, 2, 7, 1, 8, 4, 6])


997
Vecsmall([8, 7, 6, 5, 4, 3, 2, 1])


1009
Vecsmall([2, 1, 5, 6, 3, 4, 8, 7])


1013
Vecsmall([8, 7, 6, 5, 4, 3, 2, 1])


1019
Vecsmall([4, 6, 7, 2, 8, 1, 5, 3])


1021
Vecsmall([8, 7, 6, 5, 4, 3, 2, 1])


1031
Vecsmall([5, 3, 2, 7, 1, 8, 4, 6])


1033
Vecsmall([2, 1, 5, 6, 3, 4, 8, 7])


1039
Vecsmall([3, 5, 1, 8, 2, 7, 6, 4])


1049
Vecsmall([2, 1, 5, 6, 3, 4, 8, 7])


1051
Vecsmall([6, 4, 8, 1, 7, 2, 3, 5])


1061
Vecsmall([8, 7, 6, 5, 4, 3, 2, 1])


1063
Vecsmall([5, 3, 2, 7, 1, 8, 4, 6])


1069
Vecsmall([8, 7, 6, 5, 4, 3, 2, 1])


1087
Vecsmall([5, 3, 2, 7, 1, 8, 4, 6])


1091
Vecsmall([4, 6, 7, 2, 8, 1, 5, 3])


1093
Vecsmall([8, 7, 6, 5, 4, 3, 2, 1])


1097
Vecsmall([2, 1, 5, 6, 3, 4, 8, 7])


1103
Vecsmall([3, 5, 1, 8, 2, 7, 6, 4])


1109
Vecsmall([8, 7, 6, 5, 4, 3, 2, 1])


1117
Vecsmall([7, 8, 4, 3, 6, 5, 1, 2])


1123
Vecsmall([6, 4, 8, 1, 7, 2, 3, 5])


1129
Vecsmall([1, 2, 3, 4, 5, 6, 7, 8])


1151
Vecsmall([5, 3, 2, 7, 1, 8, 4, 6])


1153
Vecsmall([1, 2, 3, 4, 5, 6, 7, 8])


1163
Vecsmall([4, 6, 7, 2, 8, 1, 5, 3])


1171
Vecsmall([6, 4, 8, 1, 7, 2, 3, 5])


1181
Vecsmall([8, 7, 6, 5, 4, 3, 2, 1])


1187
Vecsmall([6, 4, 8, 1, 7, 2, 3, 5])


1193
Vecsmall([2, 1, 5, 6, 3, 4, 8, 7])


1201
Vecsmall([1, 2, 3, 4, 5, 6, 7, 8])


1213
Vecsmall([8, 7, 6, 5, 4, 3, 2, 1])


1217
Vecsmall([1, 2, 3, 4, 5, 6, 7, 8])


1223
Vecsmall([5, 3, 2, 7, 1, 8, 4, 6])


1229
Vecsmall([8, 7, 6, 5, 4, 3, 2, 1])


1231
Vecsmall([3, 5, 1, 8, 2, 7, 6, 4])


1237
Vecsmall([8, 7, 6, 5, 4, 3, 2, 1])


1249
Vecsmall([1, 2, 3, 4, 5, 6, 7, 8])


1259
Vecsmall([4, 6, 7, 2, 8, 1, 5, 3])


1277
Vecsmall([7, 8, 4, 3, 6, 5, 1, 2])


1279
Vecsmall([5, 3, 2, 7, 1, 8, 4, 6])


1283
Vecsmall([4, 6, 7, 2, 8, 1, 5, 3])


1289
Vecsmall([2, 1, 5, 6, 3, 4, 8, 7])


1291
Vecsmall([6, 4, 8, 1, 7, 2, 3, 5])


1297
Vecsmall([2, 1, 5, 6, 3, 4, 8, 7])


1301
Vecsmall([8, 7, 6, 5, 4, 3, 2, 1])


1303
Vecsmall([5, 3, 2, 7, 1, 8, 4, 6])


1307
Vecsmall([4, 6, 7, 2, 8, 1, 5, 3])


1319
Vecsmall([5, 3, 2, 7, 1, 8, 4, 6])


1321
Vecsmall([1, 2, 3, 4, 5, 6, 7, 8])


1327
Vecsmall([3, 5, 1, 8, 2, 7, 6, 4])


1361
Vecsmall([2, 1, 5, 6, 3, 4, 8, 7])


1367
Vecsmall([5, 3, 2, 7, 1, 8, 4, 6])


1373
Vecsmall([8, 7, 6, 5, 4, 3, 2, 1])


1381
Vecsmall([8, 7, 6, 5, 4, 3, 2, 1])


1399
Vecsmall([5, 3, 2, 7, 1, 8, 4, 6])


1409
Vecsmall([2, 1, 5, 6, 3, 4, 8, 7])


1423
Vecsmall([5, 3, 2, 7, 1, 8, 4, 6])


1427
Vecsmall([6, 4, 8, 1, 7, 2, 3, 5])


1429
Vecsmall([8, 7, 6, 5, 4, 3, 2, 1])


1433
Vecsmall([2, 1, 5, 6, 3, 4, 8, 7])


1439
Vecsmall([3, 5, 1, 8, 2, 7, 6, 4])


1447
Vecsmall([5, 3, 2, 7, 1, 8, 4, 6])


1451
Vecsmall([6, 4, 8, 1, 7, 2, 3, 5])


1453
Vecsmall([7, 8, 4, 3, 6, 5, 1, 2])


1459
Vecsmall([4, 6, 7, 2, 8, 1, 5, 3])


1471
Vecsmall([5, 3, 2, 7, 1, 8, 4, 6])


1481
Vecsmall([2, 1, 5, 6, 3, 4, 8, 7])


1483
Vecsmall([6, 4, 8, 1, 7, 2, 3, 5])


1487
Vecsmall([5, 3, 2, 7, 1, 8, 4, 6])


1489
Vecsmall([2, 1, 5, 6, 3, 4, 8, 7])


1493
Vecsmall([8, 7, 6, 5, 4, 3, 2, 1])


1499
Vecsmall([6, 4, 8, 1, 7, 2, 3, 5])


1511
Vecsmall([5, 3, 2, 7, 1, 8, 4, 6])


1523
Vecsmall([6, 4, 8, 1, 7, 2, 3, 5])


1531
Vecsmall([6, 4, 8, 1, 7, 2, 3, 5])


1543
Vecsmall([5, 3, 2, 7, 1, 8, 4, 6])


1549
Vecsmall([8, 7, 6, 5, 4, 3, 2, 1])


1553
Vecsmall([1, 2, 3, 4, 5, 6, 7, 8])


1559
Vecsmall([3, 5, 1, 8, 2, 7, 6, 4])


1567
Vecsmall([3, 5, 1, 8, 2, 7, 6, 4])


1571
Vecsmall([6, 4, 8, 1, 7, 2, 3, 5])


1579
Vecsmall([6, 4, 8, 1, 7, 2, 3, 5])


1583
Vecsmall([5, 3, 2, 7, 1, 8, 4, 6])


1597
Vecsmall([8, 7, 6, 5, 4, 3, 2, 1])


1601
Vecsmall([1, 2, 3, 4, 5, 6, 7, 8])


1607
Vecsmall([5, 3, 2, 7, 1, 8, 4, 6])


1609
Vecsmall([2, 1, 5, 6, 3, 4, 8, 7])


1613
Vecsmall([8, 7, 6, 5, 4, 3, 2, 1])


1619
Vecsmall([4, 6, 7, 2, 8, 1, 5, 3])


1621
Vecsmall([8, 7, 6, 5, 4, 3, 2, 1])


1627
Vecsmall([6, 4, 8, 1, 7, 2, 3, 5])


1637
Vecsmall([7, 8, 4, 3, 6, 5, 1, 2])


1657
Vecsmall([1, 2, 3, 4, 5, 6, 7, 8])


1663
Vecsmall([5, 3, 2, 7, 1, 8, 4, 6])


1667
Vecsmall([4, 6, 7, 2, 8, 1, 5, 3])


1669
Vecsmall([7, 8, 4, 3, 6, 5, 1, 2])


1693
Vecsmall([7, 8, 4, 3, 6, 5, 1, 2])


1697
Vecsmall([2, 1, 5, 6, 3, 4, 8, 7])


1699
Vecsmall([4, 6, 7, 2, 8, 1, 5, 3])


1709
Vecsmall([8, 7, 6, 5, 4, 3, 2, 1])


1721
Vecsmall([2, 1, 5, 6, 3, 4, 8, 7])


1723
Vecsmall([4, 6, 7, 2, 8, 1, 5, 3])


1733
Vecsmall([8, 7, 6, 5, 4, 3, 2, 1])


1741
Vecsmall([7, 8, 4, 3, 6, 5, 1, 2])


1747
Vecsmall([6, 4, 8, 1, 7, 2, 3, 5])


1753
Vecsmall([2, 1, 5, 6, 3, 4, 8, 7])


1759
Vecsmall([5, 3, 2, 7, 1, 8, 4, 6])


1777
Vecsmall([1, 2, 3, 4, 5, 6, 7, 8])


1783
Vecsmall([5, 3, 2, 7, 1, 8, 4, 6])


1787
Vecsmall([4, 6, 7, 2, 8, 1, 5, 3])


1789
Vecsmall([8, 7, 6, 5, 4, 3, 2, 1])


1801
Vecsmall([2, 1, 5, 6, 3, 4, 8, 7])


1811
Vecsmall([6, 4, 8, 1, 7, 2, 3, 5])


1823
Vecsmall([3, 5, 1, 8, 2, 7, 6, 4])


1831
Vecsmall([3, 5, 1, 8, 2, 7, 6, 4])


1847
Vecsmall([5, 3, 2, 7, 1, 8, 4, 6])


1861
Vecsmall([8, 7, 6, 5, 4, 3, 2, 1])


1867
Vecsmall([4, 6, 7, 2, 8, 1, 5, 3])


1871
Vecsmall([5, 3, 2, 7, 1, 8, 4, 6])


1873
Vecsmall([2, 1, 5, 6, 3, 4, 8, 7])


1877
Vecsmall([8, 7, 6, 5, 4, 3, 2, 1])


1879
Vecsmall([3, 5, 1, 8, 2, 7, 6, 4])


1889
Vecsmall([1, 2, 3, 4, 5, 6, 7, 8])


1901
Vecsmall([7, 8, 4, 3, 6, 5, 1, 2])


1907
Vecsmall([4, 6, 7, 2, 8, 1, 5, 3])


1913
Vecsmall([2, 1, 5, 6, 3, 4, 8, 7])


1931
Vecsmall([6, 4, 8, 1, 7, 2, 3, 5])


1933
Vecsmall([7, 8, 4, 3, 6, 5, 1, 2])


1949
Vecsmall([8, 7, 6, 5, 4, 3, 2, 1])


1951
Vecsmall([3, 5, 1, 8, 2, 7, 6, 4])


1973
Vecsmall([7, 8, 4, 3, 6, 5, 1, 2])


1979
Vecsmall([4, 6, 7, 2, 8, 1, 5, 3])


1987
Vecsmall([6, 4, 8, 1, 7, 2, 3, 5])


1993
Vecsmall([1, 2, 3, 4, 5, 6, 7, 8])


1997
Vecsmall([8, 7, 6, 5, 4, 3, 2, 1])


1999
Vecsmall([5, 3, 2, 7, 1, 8, 4, 6])


2003
Vecsmall([4, 6, 7, 2, 8, 1, 5, 3])


2011
Vecsmall([6, 4, 8, 1, 7, 2, 3, 5])


2017
Vecsmall([2, 1, 5, 6, 3, 4, 8, 7])


2027
Vecsmall([4, 6, 7, 2, 8, 1, 5, 3])


2029
Vecsmall([8, 7, 6, 5, 4, 3, 2, 1])


2039
Vecsmall([5, 3, 2, 7, 1, 8, 4, 6])


2053
Vecsmall([8, 7, 6, 5, 4, 3, 2, 1])


2063
Vecsmall([5, 3, 2, 7, 1, 8, 4, 6])


2069
Vecsmall([8, 7, 6, 5, 4, 3, 2, 1])


2081
Vecsmall([2, 1, 5, 6, 3, 4, 8, 7])


2083
Vecsmall([6, 4, 8, 1, 7, 2, 3, 5])


2087
Vecsmall([3, 5, 1, 8, 2, 7, 6, 4])


2089
Vecsmall([2, 1, 5, 6, 3, 4, 8, 7])


2099
Vecsmall([6, 4, 8, 1, 7, 2, 3, 5])


2111
Vecsmall([5, 3, 2, 7, 1, 8, 4, 6])


2113
Vecsmall([1, 2, 3, 4, 5, 6, 7, 8])


2129
Vecsmall([1, 2, 3, 4, 5, 6, 7, 8])


2131
Vecsmall([4, 6, 7, 2, 8, 1, 5, 3])


2137
Vecsmall([1, 2, 3, 4, 5, 6, 7, 8])


2141
Vecsmall([7, 8, 4, 3, 6, 5, 1, 2])


2143
Vecsmall([3, 5, 1, 8, 2, 7, 6, 4])


2153
Vecsmall([1, 2, 3, 4, 5, 6, 7, 8])


2161
Vecsmall([2, 1, 5, 6, 3, 4, 8, 7])


2179
Vecsmall([6, 4, 8, 1, 7, 2, 3, 5])


2203
Vecsmall([6, 4, 8, 1, 7, 2, 3, 5])


2207
Vecsmall([5, 3, 2, 7, 1, 8, 4, 6])


2213
Vecsmall([8, 7, 6, 5, 4, 3, 2, 1])


2221
Vecsmall([8, 7, 6, 5, 4, 3, 2, 1])


2237
Vecsmall([7, 8, 4, 3, 6, 5, 1, 2])


2239
Vecsmall([5, 3, 2, 7, 1, 8, 4, 6])


2243
Vecsmall([6, 4, 8, 1, 7, 2, 3, 5])


2251
Vecsmall([6, 4, 8, 1, 7, 2, 3, 5])


2267
Vecsmall([4, 6, 7, 2, 8, 1, 5, 3])


2269
Vecsmall([8, 7, 6, 5, 4, 3, 2, 1])


2273
Vecsmall([1, 2, 3, 4, 5, 6, 7, 8])


2281
Vecsmall([2, 1, 5, 6, 3, 4, 8, 7])


2287
Vecsmall([3, 5, 1, 8, 2, 7, 6, 4])


2293
Vecsmall([7, 8, 4, 3, 6, 5, 1, 2])


2297
Vecsmall([1, 2, 3, 4, 5, 6, 7, 8])


2309
Vecsmall([8, 7, 6, 5, 4, 3, 2, 1])


2311
Vecsmall([5, 3, 2, 7, 1, 8, 4, 6])


2333
Vecsmall([7, 8, 4, 3, 6, 5, 1, 2])


2339
Vecsmall([4, 6, 7, 2, 8, 1, 5, 3])


2341
Vecsmall([8, 7, 6, 5, 4, 3, 2, 1])


2347
Vecsmall([4, 6, 7, 2, 8, 1, 5, 3])


2351
Vecsmall([5, 3, 2, 7, 1, 8, 4, 6])


2357
Vecsmall([8, 7, 6, 5, 4, 3, 2, 1])


2371
Vecsmall([4, 6, 7, 2, 8, 1, 5, 3])


2377
Vecsmall([1, 2, 3, 4, 5, 6, 7, 8])


2381
Vecsmall([7, 8, 4, 3, 6, 5, 1, 2])


2383
Vecsmall([5, 3, 2, 7, 1, 8, 4, 6])


2389
Vecsmall([8, 7, 6, 5, 4, 3, 2, 1])


2393
Vecsmall([2, 1, 5, 6, 3, 4, 8, 7])


2399
Vecsmall([3, 5, 1, 8, 2, 7, 6, 4])


2411
Vecsmall([6, 4, 8, 1, 7, 2, 3, 5])


2417
Vecsmall([2, 1, 5, 6, 3, 4, 8, 7])


2423
Vecsmall([3, 5, 1, 8, 2, 7, 6, 4])


2437
Vecsmall([7, 8, 4, 3, 6, 5, 1, 2])


2441
Vecsmall([2, 1, 5, 6, 3, 4, 8, 7])


2447
Vecsmall([3, 5, 1, 8, 2, 7, 6, 4])


2459
Vecsmall([4, 6, 7, 2, 8, 1, 5, 3])


2467
Vecsmall([6, 4, 8, 1, 7, 2, 3, 5])


2473
Vecsmall([2, 1, 5, 6, 3, 4, 8, 7])


2477
Vecsmall([8, 7, 6, 5, 4, 3, 2, 1])


2503
Vecsmall([5, 3, 2, 7, 1, 8, 4, 6])


2521
Vecsmall([1, 2, 3, 4, 5, 6, 7, 8])


2531
Vecsmall([4, 6, 7, 2, 8, 1, 5, 3])


2539
Vecsmall([4, 6, 7, 2, 8, 1, 5, 3])


2543
Vecsmall([5, 3, 2, 7, 1, 8, 4, 6])


2549
Vecsmall([8, 7, 6, 5, 4, 3, 2, 1])


2551
Vecsmall([5, 3, 2, 7, 1, 8, 4, 6])


2557
Vecsmall([8, 7, 6, 5, 4, 3, 2, 1])


2579
Vecsmall([6, 4, 8, 1, 7, 2, 3, 5])


2591
Vecsmall([5, 3, 2, 7, 1, 8, 4, 6])


2593
Vecsmall([1, 2, 3, 4, 5, 6, 7, 8])


2609
Vecsmall([2, 1, 5, 6, 3, 4, 8, 7])


2617
Vecsmall([1, 2, 3, 4, 5, 6, 7, 8])


2621
Vecsmall([7, 8, 4, 3, 6, 5, 1, 2])


2633
Vecsmall([1, 2, 3, 4, 5, 6, 7, 8])


2647
Vecsmall([3, 5, 1, 8, 2, 7, 6, 4])


2657
Vecsmall([1, 2, 3, 4, 5, 6, 7, 8])


2659
Vecsmall([6, 4, 8, 1, 7, 2, 3, 5])


2663
Vecsmall([5, 3, 2, 7, 1, 8, 4, 6])


2671
Vecsmall([3, 5, 1, 8, 2, 7, 6, 4])


2677
Vecsmall([8, 7, 6, 5, 4, 3, 2, 1])


2683
Vecsmall([6, 4, 8, 1, 7, 2, 3, 5])


2687
Vecsmall([5, 3, 2, 7, 1, 8, 4, 6])


2689
Vecsmall([1, 2, 3, 4, 5, 6, 7, 8])


2693
Vecsmall([8, 7, 6, 5, 4, 3, 2, 1])


2699
Vecsmall([6, 4, 8, 1, 7, 2, 3, 5])


2707
Vecsmall([4, 6, 7, 2, 8, 1, 5, 3])


2711
Vecsmall([3, 5, 1, 8, 2, 7, 6, 4])


2713
Vecsmall([1, 2, 3, 4, 5, 6, 7, 8])


2719
Vecsmall([3, 5, 1, 8, 2, 7, 6, 4])


2729
Vecsmall([1, 2, 3, 4, 5, 6, 7, 8])


2731
Vecsmall([4, 6, 7, 2, 8, 1, 5, 3])


2741
Vecsmall([8, 7, 6, 5, 4, 3, 2, 1])


2749
Vecsmall([8, 7, 6, 5, 4, 3, 2, 1])


2753
Vecsmall([2, 1, 5, 6, 3, 4, 8, 7])


2767
Vecsmall([5, 3, 2, 7, 1, 8, 4, 6])


2777
Vecsmall([1, 2, 3, 4, 5, 6, 7, 8])


2789
Vecsmall([8, 7, 6, 5, 4, 3, 2, 1])


2791
Vecsmall([5, 3, 2, 7, 1, 8, 4, 6])


2797
Vecsmall([8, 7, 6, 5, 4, 3, 2, 1])


2801
Vecsmall([2, 1, 5, 6, 3, 4, 8, 7])


2803
Vecsmall([6, 4, 8, 1, 7, 2, 3, 5])


2819
Vecsmall([4, 6, 7, 2, 8, 1, 5, 3])


2833
Vecsmall([1, 2, 3, 4, 5, 6, 7, 8])


2837
Vecsmall([7, 8, 4, 3, 6, 5, 1, 2])


2843
Vecsmall([6, 4, 8, 1, 7, 2, 3, 5])


2851
Vecsmall([6, 4, 8, 1, 7, 2, 3, 5])


2857
Vecsmall([2, 1, 5, 6, 3, 4, 8, 7])


2861
Vecsmall([7, 8, 4, 3, 6, 5, 1, 2])


2879
Vecsmall([3, 5, 1, 8, 2, 7, 6, 4])


2887
Vecsmall([5, 3, 2, 7, 1, 8, 4, 6])


2897
Vecsmall([2, 1, 5, 6, 3, 4, 8, 7])


2903
Vecsmall([5, 3, 2, 7, 1, 8, 4, 6])


2909
Vecsmall([7, 8, 4, 3, 6, 5, 1, 2])


2917
Vecsmall([8, 7, 6, 5, 4, 3, 2, 1])


2927
Vecsmall([5, 3, 2, 7, 1, 8, 4, 6])


2939
Vecsmall([6, 4, 8, 1, 7, 2, 3, 5])


2953
Vecsmall([1, 2, 3, 4, 5, 6, 7, 8])


2957
Vecsmall([7, 8, 4, 3, 6, 5, 1, 2])


2963
Vecsmall([4, 6, 7, 2, 8, 1, 5, 3])


2969
Vecsmall([2, 1, 5, 6, 3, 4, 8, 7])


2971
Vecsmall([4, 6, 7, 2, 8, 1, 5, 3])


2999
Vecsmall([5, 3, 2, 7, 1, 8, 4, 6])


3001
Vecsmall([1, 2, 3, 4, 5, 6, 7, 8])


3011
Vecsmall([4, 6, 7, 2, 8, 1, 5, 3])


3019
Vecsmall([6, 4, 8, 1, 7, 2, 3, 5])


3023
Vecsmall([5, 3, 2, 7, 1, 8, 4, 6])


3037
Vecsmall([8, 7, 6, 5, 4, 3, 2, 1])


3041
Vecsmall([2, 1, 5, 6, 3, 4, 8, 7])


3049
Vecsmall([2, 1, 5, 6, 3, 4, 8, 7])


3061
Vecsmall([7, 8, 4, 3, 6, 5, 1, 2])


3067
Vecsmall([4, 6, 7, 2, 8, 1, 5, 3])


3079
Vecsmall([5, 3, 2, 7, 1, 8, 4, 6])


3083
Vecsmall([6, 4, 8, 1, 7, 2, 3, 5])


3089
Vecsmall([1, 2, 3, 4, 5, 6, 7, 8])


3109
Vecsmall([8, 7, 6, 5, 4, 3, 2, 1])


3119
Vecsmall([3, 5, 1, 8, 2, 7, 6, 4])


3121
Vecsmall([1, 2, 3, 4, 5, 6, 7, 8])


3137
Vecsmall([1, 2, 3, 4, 5, 6, 7, 8])


3163
Vecsmall([4, 6, 7, 2, 8, 1, 5, 3])


3167
Vecsmall([5, 3, 2, 7, 1, 8, 4, 6])


3169
Vecsmall([2, 1, 5, 6, 3, 4, 8, 7])


3181
Vecsmall([8, 7, 6, 5, 4, 3, 2, 1])


3187
Vecsmall([4, 6, 7, 2, 8, 1, 5, 3])


3191
Vecsmall([5, 3, 2, 7, 1, 8, 4, 6])


3203
Vecsmall([4, 6, 7, 2, 8, 1, 5, 3])


3209
Vecsmall([1, 2, 3, 4, 5, 6, 7, 8])


3217
Vecsmall([1, 2, 3, 4, 5, 6, 7, 8])


3221
Vecsmall([8, 7, 6, 5, 4, 3, 2, 1])


3229
Vecsmall([8, 7, 6, 5, 4, 3, 2, 1])


3251
Vecsmall([4, 6, 7, 2, 8, 1, 5, 3])


3253
Vecsmall([8, 7, 6, 5, 4, 3, 2, 1])


3257
Vecsmall([2, 1, 5, 6, 3, 4, 8, 7])


3259
Vecsmall([4, 6, 7, 2, 8, 1, 5, 3])


3271
Vecsmall([5, 3, 2, 7, 1, 8, 4, 6])


3299
Vecsmall([6, 4, 8, 1, 7, 2, 3, 5])


3301
Vecsmall([8, 7, 6, 5, 4, 3, 2, 1])


3307
Vecsmall([4, 6, 7, 2, 8, 1, 5, 3])


3313
Vecsmall([1, 2, 3, 4, 5, 6, 7, 8])


3319
Vecsmall([3, 5, 1, 8, 2, 7, 6, 4])


3323
Vecsmall([6, 4, 8, 1, 7, 2, 3, 5])


3329
Vecsmall([2, 1, 5, 6, 3, 4, 8, 7])


3331
Vecsmall([4, 6, 7, 2, 8, 1, 5, 3])


3343
Vecsmall([5, 3, 2, 7, 1, 8, 4, 6])


3347
Vecsmall([4, 6, 7, 2, 8, 1, 5, 3])


3359
Vecsmall([3, 5, 1, 8, 2, 7, 6, 4])


3361
Vecsmall([1, 2, 3, 4, 5, 6, 7, 8])


3371
Vecsmall([6, 4, 8, 1, 7, 2, 3, 5])


3373
Vecsmall([8, 7, 6, 5, 4, 3, 2, 1])


3389
Vecsmall([8, 7, 6, 5, 4, 3, 2, 1])


3391
Vecsmall([5, 3, 2, 7, 1, 8, 4, 6])


3407
Vecsmall([5, 3, 2, 7, 1, 8, 4, 6])


3413
Vecsmall([7, 8, 4, 3, 6, 5, 1, 2])


3433
Vecsmall([1, 2, 3, 4, 5, 6, 7, 8])


3449
Vecsmall([2, 1, 5, 6, 3, 4, 8, 7])


3457
Vecsmall([2, 1, 5, 6, 3, 4, 8, 7])


3461
Vecsmall([8, 7, 6, 5, 4, 3, 2, 1])


3463
Vecsmall([3, 5, 1, 8, 2, 7, 6, 4])


3467
Vecsmall([6, 4, 8, 1, 7, 2, 3, 5])


3469
Vecsmall([8, 7, 6, 5, 4, 3, 2, 1])


3491
Vecsmall([4, 6, 7, 2, 8, 1, 5, 3])


3499
Vecsmall([6, 4, 8, 1, 7, 2, 3, 5])


3511
Vecsmall([3, 5, 1, 8, 2, 7, 6, 4])


3517
Vecsmall([7, 8, 4, 3, 6, 5, 1, 2])


3527
Vecsmall([3, 5, 1, 8, 2, 7, 6, 4])


3529
Vecsmall([2, 1, 5, 6, 3, 4, 8, 7])


3533
Vecsmall([8, 7, 6, 5, 4, 3, 2, 1])


3539
Vecsmall([6, 4, 8, 1, 7, 2, 3, 5])


3541
Vecsmall([8, 7, 6, 5, 4, 3, 2, 1])


3547
Vecsmall([4, 6, 7, 2, 8, 1, 5, 3])


3557
Vecsmall([8, 7, 6, 5, 4, 3, 2, 1])


3559
Vecsmall([3, 5, 1, 8, 2, 7, 6, 4])


3571
Vecsmall([4, 6, 7, 2, 8, 1, 5, 3])


3581
Vecsmall([8, 7, 6, 5, 4, 3, 2, 1])


3583
Vecsmall([5, 3, 2, 7, 1, 8, 4, 6])


3593
Vecsmall([1, 2, 3, 4, 5, 6, 7, 8])


3607
Vecsmall([5, 3, 2, 7, 1, 8, 4, 6])


3613
Vecsmall([8, 7, 6, 5, 4, 3, 2, 1])


3617
Vecsmall([2, 1, 5, 6, 3, 4, 8, 7])


3623
Vecsmall([5, 3, 2, 7, 1, 8, 4, 6])


3631
Vecsmall([5, 3, 2, 7, 1, 8, 4, 6])


3637
Vecsmall([8, 7, 6, 5, 4, 3, 2, 1])


3643
Vecsmall([4, 6, 7, 2, 8, 1, 5, 3])


3659
Vecsmall([6, 4, 8, 1, 7, 2, 3, 5])


3671
Vecsmall([3, 5, 1, 8, 2, 7, 6, 4])


3673
Vecsmall([2, 1, 5, 6, 3, 4, 8, 7])


3677
Vecsmall([8, 7, 6, 5, 4, 3, 2, 1])


3691
Vecsmall([6, 4, 8, 1, 7, 2, 3, 5])


3697
Vecsmall([2, 1, 5, 6, 3, 4, 8, 7])


3701
Vecsmall([8, 7, 6, 5, 4, 3, 2, 1])


3709
Vecsmall([8, 7, 6, 5, 4, 3, 2, 1])


3719
Vecsmall([5, 3, 2, 7, 1, 8, 4, 6])


3727
Vecsmall([5, 3, 2, 7, 1, 8, 4, 6])


3733
Vecsmall([7, 8, 4, 3, 6, 5, 1, 2])


3739
Vecsmall([6, 4, 8, 1, 7, 2, 3, 5])


3761
Vecsmall([1, 2, 3, 4, 5, 6, 7, 8])


3767
Vecsmall([3, 5, 1, 8, 2, 7, 6, 4])


3769
Vecsmall([1, 2, 3, 4, 5, 6, 7, 8])


3779
Vecsmall([4, 6, 7, 2, 8, 1, 5, 3])


3793
Vecsmall([2, 1, 5, 6, 3, 4, 8, 7])


3797
Vecsmall([8, 7, 6, 5, 4, 3, 2, 1])


3803
Vecsmall([6, 4, 8, 1, 7, 2, 3, 5])


3821
Vecsmall([7, 8, 4, 3, 6, 5, 1, 2])


3823
Vecsmall([5, 3, 2, 7, 1, 8, 4, 6])


3833
Vecsmall([2, 1, 5, 6, 3, 4, 8, 7])


3847
Vecsmall([5, 3, 2, 7, 1, 8, 4, 6])


3851
Vecsmall([4, 6, 7, 2, 8, 1, 5, 3])


3853
Vecsmall([8, 7, 6, 5, 4, 3, 2, 1])


3863
Vecsmall([5, 3, 2, 7, 1, 8, 4, 6])


3877
Vecsmall([7, 8, 4, 3, 6, 5, 1, 2])


3881
Vecsmall([1, 2, 3, 4, 5, 6, 7, 8])


3889
Vecsmall([2, 1, 5, 6, 3, 4, 8, 7])


3907
Vecsmall([4, 6, 7, 2, 8, 1, 5, 3])


3911
Vecsmall([5, 3, 2, 7, 1, 8, 4, 6])


3917
Vecsmall([8, 7, 6, 5, 4, 3, 2, 1])


3919
Vecsmall([5, 3, 2, 7, 1, 8, 4, 6])


3923
Vecsmall([6, 4, 8, 1, 7, 2, 3, 5])


3929
Vecsmall([1, 2, 3, 4, 5, 6, 7, 8])


3931
Vecsmall([4, 6, 7, 2, 8, 1, 5, 3])


3943
Vecsmall([5, 3, 2, 7, 1, 8, 4, 6])


3947
Vecsmall([4, 6, 7, 2, 8, 1, 5, 3])


3967
Vecsmall([5, 3, 2, 7, 1, 8, 4, 6])


3989
Vecsmall([7, 8, 4, 3, 6, 5, 1, 2])


4001
Vecsmall([1, 2, 3, 4, 5, 6, 7, 8])


4003
Vecsmall([4, 6, 7, 2, 8, 1, 5, 3])


4007
Vecsmall([5, 3, 2, 7, 1, 8, 4, 6])


4013
Vecsmall([8, 7, 6, 5, 4, 3, 2, 1])


4019
Vecsmall([6, 4, 8, 1, 7, 2, 3, 5])


4021
Vecsmall([8, 7, 6, 5, 4, 3, 2, 1])


4027
Vecsmall([6, 4, 8, 1, 7, 2, 3, 5])


4049
Vecsmall([1, 2, 3, 4, 5, 6, 7, 8])


4051
Vecsmall([6, 4, 8, 1, 7, 2, 3, 5])


4057
Vecsmall([2, 1, 5, 6, 3, 4, 8, 7])


4073
Vecsmall([1, 2, 3, 4, 5, 6, 7, 8])


4079
Vecsmall([5, 3, 2, 7, 1, 8, 4, 6])


4091
Vecsmall([6, 4, 8, 1, 7, 2, 3, 5])


4093
Vecsmall([8, 7, 6, 5, 4, 3, 2, 1])


4099
Vecsmall([6, 4, 8, 1, 7, 2, 3, 5])


4111
Vecsmall([5, 3, 2, 7, 1, 8, 4, 6])


4127
Vecsmall([5, 3, 2, 7, 1, 8, 4, 6])


4129
Vecsmall([2, 1, 5, 6, 3, 4, 8, 7])


4133
Vecsmall([8, 7, 6, 5, 4, 3, 2, 1])


4139
Vecsmall([6, 4, 8, 1, 7, 2, 3, 5])


4153
Vecsmall([2, 1, 5, 6, 3, 4, 8, 7])


4157
Vecsmall([8, 7, 6, 5, 4, 3, 2, 1])


4159
Vecsmall([5, 3, 2, 7, 1, 8, 4, 6])


4177
Vecsmall([1, 2, 3, 4, 5, 6, 7, 8])


4201
Vecsmall([2, 1, 5, 6, 3, 4, 8, 7])


4211
Vecsmall([6, 4, 8, 1, 7, 2, 3, 5])


4217
Vecsmall([2, 1, 5, 6, 3, 4, 8, 7])


4219
Vecsmall([6, 4, 8, 1, 7, 2, 3, 5])


4229
Vecsmall([8, 7, 6, 5, 4, 3, 2, 1])


4231
Vecsmall([5, 3, 2, 7, 1, 8, 4, 6])


4241
Vecsmall([2, 1, 5, 6, 3, 4, 8, 7])


4243
Vecsmall([4, 6, 7, 2, 8, 1, 5, 3])


4253
Vecsmall([8, 7, 6, 5, 4, 3, 2, 1])


4259
Vecsmall([4, 6, 7, 2, 8, 1, 5, 3])


4261
Vecsmall([7, 8, 4, 3, 6, 5, 1, 2])


4271
Vecsmall([3, 5, 1, 8, 2, 7, 6, 4])


4273
Vecsmall([1, 2, 3, 4, 5, 6, 7, 8])


4283
Vecsmall([4, 6, 7, 2, 8, 1, 5, 3])


4289
Vecsmall([1, 2, 3, 4, 5, 6, 7, 8])


4297
Vecsmall([2, 1, 5, 6, 3, 4, 8, 7])


4327
Vecsmall([3, 5, 1, 8, 2, 7, 6, 4])


4337
Vecsmall([2, 1, 5, 6, 3, 4, 8, 7])


4339
Vecsmall([6, 4, 8, 1, 7, 2, 3, 5])


4349
Vecsmall([7, 8, 4, 3, 6, 5, 1, 2])


4357
Vecsmall([8, 7, 6, 5, 4, 3, 2, 1])


4363
Vecsmall([4, 6, 7, 2, 8, 1, 5, 3])


4373
Vecsmall([8, 7, 6, 5, 4, 3, 2, 1])


4391
Vecsmall([5, 3, 2, 7, 1, 8, 4, 6])


4397
Vecsmall([8, 7, 6, 5, 4, 3, 2, 1])


4409
Vecsmall([2, 1, 5, 6, 3, 4, 8, 7])


4421
Vecsmall([8, 7, 6, 5, 4, 3, 2, 1])


4423
Vecsmall([3, 5, 1, 8, 2, 7, 6, 4])


4441
Vecsmall([1, 2, 3, 4, 5, 6, 7, 8])


4447
Vecsmall([3, 5, 1, 8, 2, 7, 6, 4])


4451
Vecsmall([6, 4, 8, 1, 7, 2, 3, 5])


4457
Vecsmall([2, 1, 5, 6, 3, 4, 8, 7])


4463
Vecsmall([5, 3, 2, 7, 1, 8, 4, 6])


4481
Vecsmall([1, 2, 3, 4, 5, 6, 7, 8])


4483
Vecsmall([6, 4, 8, 1, 7, 2, 3, 5])


4493
Vecsmall([8, 7, 6, 5, 4, 3, 2, 1])


4507
Vecsmall([4, 6, 7, 2, 8, 1, 5, 3])


4513
Vecsmall([1, 2, 3, 4, 5, 6, 7, 8])


4517
Vecsmall([8, 7, 6, 5, 4, 3, 2, 1])


4519
Vecsmall([5, 3, 2, 7, 1, 8, 4, 6])


4523
Vecsmall([4, 6, 7, 2, 8, 1, 5, 3])


4547
Vecsmall([4, 6, 7, 2, 8, 1, 5, 3])


4549
Vecsmall([8, 7, 6, 5, 4, 3, 2, 1])


4561
Vecsmall([2, 1, 5, 6, 3, 4, 8, 7])


4567
Vecsmall([5, 3, 2, 7, 1, 8, 4, 6])


4583
Vecsmall([3, 5, 1, 8, 2, 7, 6, 4])


4591
Vecsmall([3, 5, 1, 8, 2, 7, 6, 4])


4597
Vecsmall([8, 7, 6, 5, 4, 3, 2, 1])


4603
Vecsmall([4, 6, 7, 2, 8, 1, 5, 3])


4621
Vecsmall([8, 7, 6, 5, 4, 3, 2, 1])


4637
Vecsmall([8, 7, 6, 5, 4, 3, 2, 1])


4639
Vecsmall([5, 3, 2, 7, 1, 8, 4, 6])


4643
Vecsmall([4, 6, 7, 2, 8, 1, 5, 3])


4649
Vecsmall([1, 2, 3, 4, 5, 6, 7, 8])


4651
Vecsmall([6, 4, 8, 1, 7, 2, 3, 5])


4657
Vecsmall([1, 2, 3, 4, 5, 6, 7, 8])


4663
Vecsmall([3, 5, 1, 8, 2, 7, 6, 4])


4673
Vecsmall([2, 1, 5, 6, 3, 4, 8, 7])


4679
Vecsmall([5, 3, 2, 7, 1, 8, 4, 6])


4691
Vecsmall([4, 6, 7, 2, 8, 1, 5, 3])


4703
Vecsmall([3, 5, 1, 8, 2, 7, 6, 4])


4721
Vecsmall([1, 2, 3, 4, 5, 6, 7, 8])


4723
Vecsmall([4, 6, 7, 2, 8, 1, 5, 3])


4729
Vecsmall([1, 2, 3, 4, 5, 6, 7, 8])


4733
Vecsmall([8, 7, 6, 5, 4, 3, 2, 1])


4751
Vecsmall([5, 3, 2, 7, 1, 8, 4, 6])


4759
Vecsmall([5, 3, 2, 7, 1, 8, 4, 6])


4783
Vecsmall([5, 3, 2, 7, 1, 8, 4, 6])


4787
Vecsmall([4, 6, 7, 2, 8, 1, 5, 3])


4789
Vecsmall([8, 7, 6, 5, 4, 3, 2, 1])


4793
Vecsmall([1, 2, 3, 4, 5, 6, 7, 8])


4799
Vecsmall([3, 5, 1, 8, 2, 7, 6, 4])


4801
Vecsmall([1, 2, 3, 4, 5, 6, 7, 8])


4813
Vecsmall([8, 7, 6, 5, 4, 3, 2, 1])


4817
Vecsmall([1, 2, 3, 4, 5, 6, 7, 8])


4831
Vecsmall([5, 3, 2, 7, 1, 8, 4, 6])


4861
Vecsmall([7, 8, 4, 3, 6, 5, 1, 2])


4871
Vecsmall([5, 3, 2, 7, 1, 8, 4, 6])


4877
Vecsmall([7, 8, 4, 3, 6, 5, 1, 2])


4889
Vecsmall([1, 2, 3, 4, 5, 6, 7, 8])


4903
Vecsmall([5, 3, 2, 7, 1, 8, 4, 6])


4909
Vecsmall([8, 7, 6, 5, 4, 3, 2, 1])


4919
Vecsmall([5, 3, 2, 7, 1, 8, 4, 6])


4931
Vecsmall([4, 6, 7, 2, 8, 1, 5, 3])


4933
Vecsmall([8, 7, 6, 5, 4, 3, 2, 1])


4937
Vecsmall([2, 1, 5, 6, 3, 4, 8, 7])


4943
Vecsmall([5, 3, 2, 7, 1, 8, 4, 6])


4951
Vecsmall([5, 3, 2, 7, 1, 8, 4, 6])


4957
Vecsmall([7, 8, 4, 3, 6, 5, 1, 2])


4967
Vecsmall([5, 3, 2, 7, 1, 8, 4, 6])


4969
Vecsmall([1, 2, 3, 4, 5, 6, 7, 8])


4973
Vecsmall([8, 7, 6, 5, 4, 3, 2, 1])


4987
Vecsmall([6, 4, 8, 1, 7, 2, 3, 5])


4993
Vecsmall([1, 2, 3, 4, 5, 6, 7, 8])


4999
Vecsmall([5, 3, 2, 7, 1, 8, 4, 6])


5003
Vecsmall([6, 4, 8, 1, 7, 2, 3, 5])


5009
Vecsmall([2, 1, 5, 6, 3, 4, 8, 7])


5011
Vecsmall([6, 4, 8, 1, 7, 2, 3, 5])


5021
Vecsmall([8, 7, 6, 5, 4, 3, 2, 1])


5023
Vecsmall([3, 5, 1, 8, 2, 7, 6, 4])


5039
Vecsmall([3, 5, 1, 8, 2, 7, 6, 4])


5051
Vecsmall([4, 6, 7, 2, 8, 1, 5, 3])


5059
Vecsmall([6, 4, 8, 1, 7, 2, 3, 5])


5077
Vecsmall([8, 7, 6, 5, 4, 3, 2, 1])


5081
Vecsmall([2, 1, 5, 6, 3, 4, 8, 7])


5087
Vecsmall([3, 5, 1, 8, 2, 7, 6, 4])


5099
Vecsmall([4, 6, 7, 2, 8, 1, 5, 3])


5101
Vecsmall([8, 7, 6, 5, 4, 3, 2, 1])


5107
Vecsmall([6, 4, 8, 1, 7, 2, 3, 5])


5113
Vecsmall([2, 1, 5, 6, 3, 4, 8, 7])


5119
Vecsmall([5, 3, 2, 7, 1, 8, 4, 6])


5147
Vecsmall([6, 4, 8, 1, 7, 2, 3, 5])


5153
Vecsmall([2, 1, 5, 6, 3, 4, 8, 7])


5167
Vecsmall([5, 3, 2, 7, 1, 8, 4, 6])


5171
Vecsmall([4, 6, 7, 2, 8, 1, 5, 3])


5179
Vecsmall([4, 6, 7, 2, 8, 1, 5, 3])


5189
Vecsmall([8, 7, 6, 5, 4, 3, 2, 1])


5197
Vecsmall([8, 7, 6, 5, 4, 3, 2, 1])


5209
Vecsmall([2, 1, 5, 6, 3, 4, 8, 7])


5227
Vecsmall([6, 4, 8, 1, 7, 2, 3, 5])


5231
Vecsmall([5, 3, 2, 7, 1, 8, 4, 6])


5233
Vecsmall([1, 2, 3, 4, 5, 6, 7, 8])


5237
Vecsmall([8, 7, 6, 5, 4, 3, 2, 1])


5261
Vecsmall([7, 8, 4, 3, 6, 5, 1, 2])


5273
Vecsmall([1, 2, 3, 4, 5, 6, 7, 8])


5279
Vecsmall([5, 3, 2, 7, 1, 8, 4, 6])


5281
Vecsmall([2, 1, 5, 6, 3, 4, 8, 7])


5297
Vecsmall([1, 2, 3, 4, 5, 6, 7, 8])


5303
Vecsmall([3, 5, 1, 8, 2, 7, 6, 4])


5309
Vecsmall([8, 7, 6, 5, 4, 3, 2, 1])


5323
Vecsmall([4, 6, 7, 2, 8, 1, 5, 3])


5333
Vecsmall([8, 7, 6, 5, 4, 3, 2, 1])


5347
Vecsmall([6, 4, 8, 1, 7, 2, 3, 5])


5351
Vecsmall([5, 3, 2, 7, 1, 8, 4, 6])


5381
Vecsmall([7, 8, 4, 3, 6, 5, 1, 2])


5387
Vecsmall([4, 6, 7, 2, 8, 1, 5, 3])


5393
Vecsmall([1, 2, 3, 4, 5, 6, 7, 8])


5399
Vecsmall([5, 3, 2, 7, 1, 8, 4, 6])


5407
Vecsmall([5, 3, 2, 7, 1, 8, 4, 6])


5413
Vecsmall([8, 7, 6, 5, 4, 3, 2, 1])


5417
Vecsmall([1, 2, 3, 4, 5, 6, 7, 8])


5419
Vecsmall([6, 4, 8, 1, 7, 2, 3, 5])


5431
Vecsmall([5, 3, 2, 7, 1, 8, 4, 6])


5437
Vecsmall([7, 8, 4, 3, 6, 5, 1, 2])


5441
Vecsmall([2, 1, 5, 6, 3, 4, 8, 7])


5443
Vecsmall([4, 6, 7, 2, 8, 1, 5, 3])


5449
Vecsmall([1, 2, 3, 4, 5, 6, 7, 8])


5471
Vecsmall([5, 3, 2, 7, 1, 8, 4, 6])


5477
Vecsmall([8, 7, 6, 5, 4, 3, 2, 1])


5479
Vecsmall([5, 3, 2, 7, 1, 8, 4, 6])


5483
Vecsmall([6, 4, 8, 1, 7, 2, 3, 5])


5501
Vecsmall([8, 7, 6, 5, 4, 3, 2, 1])


5503
Vecsmall([5, 3, 2, 7, 1, 8, 4, 6])


5507
Vecsmall([4, 6, 7, 2, 8, 1, 5, 3])


5519
Vecsmall([5, 3, 2, 7, 1, 8, 4, 6])


5521
Vecsmall([2, 1, 5, 6, 3, 4, 8, 7])


5527
Vecsmall([5, 3, 2, 7, 1, 8, 4, 6])


5531
Vecsmall([6, 4, 8, 1, 7, 2, 3, 5])


5557
Vecsmall([8, 7, 6, 5, 4, 3, 2, 1])


5563
Vecsmall([4, 6, 7, 2, 8, 1, 5, 3])


5569
Vecsmall([1, 2, 3, 4, 5, 6, 7, 8])


5573
Vecsmall([7, 8, 4, 3, 6, 5, 1, 2])


5581
Vecsmall([8, 7, 6, 5, 4, 3, 2, 1])


5591
Vecsmall([5, 3, 2, 7, 1, 8, 4, 6])


5623
Vecsmall([5, 3, 2, 7, 1, 8, 4, 6])


5639
Vecsmall([5, 3, 2, 7, 1, 8, 4, 6])


5641
Vecsmall([1, 2, 3, 4, 5, 6, 7, 8])


5647
Vecsmall([5, 3, 2, 7, 1, 8, 4, 6])


5651
Vecsmall([4, 6, 7, 2, 8, 1, 5, 3])


5653
Vecsmall([8, 7, 6, 5, 4, 3, 2, 1])


5657
Vecsmall([1, 2, 3, 4, 5, 6, 7, 8])


5659
Vecsmall([6, 4, 8, 1, 7, 2, 3, 5])


5669
Vecsmall([8, 7, 6, 5, 4, 3, 2, 1])


5683
Vecsmall([4, 6, 7, 2, 8, 1, 5, 3])


5689
Vecsmall([2, 1, 5, 6, 3, 4, 8, 7])


5693
Vecsmall([8, 7, 6, 5, 4, 3, 2, 1])


5701
Vecsmall([8, 7, 6, 5, 4, 3, 2, 1])


5711
Vecsmall([5, 3, 2, 7, 1, 8, 4, 6])


5717
Vecsmall([8, 7, 6, 5, 4, 3, 2, 1])


5737
Vecsmall([2, 1, 5, 6, 3, 4, 8, 7])


5741
Vecsmall([7, 8, 4, 3, 6, 5, 1, 2])


5743
Vecsmall([3, 5, 1, 8, 2, 7, 6, 4])


5749
Vecsmall([8, 7, 6, 5, 4, 3, 2, 1])


5779
Vecsmall([6, 4, 8, 1, 7, 2, 3, 5])


5783
Vecsmall([5, 3, 2, 7, 1, 8, 4, 6])


5791
Vecsmall([3, 5, 1, 8, 2, 7, 6, 4])


5801
Vecsmall([1, 2, 3, 4, 5, 6, 7, 8])


5807
Vecsmall([3, 5, 1, 8, 2, 7, 6, 4])


5813
Vecsmall([8, 7, 6, 5, 4, 3, 2, 1])


5821
Vecsmall([8, 7, 6, 5, 4, 3, 2, 1])


5827
Vecsmall([6, 4, 8, 1, 7, 2, 3, 5])


5839
Vecsmall([5, 3, 2, 7, 1, 8, 4, 6])


5843
Vecsmall([6, 4, 8, 1, 7, 2, 3, 5])


5849
Vecsmall([1, 2, 3, 4, 5, 6, 7, 8])


5851
Vecsmall([6, 4, 8, 1, 7, 2, 3, 5])


5857
Vecsmall([2, 1, 5, 6, 3, 4, 8, 7])


5861
Vecsmall([7, 8, 4, 3, 6, 5, 1, 2])


5867
Vecsmall([4, 6, 7, 2, 8, 1, 5, 3])


5869
Vecsmall([8, 7, 6, 5, 4, 3, 2, 1])


5879
Vecsmall([5, 3, 2, 7, 1, 8, 4, 6])


5881
Vecsmall([2, 1, 5, 6, 3, 4, 8, 7])


5897
Vecsmall([1, 2, 3, 4, 5, 6, 7, 8])


5903
Vecsmall([5, 3, 2, 7, 1, 8, 4, 6])


5923
Vecsmall([6, 4, 8, 1, 7, 2, 3, 5])


5927
Vecsmall([5, 3, 2, 7, 1, 8, 4, 6])


5939
Vecsmall([4, 6, 7, 2, 8, 1, 5, 3])


5953
Vecsmall([2, 1, 5, 6, 3, 4, 8, 7])


5981
Vecsmall([8, 7, 6, 5, 4, 3, 2, 1])


5987
Vecsmall([4, 6, 7, 2, 8, 1, 5, 3])


6007
Vecsmall([5, 3, 2, 7, 1, 8, 4, 6])


6011
Vecsmall([6, 4, 8, 1, 7, 2, 3, 5])


6029
Vecsmall([8, 7, 6, 5, 4, 3, 2, 1])


6037
Vecsmall([7, 8, 4, 3, 6, 5, 1, 2])


6043
Vecsmall([6, 4, 8, 1, 7, 2, 3, 5])


6047
Vecsmall([5, 3, 2, 7, 1, 8, 4, 6])


6053
Vecsmall([8, 7, 6, 5, 4, 3, 2, 1])


6067
Vecsmall([6, 4, 8, 1, 7, 2, 3, 5])


6073
Vecsmall([1, 2, 3, 4, 5, 6, 7, 8])


6079
Vecsmall([5, 3, 2, 7, 1, 8, 4, 6])


6089
Vecsmall([2, 1, 5, 6, 3, 4, 8, 7])


6091
Vecsmall([6, 4, 8, 1, 7, 2, 3, 5])


6101
Vecsmall([8, 7, 6, 5, 4, 3, 2, 1])


6113
Vecsmall([2, 1, 5, 6, 3, 4, 8, 7])


6121
Vecsmall([2, 1, 5, 6, 3, 4, 8, 7])


6131
Vecsmall([6, 4, 8, 1, 7, 2, 3, 5])


6133
Vecsmall([8, 7, 6, 5, 4, 3, 2, 1])


6143
Vecsmall([5, 3, 2, 7, 1, 8, 4, 6])


6151
Vecsmall([5, 3, 2, 7, 1, 8, 4, 6])


6163
Vecsmall([6, 4, 8, 1, 7, 2, 3, 5])


6173
Vecsmall([8, 7, 6, 5, 4, 3, 2, 1])


6197
Vecsmall([7, 8, 4, 3, 6, 5, 1, 2])


6199
Vecsmall([5, 3, 2, 7, 1, 8, 4, 6])


6203
Vecsmall([6, 4, 8, 1, 7, 2, 3, 5])


6211
Vecsmall([4, 6, 7, 2, 8, 1, 5, 3])


6217
Vecsmall([1, 2, 3, 4, 5, 6, 7, 8])


6221
Vecsmall([8, 7, 6, 5, 4, 3, 2, 1])


6229
Vecsmall([8, 7, 6, 5, 4, 3, 2, 1])


6247
Vecsmall([5, 3, 2, 7, 1, 8, 4, 6])


6257
Vecsmall([2, 1, 5, 6, 3, 4, 8, 7])


6263
Vecsmall([5, 3, 2, 7, 1, 8, 4, 6])


6269
Vecsmall([8, 7, 6, 5, 4, 3, 2, 1])


6271
Vecsmall([5, 3, 2, 7, 1, 8, 4, 6])


6277
Vecsmall([7, 8, 4, 3, 6, 5, 1, 2])


6287
Vecsmall([3, 5, 1, 8, 2, 7, 6, 4])


6299
Vecsmall([6, 4, 8, 1, 7, 2, 3, 5])


6301
Vecsmall([8, 7, 6, 5, 4, 3, 2, 1])


6311
Vecsmall([5, 3, 2, 7, 1, 8, 4, 6])


6317
Vecsmall([7, 8, 4, 3, 6, 5, 1, 2])


6323
Vecsmall([6, 4, 8, 1, 7, 2, 3, 5])


6329
Vecsmall([1, 2, 3, 4, 5, 6, 7, 8])


6337
Vecsmall([2, 1, 5, 6, 3, 4, 8, 7])


6343
Vecsmall([3, 5, 1, 8, 2, 7, 6, 4])


6353
Vecsmall([1, 2, 3, 4, 5, 6, 7, 8])


6359
Vecsmall([5, 3, 2, 7, 1, 8, 4, 6])


6361
Vecsmall([2, 1, 5, 6, 3, 4, 8, 7])


6367
Vecsmall([5, 3, 2, 7, 1, 8, 4, 6])


6373
Vecsmall([8, 7, 6, 5, 4, 3, 2, 1])


6379
Vecsmall([4, 6, 7, 2, 8, 1, 5, 3])


6389
Vecsmall([7, 8, 4, 3, 6, 5, 1, 2])


6397
Vecsmall([8, 7, 6, 5, 4, 3, 2, 1])


6421
Vecsmall([8, 7, 6, 5, 4, 3, 2, 1])


6427
Vecsmall([6, 4, 8, 1, 7, 2, 3, 5])


6449
Vecsmall([1, 2, 3, 4, 5, 6, 7, 8])


6451
Vecsmall([4, 6, 7, 2, 8, 1, 5, 3])


6469
Vecsmall([8, 7, 6, 5, 4, 3, 2, 1])


6473
Vecsmall([1, 2, 3, 4, 5, 6, 7, 8])


6481
Vecsmall([1, 2, 3, 4, 5, 6, 7, 8])


6491
Vecsmall([6, 4, 8, 1, 7, 2, 3, 5])


6521
Vecsmall([2, 1, 5, 6, 3, 4, 8, 7])


6529
Vecsmall([1, 2, 3, 4, 5, 6, 7, 8])


6547
Vecsmall([6, 4, 8, 1, 7, 2, 3, 5])


6551
Vecsmall([5, 3, 2, 7, 1, 8, 4, 6])


6553
Vecsmall([2, 1, 5, 6, 3, 4, 8, 7])


6563
Vecsmall([4, 6, 7, 2, 8, 1, 5, 3])


6569
Vecsmall([2, 1, 5, 6, 3, 4, 8, 7])


6571
Vecsmall([6, 4, 8, 1, 7, 2, 3, 5])


6577
Vecsmall([2, 1, 5, 6, 3, 4, 8, 7])


6581
Vecsmall([8, 7, 6, 5, 4, 3, 2, 1])


6599
Vecsmall([3, 5, 1, 8, 2, 7, 6, 4])


6607
Vecsmall([5, 3, 2, 7, 1, 8, 4, 6])


6619
Vecsmall([6, 4, 8, 1, 7, 2, 3, 5])


6637
Vecsmall([7, 8, 4, 3, 6, 5, 1, 2])


6653
Vecsmall([7, 8, 4, 3, 6, 5, 1, 2])


6659
Vecsmall([6, 4, 8, 1, 7, 2, 3, 5])


6661
Vecsmall([8, 7, 6, 5, 4, 3, 2, 1])


6673
Vecsmall([2, 1, 5, 6, 3, 4, 8, 7])


6679
Vecsmall([5, 3, 2, 7, 1, 8, 4, 6])


6689
Vecsmall([1, 2, 3, 4, 5, 6, 7, 8])


6691
Vecsmall([4, 6, 7, 2, 8, 1, 5, 3])


6701
Vecsmall([8, 7, 6, 5, 4, 3, 2, 1])


6703
Vecsmall([5, 3, 2, 7, 1, 8, 4, 6])


6709
Vecsmall([7, 8, 4, 3, 6, 5, 1, 2])


6719
Vecsmall([5, 3, 2, 7, 1, 8, 4, 6])


6733
Vecsmall([7, 8, 4, 3, 6, 5, 1, 2])


6737
Vecsmall([2, 1, 5, 6, 3, 4, 8, 7])


6761
Vecsmall([2, 1, 5, 6, 3, 4, 8, 7])


6763
Vecsmall([6, 4, 8, 1, 7, 2, 3, 5])


6779
Vecsmall([4, 6, 7, 2, 8, 1, 5, 3])


6781
Vecsmall([7, 8, 4, 3, 6, 5, 1, 2])


6791
Vecsmall([5, 3, 2, 7, 1, 8, 4, 6])


6793
Vecsmall([2, 1, 5, 6, 3, 4, 8, 7])


6803
Vecsmall([6, 4, 8, 1, 7, 2, 3, 5])


6823
Vecsmall([5, 3, 2, 7, 1, 8, 4, 6])


6827
Vecsmall([6, 4, 8, 1, 7, 2, 3, 5])


6829
Vecsmall([7, 8, 4, 3, 6, 5, 1, 2])


6833
Vecsmall([2, 1, 5, 6, 3, 4, 8, 7])


6841
Vecsmall([2, 1, 5, 6, 3, 4, 8, 7])


6857
Vecsmall([2, 1, 5, 6, 3, 4, 8, 7])


6863
Vecsmall([5, 3, 2, 7, 1, 8, 4, 6])


6869
Vecsmall([8, 7, 6, 5, 4, 3, 2, 1])


6871
Vecsmall([3, 5, 1, 8, 2, 7, 6, 4])


6883
Vecsmall([4, 6, 7, 2, 8, 1, 5, 3])


6899
Vecsmall([6, 4, 8, 1, 7, 2, 3, 5])


6907
Vecsmall([6, 4, 8, 1, 7, 2, 3, 5])


6911
Vecsmall([5, 3, 2, 7, 1, 8, 4, 6])


6917
Vecsmall([8, 7, 6, 5, 4, 3, 2, 1])


6947
Vecsmall([6, 4, 8, 1, 7, 2, 3, 5])


6949
Vecsmall([8, 7, 6, 5, 4, 3, 2, 1])


6959
Vecsmall([5, 3, 2, 7, 1, 8, 4, 6])


6961
Vecsmall([2, 1, 5, 6, 3, 4, 8, 7])


6967
Vecsmall([3, 5, 1, 8, 2, 7, 6, 4])


6971
Vecsmall([4, 6, 7, 2, 8, 1, 5, 3])


6977
Vecsmall([2, 1, 5, 6, 3, 4, 8, 7])


6983
Vecsmall([5, 3, 2, 7, 1, 8, 4, 6])


6991
Vecsmall([5, 3, 2, 7, 1, 8, 4, 6])


6997
Vecsmall([8, 7, 6, 5, 4, 3, 2, 1])


7001
Vecsmall([1, 2, 3, 4, 5, 6, 7, 8])


7013
Vecsmall([7, 8, 4, 3, 6, 5, 1, 2])


7019
Vecsmall([4, 6, 7, 2, 8, 1, 5, 3])


7027
Vecsmall([4, 6, 7, 2, 8, 1, 5, 3])


7039
Vecsmall([5, 3, 2, 7, 1, 8, 4, 6])


7043
Vecsmall([6, 4, 8, 1, 7, 2, 3, 5])


7057
Vecsmall([2, 1, 5, 6, 3, 4, 8, 7])


7069
Vecsmall([8, 7, 6, 5, 4, 3, 2, 1])


7079
Vecsmall([5, 3, 2, 7, 1, 8, 4, 6])


7103
Vecsmall([5, 3, 2, 7, 1, 8, 4, 6])


7109
Vecsmall([8, 7, 6, 5, 4, 3, 2, 1])


7121
Vecsmall([1, 2, 3, 4, 5, 6, 7, 8])


7127
Vecsmall([5, 3, 2, 7, 1, 8, 4, 6])


7129
Vecsmall([2, 1, 5, 6, 3, 4, 8, 7])


7151
Vecsmall([5, 3, 2, 7, 1, 8, 4, 6])


7159
Vecsmall([5, 3, 2, 7, 1, 8, 4, 6])


7177
Vecsmall([1, 2, 3, 4, 5, 6, 7, 8])


7187
Vecsmall([6, 4, 8, 1, 7, 2, 3, 5])


7193
Vecsmall([1, 2, 3, 4, 5, 6, 7, 8])


7207
Vecsmall([3, 5, 1, 8, 2, 7, 6, 4])


7211
Vecsmall([6, 4, 8, 1, 7, 2, 3, 5])


7213
Vecsmall([7, 8, 4, 3, 6, 5, 1, 2])


7219
Vecsmall([4, 6, 7, 2, 8, 1, 5, 3])


7229
Vecsmall([8, 7, 6, 5, 4, 3, 2, 1])


7237
Vecsmall([8, 7, 6, 5, 4, 3, 2, 1])


7243
Vecsmall([6, 4, 8, 1, 7, 2, 3, 5])


7247
Vecsmall([5, 3, 2, 7, 1, 8, 4, 6])


7253
Vecsmall([8, 7, 6, 5, 4, 3, 2, 1])


7283
Vecsmall([4, 6, 7, 2, 8, 1, 5, 3])


7297
Vecsmall([2, 1, 5, 6, 3, 4, 8, 7])


7307
Vecsmall([6, 4, 8, 1, 7, 2, 3, 5])


7309
Vecsmall([7, 8, 4, 3, 6, 5, 1, 2])


7321
Vecsmall([1, 2, 3, 4, 5, 6, 7, 8])


7331
Vecsmall([4, 6, 7, 2, 8, 1, 5, 3])


7333
Vecsmall([8, 7, 6, 5, 4, 3, 2, 1])


7349
Vecsmall([7, 8, 4, 3, 6, 5, 1, 2])


7351
Vecsmall([5, 3, 2, 7, 1, 8, 4, 6])


7369
Vecsmall([1, 2, 3, 4, 5, 6, 7, 8])


7393
Vecsmall([1, 2, 3, 4, 5, 6, 7, 8])


7411
Vecsmall([6, 4, 8, 1, 7, 2, 3, 5])


7417
Vecsmall([1, 2, 3, 4, 5, 6, 7, 8])


7433
Vecsmall([1, 2, 3, 4, 5, 6, 7, 8])


7451
Vecsmall([4, 6, 7, 2, 8, 1, 5, 3])


7457
Vecsmall([2, 1, 5, 6, 3, 4, 8, 7])


7459
Vecsmall([6, 4, 8, 1, 7, 2, 3, 5])


7477
Vecsmall([8, 7, 6, 5, 4, 3, 2, 1])


7481
Vecsmall([2, 1, 5, 6, 3, 4, 8, 7])


7487
Vecsmall([5, 3, 2, 7, 1, 8, 4, 6])


7489
Vecsmall([1, 2, 3, 4, 5, 6, 7, 8])


7499
Vecsmall([6, 4, 8, 1, 7, 2, 3, 5])


7507
Vecsmall([6, 4, 8, 1, 7, 2, 3, 5])


7517
Vecsmall([8, 7, 6, 5, 4, 3, 2, 1])


7523
Vecsmall([6, 4, 8, 1, 7, 2, 3, 5])


7529
Vecsmall([2, 1, 5, 6, 3, 4, 8, 7])


7537
Vecsmall([2, 1, 5, 6, 3, 4, 8, 7])


7541
Vecsmall([7, 8, 4, 3, 6, 5, 1, 2])


7547
Vecsmall([4, 6, 7, 2, 8, 1, 5, 3])


7549
Vecsmall([7, 8, 4, 3, 6, 5, 1, 2])


7559
Vecsmall([5, 3, 2, 7, 1, 8, 4, 6])


7561
Vecsmall([1, 2, 3, 4, 5, 6, 7, 8])


7573
Vecsmall([8, 7, 6, 5, 4, 3, 2, 1])


7577
Vecsmall([2, 1, 5, 6, 3, 4, 8, 7])


7583
Vecsmall([5, 3, 2, 7, 1, 8, 4, 6])


7589
Vecsmall([8, 7, 6, 5, 4, 3, 2, 1])


7591
Vecsmall([5, 3, 2, 7, 1, 8, 4, 6])


7603
Vecsmall([6, 4, 8, 1, 7, 2, 3, 5])


7607
Vecsmall([3, 5, 1, 8, 2, 7, 6, 4])


7621
Vecsmall([8, 7, 6, 5, 4, 3, 2, 1])


7639
Vecsmall([5, 3, 2, 7, 1, 8, 4, 6])


7643
Vecsmall([6, 4, 8, 1, 7, 2, 3, 5])


7649
Vecsmall([2, 1, 5, 6, 3, 4, 8, 7])


7669
Vecsmall([7, 8, 4, 3, 6, 5, 1, 2])


7673
Vecsmall([1, 2, 3, 4, 5, 6, 7, 8])


7681
Vecsmall([2, 1, 5, 6, 3, 4, 8, 7])


7687
Vecsmall([5, 3, 2, 7, 1, 8, 4, 6])


7691
Vecsmall([6, 4, 8, 1, 7, 2, 3, 5])


7699
Vecsmall([4, 6, 7, 2, 8, 1, 5, 3])


7703
Vecsmall([3, 5, 1, 8, 2, 7, 6, 4])


7717
Vecsmall([7, 8, 4, 3, 6, 5, 1, 2])


7723
Vecsmall([6, 4, 8, 1, 7, 2, 3, 5])


7727
Vecsmall([5, 3, 2, 7, 1, 8, 4, 6])


7741
Vecsmall([7, 8, 4, 3, 6, 5, 1, 2])


7753
Vecsmall([2, 1, 5, 6, 3, 4, 8, 7])


7757
Vecsmall([8, 7, 6, 5, 4, 3, 2, 1])


7759
Vecsmall([5, 3, 2, 7, 1, 8, 4, 6])


7789
Vecsmall([8, 7, 6, 5, 4, 3, 2, 1])


7793
Vecsmall([1, 2, 3, 4, 5, 6, 7, 8])


7817
Vecsmall([2, 1, 5, 6, 3, 4, 8, 7])


7823
Vecsmall([5, 3, 2, 7, 1, 8, 4, 6])


7829
Vecsmall([7, 8, 4, 3, 6, 5, 1, 2])


7841
Vecsmall([1, 2, 3, 4, 5, 6, 7, 8])


7853
Vecsmall([8, 7, 6, 5, 4, 3, 2, 1])


7867
Vecsmall([6, 4, 8, 1, 7, 2, 3, 5])


7873
Vecsmall([2, 1, 5, 6, 3, 4, 8, 7])


7877
Vecsmall([8, 7, 6, 5, 4, 3, 2, 1])


7879
Vecsmall([5, 3, 2, 7, 1, 8, 4, 6])


7883
Vecsmall([6, 4, 8, 1, 7, 2, 3, 5])


7901
Vecsmall([8, 7, 6, 5, 4, 3, 2, 1])


7907
Vecsmall([4, 6, 7, 2, 8, 1, 5, 3])


7919
Vecsmall([5, 3, 2, 7, 1, 8, 4, 6])


7927
Vecsmall([5, 3, 2, 7, 1, 8, 4, 6])


7933
Vecsmall([7, 8, 4, 3, 6, 5, 1, 2])


7937
Vecsmall([2, 1, 5, 6, 3, 4, 8, 7])


7949
Vecsmall([7, 8, 4, 3, 6, 5, 1, 2])


7951
Vecsmall([3, 5, 1, 8, 2, 7, 6, 4])


7963
Vecsmall([4, 6, 7, 2, 8, 1, 5, 3])


7993
Vecsmall([2, 1, 5, 6, 3, 4, 8, 7])


8009
Vecsmall([1, 2, 3, 4, 5, 6, 7, 8])


8011
Vecsmall([4, 6, 7, 2, 8, 1, 5, 3])


8017
Vecsmall([2, 1, 5, 6, 3, 4, 8, 7])


8039
Vecsmall([5, 3, 2, 7, 1, 8, 4, 6])


8053
Vecsmall([8, 7, 6, 5, 4, 3, 2, 1])


8059
Vecsmall([4, 6, 7, 2, 8, 1, 5, 3])


8069
Vecsmall([8, 7, 6, 5, 4, 3, 2, 1])


8081
Vecsmall([1, 2, 3, 4, 5, 6, 7, 8])


8087
Vecsmall([5, 3, 2, 7, 1, 8, 4, 6])


8089
Vecsmall([1, 2, 3, 4, 5, 6, 7, 8])


8093
Vecsmall([7, 8, 4, 3, 6, 5, 1, 2])


8101
Vecsmall([8, 7, 6, 5, 4, 3, 2, 1])


8111
Vecsmall([5, 3, 2, 7, 1, 8, 4, 6])


8117
Vecsmall([8, 7, 6, 5, 4, 3, 2, 1])


8123
Vecsmall([6, 4, 8, 1, 7, 2, 3, 5])


8147
Vecsmall([4, 6, 7, 2, 8, 1, 5, 3])


8161
Vecsmall([1, 2, 3, 4, 5, 6, 7, 8])


8167
Vecsmall([5, 3, 2, 7, 1, 8, 4, 6])


8171
Vecsmall([6, 4, 8, 1, 7, 2, 3, 5])


8179
Vecsmall([6, 4, 8, 1, 7, 2, 3, 5])


8191
Vecsmall([5, 3, 2, 7, 1, 8, 4, 6])


8209
Vecsmall([1, 2, 3, 4, 5, 6, 7, 8])


8219
Vecsmall([6, 4, 8, 1, 7, 2, 3, 5])


8221
Vecsmall([8, 7, 6, 5, 4, 3, 2, 1])


8231
Vecsmall([5, 3, 2, 7, 1, 8, 4, 6])


8233
Vecsmall([2, 1, 5, 6, 3, 4, 8, 7])


8237
Vecsmall([8, 7, 6, 5, 4, 3, 2, 1])


8243
Vecsmall([4, 6, 7, 2, 8, 1, 5, 3])


8263
Vecsmall([5, 3, 2, 7, 1, 8, 4, 6])


8269
Vecsmall([8, 7, 6, 5, 4, 3, 2, 1])


8273
Vecsmall([1, 2, 3, 4, 5, 6, 7, 8])


8287
Vecsmall([5, 3, 2, 7, 1, 8, 4, 6])


8291
Vecsmall([4, 6, 7, 2, 8, 1, 5, 3])


8293
Vecsmall([8, 7, 6, 5, 4, 3, 2, 1])


8297
Vecsmall([1, 2, 3, 4, 5, 6, 7, 8])


8311
Vecsmall([5, 3, 2, 7, 1, 8, 4, 6])


8317
Vecsmall([8, 7, 6, 5, 4, 3, 2, 1])


8329
Vecsmall([1, 2, 3, 4, 5, 6, 7, 8])


8353
Vecsmall([2, 1, 5, 6, 3, 4, 8, 7])


8363
Vecsmall([4, 6, 7, 2, 8, 1, 5, 3])


8369
Vecsmall([1, 2, 3, 4, 5, 6, 7, 8])


8377
Vecsmall([1, 2, 3, 4, 5, 6, 7, 8])


8387
Vecsmall([6, 4, 8, 1, 7, 2, 3, 5])


8389
Vecsmall([8, 7, 6, 5, 4, 3, 2, 1])


8419
Vecsmall([6, 4, 8, 1, 7, 2, 3, 5])


8423
Vecsmall([5, 3, 2, 7, 1, 8, 4, 6])


8429
Vecsmall([8, 7, 6, 5, 4, 3, 2, 1])


8431
Vecsmall([3, 5, 1, 8, 2, 7, 6, 4])


8443
Vecsmall([4, 6, 7, 2, 8, 1, 5, 3])


8447
Vecsmall([5, 3, 2, 7, 1, 8, 4, 6])


8461
Vecsmall([7, 8, 4, 3, 6, 5, 1, 2])


8467
Vecsmall([6, 4, 8, 1, 7, 2, 3, 5])


8501
Vecsmall([8, 7, 6, 5, 4, 3, 2, 1])


8513
Vecsmall([2, 1, 5, 6, 3, 4, 8, 7])


8521
Vecsmall([1, 2, 3, 4, 5, 6, 7, 8])


8527
Vecsmall([5, 3, 2, 7, 1, 8, 4, 6])


8537
Vecsmall([2, 1, 5, 6, 3, 4, 8, 7])


8539
Vecsmall([6, 4, 8, 1, 7, 2, 3, 5])


8543
Vecsmall([3, 5, 1, 8, 2, 7, 6, 4])


8563
Vecsmall([6, 4, 8, 1, 7, 2, 3, 5])


8573
Vecsmall([8, 7, 6, 5, 4, 3, 2, 1])


8581
Vecsmall([8, 7, 6, 5, 4, 3, 2, 1])


8597
Vecsmall([8, 7, 6, 5, 4, 3, 2, 1])


8599
Vecsmall([5, 3, 2, 7, 1, 8, 4, 6])


8609
Vecsmall([1, 2, 3, 4, 5, 6, 7, 8])


8623
Vecsmall([3, 5, 1, 8, 2, 7, 6, 4])


8627
Vecsmall([4, 6, 7, 2, 8, 1, 5, 3])


8629
Vecsmall([8, 7, 6, 5, 4, 3, 2, 1])


8641
Vecsmall([2, 1, 5, 6, 3, 4, 8, 7])


8647
Vecsmall([5, 3, 2, 7, 1, 8, 4, 6])


8663
Vecsmall([5, 3, 2, 7, 1, 8, 4, 6])


8669
Vecsmall([7, 8, 4, 3, 6, 5, 1, 2])


8677
Vecsmall([7, 8, 4, 3, 6, 5, 1, 2])


8681
Vecsmall([1, 2, 3, 4, 5, 6, 7, 8])


8689
Vecsmall([2, 1, 5, 6, 3, 4, 8, 7])


8693
Vecsmall([8, 7, 6, 5, 4, 3, 2, 1])


8699
Vecsmall([4, 6, 7, 2, 8, 1, 5, 3])


8707
Vecsmall([6, 4, 8, 1, 7, 2, 3, 5])


8713
Vecsmall([2, 1, 5, 6, 3, 4, 8, 7])


8719
Vecsmall([5, 3, 2, 7, 1, 8, 4, 6])


8731
Vecsmall([6, 4, 8, 1, 7, 2, 3, 5])


8737
Vecsmall([2, 1, 5, 6, 3, 4, 8, 7])


8741
Vecsmall([8, 7, 6, 5, 4, 3, 2, 1])


8747
Vecsmall([4, 6, 7, 2, 8, 1, 5, 3])


8753
Vecsmall([2, 1, 5, 6, 3, 4, 8, 7])


8761
Vecsmall([2, 1, 5, 6, 3, 4, 8, 7])


8779
Vecsmall([6, 4, 8, 1, 7, 2, 3, 5])


8783
Vecsmall([3, 5, 1, 8, 2, 7, 6, 4])


8803
Vecsmall([4, 6, 7, 2, 8, 1, 5, 3])


8807
Vecsmall([5, 3, 2, 7, 1, 8, 4, 6])


8819
Vecsmall([6, 4, 8, 1, 7, 2, 3, 5])


8821
Vecsmall([7, 8, 4, 3, 6, 5, 1, 2])


8831
Vecsmall([5, 3, 2, 7, 1, 8, 4, 6])


8837
Vecsmall([8, 7, 6, 5, 4, 3, 2, 1])


8839
Vecsmall([5, 3, 2, 7, 1, 8, 4, 6])


8849
Vecsmall([2, 1, 5, 6, 3, 4, 8, 7])


8861
Vecsmall([8, 7, 6, 5, 4, 3, 2, 1])


8863
Vecsmall([5, 3, 2, 7, 1, 8, 4, 6])


8867
Vecsmall([4, 6, 7, 2, 8, 1, 5, 3])


8887
Vecsmall([5, 3, 2, 7, 1, 8, 4, 6])


8893
Vecsmall([8, 7, 6, 5, 4, 3, 2, 1])


8923
Vecsmall([6, 4, 8, 1, 7, 2, 3, 5])


8929
Vecsmall([2, 1, 5, 6, 3, 4, 8, 7])


8933
Vecsmall([7, 8, 4, 3, 6, 5, 1, 2])


8941
Vecsmall([8, 7, 6, 5, 4, 3, 2, 1])


8951
Vecsmall([5, 3, 2, 7, 1, 8, 4, 6])


8963
Vecsmall([4, 6, 7, 2, 8, 1, 5, 3])


8969
Vecsmall([2, 1, 5, 6, 3, 4, 8, 7])


8971
Vecsmall([6, 4, 8, 1, 7, 2, 3, 5])


8999
Vecsmall([5, 3, 2, 7, 1, 8, 4, 6])


9001
Vecsmall([2, 1, 5, 6, 3, 4, 8, 7])


9007
Vecsmall([5, 3, 2, 7, 1, 8, 4, 6])


9011
Vecsmall([6, 4, 8, 1, 7, 2, 3, 5])


9013
Vecsmall([8, 7, 6, 5, 4, 3, 2, 1])


9029
Vecsmall([8, 7, 6, 5, 4, 3, 2, 1])


9041
Vecsmall([2, 1, 5, 6, 3, 4, 8, 7])


9043
Vecsmall([6, 4, 8, 1, 7, 2, 3, 5])


9049
Vecsmall([1, 2, 3, 4, 5, 6, 7, 8])


9059
Vecsmall([4, 6, 7, 2, 8, 1, 5, 3])


9067
Vecsmall([4, 6, 7, 2, 8, 1, 5, 3])


9091
Vecsmall([4, 6, 7, 2, 8, 1, 5, 3])


9103
Vecsmall([5, 3, 2, 7, 1, 8, 4, 6])


9109
Vecsmall([8, 7, 6, 5, 4, 3, 2, 1])


9127
Vecsmall([5, 3, 2, 7, 1, 8, 4, 6])


9133
Vecsmall([8, 7, 6, 5, 4, 3, 2, 1])


9137
Vecsmall([1, 2, 3, 4, 5, 6, 7, 8])


9151
Vecsmall([3, 5, 1, 8, 2, 7, 6, 4])


9157
Vecsmall([8, 7, 6, 5, 4, 3, 2, 1])


9161
Vecsmall([1, 2, 3, 4, 5, 6, 7, 8])


9173
Vecsmall([7, 8, 4, 3, 6, 5, 1, 2])


9181
Vecsmall([8, 7, 6, 5, 4, 3, 2, 1])


9187
Vecsmall([4, 6, 7, 2, 8, 1, 5, 3])


9199
Vecsmall([5, 3, 2, 7, 1, 8, 4, 6])


9203
Vecsmall([6, 4, 8, 1, 7, 2, 3, 5])


9209
Vecsmall([2, 1, 5, 6, 3, 4, 8, 7])


9221
Vecsmall([8, 7, 6, 5, 4, 3, 2, 1])


9227
Vecsmall([4, 6, 7, 2, 8, 1, 5, 3])


9239
Vecsmall([5, 3, 2, 7, 1, 8, 4, 6])


9241
Vecsmall([2, 1, 5, 6, 3, 4, 8, 7])


9257
Vecsmall([1, 2, 3, 4, 5, 6, 7, 8])


9277
Vecsmall([7, 8, 4, 3, 6, 5, 1, 2])


9281
Vecsmall([1, 2, 3, 4, 5, 6, 7, 8])


9283
Vecsmall([6, 4, 8, 1, 7, 2, 3, 5])


9293
Vecsmall([8, 7, 6, 5, 4, 3, 2, 1])


9311
Vecsmall([5, 3, 2, 7, 1, 8, 4, 6])


9319
Vecsmall([3, 5, 1, 8, 2, 7, 6, 4])


9323
Vecsmall([4, 6, 7, 2, 8, 1, 5, 3])


9337
Vecsmall([2, 1, 5, 6, 3, 4, 8, 7])


9341
Vecsmall([8, 7, 6, 5, 4, 3, 2, 1])


9343
Vecsmall([5, 3, 2, 7, 1, 8, 4, 6])


9349
Vecsmall([8, 7, 6, 5, 4, 3, 2, 1])


9371
Vecsmall([6, 4, 8, 1, 7, 2, 3, 5])


9377
Vecsmall([1, 2, 3, 4, 5, 6, 7, 8])


9391
Vecsmall([5, 3, 2, 7, 1, 8, 4, 6])


9397
Vecsmall([7, 8, 4, 3, 6, 5, 1, 2])


9403
Vecsmall([6, 4, 8, 1, 7, 2, 3, 5])


9413
Vecsmall([8, 7, 6, 5, 4, 3, 2, 1])


9419
Vecsmall([4, 6, 7, 2, 8, 1, 5, 3])


9421
Vecsmall([8, 7, 6, 5, 4, 3, 2, 1])


9431
Vecsmall([3, 5, 1, 8, 2, 7, 6, 4])


9433
Vecsmall([1, 2, 3, 4, 5, 6, 7, 8])


9437
Vecsmall([7, 8, 4, 3, 6, 5, 1, 2])


9439
Vecsmall([5, 3, 2, 7, 1, 8, 4, 6])


9461
Vecsmall([8, 7, 6, 5, 4, 3, 2, 1])


9463
Vecsmall([5, 3, 2, 7, 1, 8, 4, 6])


9467
Vecsmall([4, 6, 7, 2, 8, 1, 5, 3])


9473
Vecsmall([1, 2, 3, 4, 5, 6, 7, 8])


9479
Vecsmall([3, 5, 1, 8, 2, 7, 6, 4])


9491
Vecsmall([6, 4, 8, 1, 7, 2, 3, 5])


9497
Vecsmall([1, 2, 3, 4, 5, 6, 7, 8])


9511
Vecsmall([5, 3, 2, 7, 1, 8, 4, 6])


9521
Vecsmall([1, 2, 3, 4, 5, 6, 7, 8])


9533
Vecsmall([8, 7, 6, 5, 4, 3, 2, 1])


9539
Vecsmall([6, 4, 8, 1, 7, 2, 3, 5])


9547
Vecsmall([6, 4, 8, 1, 7, 2, 3, 5])


9551
Vecsmall([3, 5, 1, 8, 2, 7, 6, 4])


9587
Vecsmall([6, 4, 8, 1, 7, 2, 3, 5])


9601
Vecsmall([1, 2, 3, 4, 5, 6, 7, 8])


9613
Vecsmall([7, 8, 4, 3, 6, 5, 1, 2])


9619
Vecsmall([6, 4, 8, 1, 7, 2, 3, 5])


9623
Vecsmall([5, 3, 2, 7, 1, 8, 4, 6])


9629
Vecsmall([8, 7, 6, 5, 4, 3, 2, 1])


9631
Vecsmall([5, 3, 2, 7, 1, 8, 4, 6])


9643
Vecsmall([4, 6, 7, 2, 8, 1, 5, 3])


9649
Vecsmall([1, 2, 3, 4, 5, 6, 7, 8])


9661
Vecsmall([8, 7, 6, 5, 4, 3, 2, 1])


9677
Vecsmall([7, 8, 4, 3, 6, 5, 1, 2])


9679
Vecsmall([5, 3, 2, 7, 1, 8, 4, 6])


9689
Vecsmall([1, 2, 3, 4, 5, 6, 7, 8])


9697
Vecsmall([1, 2, 3, 4, 5, 6, 7, 8])


9719
Vecsmall([5, 3, 2, 7, 1, 8, 4, 6])


9721
Vecsmall([2, 1, 5, 6, 3, 4, 8, 7])


9733
Vecsmall([8, 7, 6, 5, 4, 3, 2, 1])


9739
Vecsmall([6, 4, 8, 1, 7, 2, 3, 5])


9743
Vecsmall([3, 5, 1, 8, 2, 7, 6, 4])


9749
Vecsmall([8, 7, 6, 5, 4, 3, 2, 1])


9767
Vecsmall([5, 3, 2, 7, 1, 8, 4, 6])


9769
Vecsmall([2, 1, 5, 6, 3, 4, 8, 7])


9781
Vecsmall([8, 7, 6, 5, 4, 3, 2, 1])


9787
Vecsmall([4, 6, 7, 2, 8, 1, 5, 3])


9791
Vecsmall([5, 3, 2, 7, 1, 8, 4, 6])


9803
Vecsmall([6, 4, 8, 1, 7, 2, 3, 5])


9811
Vecsmall([4, 6, 7, 2, 8, 1, 5, 3])


9817
Vecsmall([1, 2, 3, 4, 5, 6, 7, 8])


9829
Vecsmall([7, 8, 4, 3, 6, 5, 1, 2])


9833
Vecsmall([1, 2, 3, 4, 5, 6, 7, 8])


9839
Vecsmall([5, 3, 2, 7, 1, 8, 4, 6])


9851
Vecsmall([6, 4, 8, 1, 7, 2, 3, 5])


9857
Vecsmall([2, 1, 5, 6, 3, 4, 8, 7])


9859
Vecsmall([6, 4, 8, 1, 7, 2, 3, 5])


9871
Vecsmall([5, 3, 2, 7, 1, 8, 4, 6])


9883
Vecsmall([4, 6, 7, 2, 8, 1, 5, 3])


9887
Vecsmall([3, 5, 1, 8, 2, 7, 6, 4])


9901
Vecsmall([8, 7, 6, 5, 4, 3, 2, 1])


9907
Vecsmall([4, 6, 7, 2, 8, 1, 5, 3])


9923
Vecsmall([4, 6, 7, 2, 8, 1, 5, 3])


9929
Vecsmall([1, 2, 3, 4, 5, 6, 7, 8])


9931
Vecsmall([6, 4, 8, 1, 7, 2, 3, 5])


9941
Vecsmall([8, 7, 6, 5, 4, 3, 2, 1])


9949
Vecsmall([8, 7, 6, 5, 4, 3, 2, 1])


9967
Vecsmall([3, 5, 1, 8, 2, 7, 6, 4])


9973
Vecsmall([8, 7, 6, 5, 4, 3, 2, 1])
