Galois conjug classes
[[Vecsmall([1, 2, 3, 4, 5, 6, 7, 8, 9, 10, 11, 12, 13, 14, 15, 16])], [Vecsmall([5, 1, 8, 2, 13, 14, 6, 7, 10, 11, 3, 4, 15, 9, 16, 12]), Vecsmall([2, 4, 11, 12, 1, 7, 8, 3, 14, 9, 10, 16, 5, 6, 13, 15])], [Vecsmall([14, 9, 16, 10, 6, 5, 13, 15, 2, 4, 12, 11, 7, 1, 8, 3]), Vecsmall([10, 11, 4, 3, 9, 15, 16, 12, 5, 1, 2, 8, 14, 13, 6, 7]), Vecsmall([7, 6, 13, 14, 8, 2, 1, 5, 12, 16, 15, 9, 3, 4, 11, 10]), Vecsmall([3, 8, 1, 7, 11, 12, 4, 2, 15, 13, 5, 6, 10, 16, 9, 14])], [Vecsmall([13, 5, 7, 1, 15, 9, 14, 6, 11, 3, 8, 2, 16, 10, 12, 4]), Vecsmall([4, 12, 10, 16, 2, 8, 3, 11, 6, 14, 9, 15, 1, 7, 5, 13])], [Vecsmall([11, 3, 2, 8, 10, 16, 12, 4, 13, 5, 1, 7, 9, 15, 14, 6]), Vecsmall([9, 10, 12, 11, 14, 13, 15, 16, 1, 2, 4, 3, 6, 5, 7, 8]), Vecsmall([8, 7, 5, 6, 3, 4, 2, 1, 16, 15, 13, 14, 11, 12, 10, 9]), Vecsmall([6, 14, 15, 9, 7, 1, 5, 13, 4, 12, 16, 10, 8, 2, 3, 11])], [Vecsmall([15, 13, 6, 5, 16, 10, 9, 14, 3, 8, 7, 1, 12, 11, 4, 2]), Vecsmall([12, 16, 9, 15, 4, 3, 11, 10, 7, 6, 14, 13, 2, 8, 1, 5])], [Vecsmall([16, 15, 14, 13, 12, 11, 10, 9, 8, 7, 6, 5, 4, 3, 2, 1])]]


3
Vecsmall([15, 13, 6, 5, 16, 10, 9, 14, 3, 8, 7, 1, 12, 11, 4, 2])
5
Vecsmall([7, 6, 13, 14, 8, 2, 1, 5, 12, 16, 15, 9, 3, 4, 11, 10])
7
Vecsmall([8, 7, 5, 6, 3, 4, 2, 1, 16, 15, 13, 14, 11, 12, 10, 9])
11
Vecsmall([5, 1, 8, 2, 13, 14, 6, 7, 10, 11, 3, 4, 15, 9, 16, 12])
13
Vecsmall([7, 6, 13, 14, 8, 2, 1, 5, 12, 16, 15, 9, 3, 4, 11, 10])
17
Vecsmall([13, 5, 7, 1, 15, 9, 14, 6, 11, 3, 8, 2, 16, 10, 12, 4])
19
Vecsmall([2, 4, 11, 12, 1, 7, 8, 3, 14, 9, 10, 16, 5, 6, 13, 15])
23
Vecsmall([11, 3, 2, 8, 10, 16, 12, 4, 13, 5, 1, 7, 9, 15, 14, 6])
29
Vecsmall([10, 11, 4, 3, 9, 15, 16, 12, 5, 1, 2, 8, 14, 13, 6, 7])
31
Vecsmall([8, 7, 5, 6, 3, 4, 2, 1, 16, 15, 13, 14, 11, 12, 10, 9])
37
Vecsmall([10, 11, 4, 3, 9, 15, 16, 12, 5, 1, 2, 8, 14, 13, 6, 7])
41
Vecsmall([16, 15, 14, 13, 12, 11, 10, 9, 8, 7, 6, 5, 4, 3, 2, 1])
43
Vecsmall([12, 16, 9, 15, 4, 3, 11, 10, 7, 6, 14, 13, 2, 8, 1, 5])
47
Vecsmall([11, 3, 2, 8, 10, 16, 12, 4, 13, 5, 1, 7, 9, 15, 14, 6])
53
Vecsmall([10, 11, 4, 3, 9, 15, 16, 12, 5, 1, 2, 8, 14, 13, 6, 7])
59
Vecsmall([15, 13, 6, 5, 16, 10, 9, 14, 3, 8, 7, 1, 12, 11, 4, 2])
61
Vecsmall([10, 11, 4, 3, 9, 15, 16, 12, 5, 1, 2, 8, 14, 13, 6, 7])
67
Vecsmall([5, 1, 8, 2, 13, 14, 6, 7, 10, 11, 3, 4, 15, 9, 16, 12])
71
Vecsmall([8, 7, 5, 6, 3, 4, 2, 1, 16, 15, 13, 14, 11, 12, 10, 9])
73
Vecsmall([13, 5, 7, 1, 15, 9, 14, 6, 11, 3, 8, 2, 16, 10, 12, 4])
79
Vecsmall([11, 3, 2, 8, 10, 16, 12, 4, 13, 5, 1, 7, 9, 15, 14, 6])
83
Vecsmall([12, 16, 9, 15, 4, 3, 11, 10, 7, 6, 14, 13, 2, 8, 1, 5])
89
Vecsmall([4, 12, 10, 16, 2, 8, 3, 11, 6, 14, 9, 15, 1, 7, 5, 13])
97
Vecsmall([13, 5, 7, 1, 15, 9, 14, 6, 11, 3, 8, 2, 16, 10, 12, 4])
101
Vecsmall([7, 6, 13, 14, 8, 2, 1, 5, 12, 16, 15, 9, 3, 4, 11, 10])
103
Vecsmall([9, 10, 12, 11, 14, 13, 15, 16, 1, 2, 4, 3, 6, 5, 7, 8])
107
Vecsmall([2, 4, 11, 12, 1, 7, 8, 3, 14, 9, 10, 16, 5, 6, 13, 15])
109
Vecsmall([10, 11, 4, 3, 9, 15, 16, 12, 5, 1, 2, 8, 14, 13, 6, 7])
113
Vecsmall([16, 15, 14, 13, 12, 11, 10, 9, 8, 7, 6, 5, 4, 3, 2, 1])
127
Vecsmall([6, 14, 15, 9, 7, 1, 5, 13, 4, 12, 16, 10, 8, 2, 3, 11])
131
Vecsmall([5, 1, 8, 2, 13, 14, 6, 7, 10, 11, 3, 4, 15, 9, 16, 12])
137
Vecsmall([1, 2, 3, 4, 5, 6, 7, 8, 9, 10, 11, 12, 13, 14, 15, 16])
139
Vecsmall([15, 13, 6, 5, 16, 10, 9, 14, 3, 8, 7, 1, 12, 11, 4, 2])
149
Vecsmall([10, 11, 4, 3, 9, 15, 16, 12, 5, 1, 2, 8, 14, 13, 6, 7])
151
Vecsmall([6, 14, 15, 9, 7, 1, 5, 13, 4, 12, 16, 10, 8, 2, 3, 11])
157
Vecsmall([7, 6, 13, 14, 8, 2, 1, 5, 12, 16, 15, 9, 3, 4, 11, 10])
163
Vecsmall([15, 13, 6, 5, 16, 10, 9, 14, 3, 8, 7, 1, 12, 11, 4, 2])
167
Vecsmall([9, 10, 12, 11, 14, 13, 15, 16, 1, 2, 4, 3, 6, 5, 7, 8])
173
Vecsmall([10, 11, 4, 3, 9, 15, 16, 12, 5, 1, 2, 8, 14, 13, 6, 7])
179
Vecsmall([12, 16, 9, 15, 4, 3, 11, 10, 7, 6, 14, 13, 2, 8, 1, 5])
181
Vecsmall([10, 11, 4, 3, 9, 15, 16, 12, 5, 1, 2, 8, 14, 13, 6, 7])
191
Vecsmall([9, 10, 12, 11, 14, 13, 15, 16, 1, 2, 4, 3, 6, 5, 7, 8])
193
Vecsmall([13, 5, 7, 1, 15, 9, 14, 6, 11, 3, 8, 2, 16, 10, 12, 4])
197
Vecsmall([10, 11, 4, 3, 9, 15, 16, 12, 5, 1, 2, 8, 14, 13, 6, 7])
199
Vecsmall([8, 7, 5, 6, 3, 4, 2, 1, 16, 15, 13, 14, 11, 12, 10, 9])
211
Vecsmall([15, 13, 6, 5, 16, 10, 9, 14, 3, 8, 7, 1, 12, 11, 4, 2])
223
Vecsmall([9, 10, 12, 11, 14, 13, 15, 16, 1, 2, 4, 3, 6, 5, 7, 8])
227
Vecsmall([15, 13, 6, 5, 16, 10, 9, 14, 3, 8, 7, 1, 12, 11, 4, 2])
229
Vecsmall([10, 11, 4, 3, 9, 15, 16, 12, 5, 1, 2, 8, 14, 13, 6, 7])
233
Vecsmall([13, 5, 7, 1, 15, 9, 14, 6, 11, 3, 8, 2, 16, 10, 12, 4])
239
Vecsmall([9, 10, 12, 11, 14, 13, 15, 16, 1, 2, 4, 3, 6, 5, 7, 8])
241
Vecsmall([4, 12, 10, 16, 2, 8, 3, 11, 6, 14, 9, 15, 1, 7, 5, 13])
251
Vecsmall([12, 16, 9, 15, 4, 3, 11, 10, 7, 6, 14, 13, 2, 8, 1, 5])
257
Vecsmall([16, 15, 14, 13, 12, 11, 10, 9, 8, 7, 6, 5, 4, 3, 2, 1])
263
Vecsmall([9, 10, 12, 11, 14, 13, 15, 16, 1, 2, 4, 3, 6, 5, 7, 8])
269
Vecsmall([7, 6, 13, 14, 8, 2, 1, 5, 12, 16, 15, 9, 3, 4, 11, 10])
271
Vecsmall([11, 3, 2, 8, 10, 16, 12, 4, 13, 5, 1, 7, 9, 15, 14, 6])
277
Vecsmall([7, 6, 13, 14, 8, 2, 1, 5, 12, 16, 15, 9, 3, 4, 11, 10])
281
Vecsmall([4, 12, 10, 16, 2, 8, 3, 11, 6, 14, 9, 15, 1, 7, 5, 13])
283
Vecsmall([5, 1, 8, 2, 13, 14, 6, 7, 10, 11, 3, 4, 15, 9, 16, 12])
293
Vecsmall([7, 6, 13, 14, 8, 2, 1, 5, 12, 16, 15, 9, 3, 4, 11, 10])
307
Vecsmall([5, 1, 8, 2, 13, 14, 6, 7, 10, 11, 3, 4, 15, 9, 16, 12])
311
Vecsmall([6, 14, 15, 9, 7, 1, 5, 13, 4, 12, 16, 10, 8, 2, 3, 11])
313
Vecsmall([16, 15, 14, 13, 12, 11, 10, 9, 8, 7, 6, 5, 4, 3, 2, 1])
317
Vecsmall([7, 6, 13, 14, 8, 2, 1, 5, 12, 16, 15, 9, 3, 4, 11, 10])
331
Vecsmall([5, 1, 8, 2, 13, 14, 6, 7, 10, 11, 3, 4, 15, 9, 16, 12])
337
Vecsmall([16, 15, 14, 13, 12, 11, 10, 9, 8, 7, 6, 5, 4, 3, 2, 1])
347
Vecsmall([12, 16, 9, 15, 4, 3, 11, 10, 7, 6, 14, 13, 2, 8, 1, 5])
349
Vecsmall([7, 6, 13, 14, 8, 2, 1, 5, 12, 16, 15, 9, 3, 4, 11, 10])
353
Vecsmall([1, 2, 3, 4, 5, 6, 7, 8, 9, 10, 11, 12, 13, 14, 15, 16])
359
Vecsmall([6, 14, 15, 9, 7, 1, 5, 13, 4, 12, 16, 10, 8, 2, 3, 11])
367
Vecsmall([11, 3, 2, 8, 10, 16, 12, 4, 13, 5, 1, 7, 9, 15, 14, 6])
373
Vecsmall([7, 6, 13, 14, 8, 2, 1, 5, 12, 16, 15, 9, 3, 4, 11, 10])
379
Vecsmall([12, 16, 9, 15, 4, 3, 11, 10, 7, 6, 14, 13, 2, 8, 1, 5])
383
Vecsmall([6, 14, 15, 9, 7, 1, 5, 13, 4, 12, 16, 10, 8, 2, 3, 11])
389
Vecsmall([7, 6, 13, 14, 8, 2, 1, 5, 12, 16, 15, 9, 3, 4, 11, 10])
397
Vecsmall([10, 11, 4, 3, 9, 15, 16, 12, 5, 1, 2, 8, 14, 13, 6, 7])
401
Vecsmall([13, 5, 7, 1, 15, 9, 14, 6, 11, 3, 8, 2, 16, 10, 12, 4])
409
Vecsmall([16, 15, 14, 13, 12, 11, 10, 9, 8, 7, 6, 5, 4, 3, 2, 1])
419
Vecsmall([2, 4, 11, 12, 1, 7, 8, 3, 14, 9, 10, 16, 5, 6, 13, 15])
421
Vecsmall([7, 6, 13, 14, 8, 2, 1, 5, 12, 16, 15, 9, 3, 4, 11, 10])
431
Vecsmall([11, 3, 2, 8, 10, 16, 12, 4, 13, 5, 1, 7, 9, 15, 14, 6])
433
Vecsmall([4, 12, 10, 16, 2, 8, 3, 11, 6, 14, 9, 15, 1, 7, 5, 13])
439
Vecsmall([9, 10, 12, 11, 14, 13, 15, 16, 1, 2, 4, 3, 6, 5, 7, 8])
443
Vecsmall([5, 1, 8, 2, 13, 14, 6, 7, 10, 11, 3, 4, 15, 9, 16, 12])
449
Vecsmall([4, 12, 10, 16, 2, 8, 3, 11, 6, 14, 9, 15, 1, 7, 5, 13])
457
Vecsmall([16, 15, 14, 13, 12, 11, 10, 9, 8, 7, 6, 5, 4, 3, 2, 1])
461
Vecsmall([10, 11, 4, 3, 9, 15, 16, 12, 5, 1, 2, 8, 14, 13, 6, 7])
463
Vecsmall([8, 7, 5, 6, 3, 4, 2, 1, 16, 15, 13, 14, 11, 12, 10, 9])
467
Vecsmall([5, 1, 8, 2, 13, 14, 6, 7, 10, 11, 3, 4, 15, 9, 16, 12])
479
Vecsmall([8, 7, 5, 6, 3, 4, 2, 1, 16, 15, 13, 14, 11, 12, 10, 9])
487
Vecsmall([6, 14, 15, 9, 7, 1, 5, 13, 4, 12, 16, 10, 8, 2, 3, 11])
491
Vecsmall([15, 13, 6, 5, 16, 10, 9, 14, 3, 8, 7, 1, 12, 11, 4, 2])
499
Vecsmall([12, 16, 9, 15, 4, 3, 11, 10, 7, 6, 14, 13, 2, 8, 1, 5])
503
Vecsmall([8, 7, 5, 6, 3, 4, 2, 1, 16, 15, 13, 14, 11, 12, 10, 9])
509
Vecsmall([7, 6, 13, 14, 8, 2, 1, 5, 12, 16, 15, 9, 3, 4, 11, 10])
521
Vecsmall([1, 2, 3, 4, 5, 6, 7, 8, 9, 10, 11, 12, 13, 14, 15, 16])
523
Vecsmall([5, 1, 8, 2, 13, 14, 6, 7, 10, 11, 3, 4, 15, 9, 16, 12])
541
Vecsmall([10, 11, 4, 3, 9, 15, 16, 12, 5, 1, 2, 8, 14, 13, 6, 7])
547
Vecsmall([2, 4, 11, 12, 1, 7, 8, 3, 14, 9, 10, 16, 5, 6, 13, 15])
557
Vecsmall([10, 11, 4, 3, 9, 15, 16, 12, 5, 1, 2, 8, 14, 13, 6, 7])
563
Vecsmall([5, 1, 8, 2, 13, 14, 6, 7, 10, 11, 3, 4, 15, 9, 16, 12])
569
Vecsmall([1, 2, 3, 4, 5, 6, 7, 8, 9, 10, 11, 12, 13, 14, 15, 16])
571
Vecsmall([2, 4, 11, 12, 1, 7, 8, 3, 14, 9, 10, 16, 5, 6, 13, 15])
577
Vecsmall([16, 15, 14, 13, 12, 11, 10, 9, 8, 7, 6, 5, 4, 3, 2, 1])
587
Vecsmall([2, 4, 11, 12, 1, 7, 8, 3, 14, 9, 10, 16, 5, 6, 13, 15])
593
Vecsmall([1, 2, 3, 4, 5, 6, 7, 8, 9, 10, 11, 12, 13, 14, 15, 16])
599
Vecsmall([11, 3, 2, 8, 10, 16, 12, 4, 13, 5, 1, 7, 9, 15, 14, 6])
601
Vecsmall([4, 12, 10, 16, 2, 8, 3, 11, 6, 14, 9, 15, 1, 7, 5, 13])
607
Vecsmall([9, 10, 12, 11, 14, 13, 15, 16, 1, 2, 4, 3, 6, 5, 7, 8])
613
Vecsmall([10, 11, 4, 3, 9, 15, 16, 12, 5, 1, 2, 8, 14, 13, 6, 7])
617
Vecsmall([13, 5, 7, 1, 15, 9, 14, 6, 11, 3, 8, 2, 16, 10, 12, 4])
619
Vecsmall([2, 4, 11, 12, 1, 7, 8, 3, 14, 9, 10, 16, 5, 6, 13, 15])
631
Vecsmall([6, 14, 15, 9, 7, 1, 5, 13, 4, 12, 16, 10, 8, 2, 3, 11])
641
Vecsmall([13, 5, 7, 1, 15, 9, 14, 6, 11, 3, 8, 2, 16, 10, 12, 4])
643
Vecsmall([2, 4, 11, 12, 1, 7, 8, 3, 14, 9, 10, 16, 5, 6, 13, 15])
647
Vecsmall([6, 14, 15, 9, 7, 1, 5, 13, 4, 12, 16, 10, 8, 2, 3, 11])
653
Vecsmall([10, 11, 4, 3, 9, 15, 16, 12, 5, 1, 2, 8, 14, 13, 6, 7])
659
Vecsmall([15, 13, 6, 5, 16, 10, 9, 14, 3, 8, 7, 1, 12, 11, 4, 2])
661
Vecsmall([10, 11, 4, 3, 9, 15, 16, 12, 5, 1, 2, 8, 14, 13, 6, 7])
673
Vecsmall([4, 12, 10, 16, 2, 8, 3, 11, 6, 14, 9, 15, 1, 7, 5, 13])
677
Vecsmall([7, 6, 13, 14, 8, 2, 1, 5, 12, 16, 15, 9, 3, 4, 11, 10])
683
Vecsmall([15, 13, 6, 5, 16, 10, 9, 14, 3, 8, 7, 1, 12, 11, 4, 2])
691
Vecsmall([12, 16, 9, 15, 4, 3, 11, 10, 7, 6, 14, 13, 2, 8, 1, 5])
701
Vecsmall([7, 6, 13, 14, 8, 2, 1, 5, 12, 16, 15, 9, 3, 4, 11, 10])
709
Vecsmall([7, 6, 13, 14, 8, 2, 1, 5, 12, 16, 15, 9, 3, 4, 11, 10])
719
Vecsmall([11, 3, 2, 8, 10, 16, 12, 4, 13, 5, 1, 7, 9, 15, 14, 6])
727
Vecsmall([8, 7, 5, 6, 3, 4, 2, 1, 16, 15, 13, 14, 11, 12, 10, 9])
733
Vecsmall([7, 6, 13, 14, 8, 2, 1, 5, 12, 16, 15, 9, 3, 4, 11, 10])
739
Vecsmall([12, 16, 9, 15, 4, 3, 11, 10, 7, 6, 14, 13, 2, 8, 1, 5])
743
Vecsmall([6, 14, 15, 9, 7, 1, 5, 13, 4, 12, 16, 10, 8, 2, 3, 11])
751
Vecsmall([11, 3, 2, 8, 10, 16, 12, 4, 13, 5, 1, 7, 9, 15, 14, 6])
757
Vecsmall([7, 6, 13, 14, 8, 2, 1, 5, 12, 16, 15, 9, 3, 4, 11, 10])
761
Vecsmall([16, 15, 14, 13, 12, 11, 10, 9, 8, 7, 6, 5, 4, 3, 2, 1])
769
Vecsmall([4, 12, 10, 16, 2, 8, 3, 11, 6, 14, 9, 15, 1, 7, 5, 13])
773
Vecsmall([7, 6, 13, 14, 8, 2, 1, 5, 12, 16, 15, 9, 3, 4, 11, 10])
787
Vecsmall([12, 16, 9, 15, 4, 3, 11, 10, 7, 6, 14, 13, 2, 8, 1, 5])
797
Vecsmall([10, 11, 4, 3, 9, 15, 16, 12, 5, 1, 2, 8, 14, 13, 6, 7])
809
Vecsmall([16, 15, 14, 13, 12, 11, 10, 9, 8, 7, 6, 5, 4, 3, 2, 1])
811
Vecsmall([5, 1, 8, 2, 13, 14, 6, 7, 10, 11, 3, 4, 15, 9, 16, 12])
821
Vecsmall([7, 6, 13, 14, 8, 2, 1, 5, 12, 16, 15, 9, 3, 4, 11, 10])
823
Vecsmall([6, 14, 15, 9, 7, 1, 5, 13, 4, 12, 16, 10, 8, 2, 3, 11])
827
Vecsmall([5, 1, 8, 2, 13, 14, 6, 7, 10, 11, 3, 4, 15, 9, 16, 12])
829
Vecsmall([7, 6, 13, 14, 8, 2, 1, 5, 12, 16, 15, 9, 3, 4, 11, 10])
839
Vecsmall([8, 7, 5, 6, 3, 4, 2, 1, 16, 15, 13, 14, 11, 12, 10, 9])
853
Vecsmall([7, 6, 13, 14, 8, 2, 1, 5, 12, 16, 15, 9, 3, 4, 11, 10])
857
Vecsmall([1, 2, 3, 4, 5, 6, 7, 8, 9, 10, 11, 12, 13, 14, 15, 16])
859
Vecsmall([12, 16, 9, 15, 4, 3, 11, 10, 7, 6, 14, 13, 2, 8, 1, 5])
863
Vecsmall([9, 10, 12, 11, 14, 13, 15, 16, 1, 2, 4, 3, 6, 5, 7, 8])
877
Vecsmall([10, 11, 4, 3, 9, 15, 16, 12, 5, 1, 2, 8, 14, 13, 6, 7])
881
Vecsmall([16, 15, 14, 13, 12, 11, 10, 9, 8, 7, 6, 5, 4, 3, 2, 1])
883
Vecsmall([2, 4, 11, 12, 1, 7, 8, 3, 14, 9, 10, 16, 5, 6, 13, 15])
887
Vecsmall([9, 10, 12, 11, 14, 13, 15, 16, 1, 2, 4, 3, 6, 5, 7, 8])
907
Vecsmall([12, 16, 9, 15, 4, 3, 11, 10, 7, 6, 14, 13, 2, 8, 1, 5])
911
Vecsmall([6, 14, 15, 9, 7, 1, 5, 13, 4, 12, 16, 10, 8, 2, 3, 11])
919
Vecsmall([6, 14, 15, 9, 7, 1, 5, 13, 4, 12, 16, 10, 8, 2, 3, 11])
929
Vecsmall([13, 5, 7, 1, 15, 9, 14, 6, 11, 3, 8, 2, 16, 10, 12, 4])
937
Vecsmall([4, 12, 10, 16, 2, 8, 3, 11, 6, 14, 9, 15, 1, 7, 5, 13])
941
Vecsmall([7, 6, 13, 14, 8, 2, 1, 5, 12, 16, 15, 9, 3, 4, 11, 10])
947
Vecsmall([2, 4, 11, 12, 1, 7, 8, 3, 14, 9, 10, 16, 5, 6, 13, 15])
953
Vecsmall([1, 2, 3, 4, 5, 6, 7, 8, 9, 10, 11, 12, 13, 14, 15, 16])
967
Vecsmall([6, 14, 15, 9, 7, 1, 5, 13, 4, 12, 16, 10, 8, 2, 3, 11])
971
Vecsmall([12, 16, 9, 15, 4, 3, 11, 10, 7, 6, 14, 13, 2, 8, 1, 5])
977
Vecsmall([13, 5, 7, 1, 15, 9, 14, 6, 11, 3, 8, 2, 16, 10, 12, 4])
983
Vecsmall([11, 3, 2, 8, 10, 16, 12, 4, 13, 5, 1, 7, 9, 15, 14, 6])
991
Vecsmall([8, 7, 5, 6, 3, 4, 2, 1, 16, 15, 13, 14, 11, 12, 10, 9])
997
Vecsmall([7, 6, 13, 14, 8, 2, 1, 5, 12, 16, 15, 9, 3, 4, 11, 10])
1009
Vecsmall([13, 5, 7, 1, 15, 9, 14, 6, 11, 3, 8, 2, 16, 10, 12, 4])
1013
Vecsmall([7, 6, 13, 14, 8, 2, 1, 5, 12, 16, 15, 9, 3, 4, 11, 10])
1019
Vecsmall([5, 1, 8, 2, 13, 14, 6, 7, 10, 11, 3, 4, 15, 9, 16, 12])
1021
Vecsmall([10, 11, 4, 3, 9, 15, 16, 12, 5, 1, 2, 8, 14, 13, 6, 7])
1031
Vecsmall([6, 14, 15, 9, 7, 1, 5, 13, 4, 12, 16, 10, 8, 2, 3, 11])
1033
Vecsmall([4, 12, 10, 16, 2, 8, 3, 11, 6, 14, 9, 15, 1, 7, 5, 13])
1039
Vecsmall([9, 10, 12, 11, 14, 13, 15, 16, 1, 2, 4, 3, 6, 5, 7, 8])
1049
Vecsmall([13, 5, 7, 1, 15, 9, 14, 6, 11, 3, 8, 2, 16, 10, 12, 4])
1051
Vecsmall([15, 13, 6, 5, 16, 10, 9, 14, 3, 8, 7, 1, 12, 11, 4, 2])
1061
Vecsmall([10, 11, 4, 3, 9, 15, 16, 12, 5, 1, 2, 8, 14, 13, 6, 7])
1063
Vecsmall([9, 10, 12, 11, 14, 13, 15, 16, 1, 2, 4, 3, 6, 5, 7, 8])
1069
Vecsmall([7, 6, 13, 14, 8, 2, 1, 5, 12, 16, 15, 9, 3, 4, 11, 10])
1087
Vecsmall([6, 14, 15, 9, 7, 1, 5, 13, 4, 12, 16, 10, 8, 2, 3, 11])
1091
Vecsmall([12, 16, 9, 15, 4, 3, 11, 10, 7, 6, 14, 13, 2, 8, 1, 5])
1093
Vecsmall([7, 6, 13, 14, 8, 2, 1, 5, 12, 16, 15, 9, 3, 4, 11, 10])
1097
Vecsmall([4, 12, 10, 16, 2, 8, 3, 11, 6, 14, 9, 15, 1, 7, 5, 13])
1103
Vecsmall([6, 14, 15, 9, 7, 1, 5, 13, 4, 12, 16, 10, 8, 2, 3, 11])
1109
Vecsmall([7, 6, 13, 14, 8, 2, 1, 5, 12, 16, 15, 9, 3, 4, 11, 10])
1117
Vecsmall([10, 11, 4, 3, 9, 15, 16, 12, 5, 1, 2, 8, 14, 13, 6, 7])
1123
Vecsmall([15, 13, 6, 5, 16, 10, 9, 14, 3, 8, 7, 1, 12, 11, 4, 2])
1129
Vecsmall([16, 15, 14, 13, 12, 11, 10, 9, 8, 7, 6, 5, 4, 3, 2, 1])
1151
Vecsmall([9, 10, 12, 11, 14, 13, 15, 16, 1, 2, 4, 3, 6, 5, 7, 8])
1153
Vecsmall([1, 2, 3, 4, 5, 6, 7, 8, 9, 10, 11, 12, 13, 14, 15, 16])
1163
Vecsmall([12, 16, 9, 15, 4, 3, 11, 10, 7, 6, 14, 13, 2, 8, 1, 5])
1171
Vecsmall([2, 4, 11, 12, 1, 7, 8, 3, 14, 9, 10, 16, 5, 6, 13, 15])
1181
Vecsmall([10, 11, 4, 3, 9, 15, 16, 12, 5, 1, 2, 8, 14, 13, 6, 7])
1187
Vecsmall([15, 13, 6, 5, 16, 10, 9, 14, 3, 8, 7, 1, 12, 11, 4, 2])
1193
Vecsmall([13, 5, 7, 1, 15, 9, 14, 6, 11, 3, 8, 2, 16, 10, 12, 4])
1201
Vecsmall([1, 2, 3, 4, 5, 6, 7, 8, 9, 10, 11, 12, 13, 14, 15, 16])
1213
Vecsmall([10, 11, 4, 3, 9, 15, 16, 12, 5, 1, 2, 8, 14, 13, 6, 7])
1217
Vecsmall([1, 2, 3, 4, 5, 6, 7, 8, 9, 10, 11, 12, 13, 14, 15, 16])
1223
Vecsmall([6, 14, 15, 9, 7, 1, 5, 13, 4, 12, 16, 10, 8, 2, 3, 11])
1229
Vecsmall([7, 6, 13, 14, 8, 2, 1, 5, 12, 16, 15, 9, 3, 4, 11, 10])
1231
Vecsmall([11, 3, 2, 8, 10, 16, 12, 4, 13, 5, 1, 7, 9, 15, 14, 6])
1237
Vecsmall([10, 11, 4, 3, 9, 15, 16, 12, 5, 1, 2, 8, 14, 13, 6, 7])
1249
Vecsmall([16, 15, 14, 13, 12, 11, 10, 9, 8, 7, 6, 5, 4, 3, 2, 1])
1259
Vecsmall([5, 1, 8, 2, 13, 14, 6, 7, 10, 11, 3, 4, 15, 9, 16, 12])
1277
Vecsmall([10, 11, 4, 3, 9, 15, 16, 12, 5, 1, 2, 8, 14, 13, 6, 7])
1279
Vecsmall([11, 3, 2, 8, 10, 16, 12, 4, 13, 5, 1, 7, 9, 15, 14, 6])
1283
Vecsmall([12, 16, 9, 15, 4, 3, 11, 10, 7, 6, 14, 13, 2, 8, 1, 5])
1289
Vecsmall([13, 5, 7, 1, 15, 9, 14, 6, 11, 3, 8, 2, 16, 10, 12, 4])
1291
Vecsmall([2, 4, 11, 12, 1, 7, 8, 3, 14, 9, 10, 16, 5, 6, 13, 15])
1297
Vecsmall([4, 12, 10, 16, 2, 8, 3, 11, 6, 14, 9, 15, 1, 7, 5, 13])
1301
Vecsmall([10, 11, 4, 3, 9, 15, 16, 12, 5, 1, 2, 8, 14, 13, 6, 7])
1303
Vecsmall([8, 7, 5, 6, 3, 4, 2, 1, 16, 15, 13, 14, 11, 12, 10, 9])
1307
Vecsmall([5, 1, 8, 2, 13, 14, 6, 7, 10, 11, 3, 4, 15, 9, 16, 12])
1319
Vecsmall([9, 10, 12, 11, 14, 13, 15, 16, 1, 2, 4, 3, 6, 5, 7, 8])
1321
Vecsmall([1, 2, 3, 4, 5, 6, 7, 8, 9, 10, 11, 12, 13, 14, 15, 16])
1327
Vecsmall([9, 10, 12, 11, 14, 13, 15, 16, 1, 2, 4, 3, 6, 5, 7, 8])
1361
Vecsmall([13, 5, 7, 1, 15, 9, 14, 6, 11, 3, 8, 2, 16, 10, 12, 4])
1367
Vecsmall([9, 10, 12, 11, 14, 13, 15, 16, 1, 2, 4, 3, 6, 5, 7, 8])
1373
Vecsmall([10, 11, 4, 3, 9, 15, 16, 12, 5, 1, 2, 8, 14, 13, 6, 7])
1381
Vecsmall([7, 6, 13, 14, 8, 2, 1, 5, 12, 16, 15, 9, 3, 4, 11, 10])
1399
Vecsmall([6, 14, 15, 9, 7, 1, 5, 13, 4, 12, 16, 10, 8, 2, 3, 11])
1409
Vecsmall([13, 5, 7, 1, 15, 9, 14, 6, 11, 3, 8, 2, 16, 10, 12, 4])
1423
Vecsmall([6, 14, 15, 9, 7, 1, 5, 13, 4, 12, 16, 10, 8, 2, 3, 11])
1427
Vecsmall([2, 4, 11, 12, 1, 7, 8, 3, 14, 9, 10, 16, 5, 6, 13, 15])
1429
Vecsmall([10, 11, 4, 3, 9, 15, 16, 12, 5, 1, 2, 8, 14, 13, 6, 7])
1433
Vecsmall([13, 5, 7, 1, 15, 9, 14, 6, 11, 3, 8, 2, 16, 10, 12, 4])
1439
Vecsmall([6, 14, 15, 9, 7, 1, 5, 13, 4, 12, 16, 10, 8, 2, 3, 11])
1447
Vecsmall([9, 10, 12, 11, 14, 13, 15, 16, 1, 2, 4, 3, 6, 5, 7, 8])
1451
Vecsmall([15, 13, 6, 5, 16, 10, 9, 14, 3, 8, 7, 1, 12, 11, 4, 2])
1453
Vecsmall([10, 11, 4, 3, 9, 15, 16, 12, 5, 1, 2, 8, 14, 13, 6, 7])
1459
Vecsmall([5, 1, 8, 2, 13, 14, 6, 7, 10, 11, 3, 4, 15, 9, 16, 12])
1471
Vecsmall([6, 14, 15, 9, 7, 1, 5, 13, 4, 12, 16, 10, 8, 2, 3, 11])
1481
Vecsmall([13, 5, 7, 1, 15, 9, 14, 6, 11, 3, 8, 2, 16, 10, 12, 4])
1483
Vecsmall([15, 13, 6, 5, 16, 10, 9, 14, 3, 8, 7, 1, 12, 11, 4, 2])
1487
Vecsmall([9, 10, 12, 11, 14, 13, 15, 16, 1, 2, 4, 3, 6, 5, 7, 8])
1489
Vecsmall([13, 5, 7, 1, 15, 9, 14, 6, 11, 3, 8, 2, 16, 10, 12, 4])
1493
Vecsmall([7, 6, 13, 14, 8, 2, 1, 5, 12, 16, 15, 9, 3, 4, 11, 10])
1499
Vecsmall([2, 4, 11, 12, 1, 7, 8, 3, 14, 9, 10, 16, 5, 6, 13, 15])
1511
Vecsmall([8, 7, 5, 6, 3, 4, 2, 1, 16, 15, 13, 14, 11, 12, 10, 9])
1523
Vecsmall([15, 13, 6, 5, 16, 10, 9, 14, 3, 8, 7, 1, 12, 11, 4, 2])
1531
Vecsmall([2, 4, 11, 12, 1, 7, 8, 3, 14, 9, 10, 16, 5, 6, 13, 15])
1543
Vecsmall([6, 14, 15, 9, 7, 1, 5, 13, 4, 12, 16, 10, 8, 2, 3, 11])
1549
Vecsmall([10, 11, 4, 3, 9, 15, 16, 12, 5, 1, 2, 8, 14, 13, 6, 7])
1553
Vecsmall([16, 15, 14, 13, 12, 11, 10, 9, 8, 7, 6, 5, 4, 3, 2, 1])
1559
Vecsmall([9, 10, 12, 11, 14, 13, 15, 16, 1, 2, 4, 3, 6, 5, 7, 8])
1567
Vecsmall([9, 10, 12, 11, 14, 13, 15, 16, 1, 2, 4, 3, 6, 5, 7, 8])
1571
Vecsmall([2, 4, 11, 12, 1, 7, 8, 3, 14, 9, 10, 16, 5, 6, 13, 15])
1579
Vecsmall([15, 13, 6, 5, 16, 10, 9, 14, 3, 8, 7, 1, 12, 11, 4, 2])
1583
Vecsmall([11, 3, 2, 8, 10, 16, 12, 4, 13, 5, 1, 7, 9, 15, 14, 6])
1597
Vecsmall([10, 11, 4, 3, 9, 15, 16, 12, 5, 1, 2, 8, 14, 13, 6, 7])
1601
Vecsmall([1, 2, 3, 4, 5, 6, 7, 8, 9, 10, 11, 12, 13, 14, 15, 16])
1607
Vecsmall([6, 14, 15, 9, 7, 1, 5, 13, 4, 12, 16, 10, 8, 2, 3, 11])
1609
Vecsmall([13, 5, 7, 1, 15, 9, 14, 6, 11, 3, 8, 2, 16, 10, 12, 4])
1613
Vecsmall([7, 6, 13, 14, 8, 2, 1, 5, 12, 16, 15, 9, 3, 4, 11, 10])
1619
Vecsmall([12, 16, 9, 15, 4, 3, 11, 10, 7, 6, 14, 13, 2, 8, 1, 5])
1621
Vecsmall([7, 6, 13, 14, 8, 2, 1, 5, 12, 16, 15, 9, 3, 4, 11, 10])
1627
Vecsmall([15, 13, 6, 5, 16, 10, 9, 14, 3, 8, 7, 1, 12, 11, 4, 2])
1637
Vecsmall([7, 6, 13, 14, 8, 2, 1, 5, 12, 16, 15, 9, 3, 4, 11, 10])
1657
Vecsmall([16, 15, 14, 13, 12, 11, 10, 9, 8, 7, 6, 5, 4, 3, 2, 1])
1663
Vecsmall([6, 14, 15, 9, 7, 1, 5, 13, 4, 12, 16, 10, 8, 2, 3, 11])
1667
Vecsmall([12, 16, 9, 15, 4, 3, 11, 10, 7, 6, 14, 13, 2, 8, 1, 5])
1669
Vecsmall([10, 11, 4, 3, 9, 15, 16, 12, 5, 1, 2, 8, 14, 13, 6, 7])
1693
Vecsmall([10, 11, 4, 3, 9, 15, 16, 12, 5, 1, 2, 8, 14, 13, 6, 7])
1697
Vecsmall([4, 12, 10, 16, 2, 8, 3, 11, 6, 14, 9, 15, 1, 7, 5, 13])
1699
Vecsmall([5, 1, 8, 2, 13, 14, 6, 7, 10, 11, 3, 4, 15, 9, 16, 12])
1709
Vecsmall([7, 6, 13, 14, 8, 2, 1, 5, 12, 16, 15, 9, 3, 4, 11, 10])
1721
Vecsmall([13, 5, 7, 1, 15, 9, 14, 6, 11, 3, 8, 2, 16, 10, 12, 4])
1723
Vecsmall([12, 16, 9, 15, 4, 3, 11, 10, 7, 6, 14, 13, 2, 8, 1, 5])
1733
Vecsmall([10, 11, 4, 3, 9, 15, 16, 12, 5, 1, 2, 8, 14, 13, 6, 7])
1741
Vecsmall([10, 11, 4, 3, 9, 15, 16, 12, 5, 1, 2, 8, 14, 13, 6, 7])
1747
Vecsmall([2, 4, 11, 12, 1, 7, 8, 3, 14, 9, 10, 16, 5, 6, 13, 15])
1753
Vecsmall([4, 12, 10, 16, 2, 8, 3, 11, 6, 14, 9, 15, 1, 7, 5, 13])
1759
Vecsmall([6, 14, 15, 9, 7, 1, 5, 13, 4, 12, 16, 10, 8, 2, 3, 11])
1777
Vecsmall([1, 2, 3, 4, 5, 6, 7, 8, 9, 10, 11, 12, 13, 14, 15, 16])
1783
Vecsmall([6, 14, 15, 9, 7, 1, 5, 13, 4, 12, 16, 10, 8, 2, 3, 11])
1787
Vecsmall([5, 1, 8, 2, 13, 14, 6, 7, 10, 11, 3, 4, 15, 9, 16, 12])
1789
Vecsmall([10, 11, 4, 3, 9, 15, 16, 12, 5, 1, 2, 8, 14, 13, 6, 7])
1801
Vecsmall([4, 12, 10, 16, 2, 8, 3, 11, 6, 14, 9, 15, 1, 7, 5, 13])
1811
Vecsmall([2, 4, 11, 12, 1, 7, 8, 3, 14, 9, 10, 16, 5, 6, 13, 15])
1823
Vecsmall([9, 10, 12, 11, 14, 13, 15, 16, 1, 2, 4, 3, 6, 5, 7, 8])
1831
Vecsmall([11, 3, 2, 8, 10, 16, 12, 4, 13, 5, 1, 7, 9, 15, 14, 6])
1847
Vecsmall([6, 14, 15, 9, 7, 1, 5, 13, 4, 12, 16, 10, 8, 2, 3, 11])
1861
Vecsmall([7, 6, 13, 14, 8, 2, 1, 5, 12, 16, 15, 9, 3, 4, 11, 10])
1867
Vecsmall([12, 16, 9, 15, 4, 3, 11, 10, 7, 6, 14, 13, 2, 8, 1, 5])
1871
Vecsmall([11, 3, 2, 8, 10, 16, 12, 4, 13, 5, 1, 7, 9, 15, 14, 6])
1873
Vecsmall([13, 5, 7, 1, 15, 9, 14, 6, 11, 3, 8, 2, 16, 10, 12, 4])
1877
Vecsmall([7, 6, 13, 14, 8, 2, 1, 5, 12, 16, 15, 9, 3, 4, 11, 10])
1879
Vecsmall([6, 14, 15, 9, 7, 1, 5, 13, 4, 12, 16, 10, 8, 2, 3, 11])
1889
Vecsmall([16, 15, 14, 13, 12, 11, 10, 9, 8, 7, 6, 5, 4, 3, 2, 1])
1901
Vecsmall([7, 6, 13, 14, 8, 2, 1, 5, 12, 16, 15, 9, 3, 4, 11, 10])
1907
Vecsmall([5, 1, 8, 2, 13, 14, 6, 7, 10, 11, 3, 4, 15, 9, 16, 12])
1913
Vecsmall([13, 5, 7, 1, 15, 9, 14, 6, 11, 3, 8, 2, 16, 10, 12, 4])
1931
Vecsmall([2, 4, 11, 12, 1, 7, 8, 3, 14, 9, 10, 16, 5, 6, 13, 15])
1933
Vecsmall([10, 11, 4, 3, 9, 15, 16, 12, 5, 1, 2, 8, 14, 13, 6, 7])
1949
Vecsmall([10, 11, 4, 3, 9, 15, 16, 12, 5, 1, 2, 8, 14, 13, 6, 7])
1951
Vecsmall([6, 14, 15, 9, 7, 1, 5, 13, 4, 12, 16, 10, 8, 2, 3, 11])
1973
Vecsmall([7, 6, 13, 14, 8, 2, 1, 5, 12, 16, 15, 9, 3, 4, 11, 10])
1979
Vecsmall([5, 1, 8, 2, 13, 14, 6, 7, 10, 11, 3, 4, 15, 9, 16, 12])
1987
Vecsmall([2, 4, 11, 12, 1, 7, 8, 3, 14, 9, 10, 16, 5, 6, 13, 15])
1993
Vecsmall([1, 2, 3, 4, 5, 6, 7, 8, 9, 10, 11, 12, 13, 14, 15, 16])
1997
Vecsmall([7, 6, 13, 14, 8, 2, 1, 5, 12, 16, 15, 9, 3, 4, 11, 10])
1999
Vecsmall([11, 3, 2, 8, 10, 16, 12, 4, 13, 5, 1, 7, 9, 15, 14, 6])
2003
Vecsmall([12, 16, 9, 15, 4, 3, 11, 10, 7, 6, 14, 13, 2, 8, 1, 5])
2011
Vecsmall([2, 4, 11, 12, 1, 7, 8, 3, 14, 9, 10, 16, 5, 6, 13, 15])
2017
Vecsmall([13, 5, 7, 1, 15, 9, 14, 6, 11, 3, 8, 2, 16, 10, 12, 4])
2027
Vecsmall([5, 1, 8, 2, 13, 14, 6, 7, 10, 11, 3, 4, 15, 9, 16, 12])
2029
Vecsmall([10, 11, 4, 3, 9, 15, 16, 12, 5, 1, 2, 8, 14, 13, 6, 7])
2039
Vecsmall([11, 3, 2, 8, 10, 16, 12, 4, 13, 5, 1, 7, 9, 15, 14, 6])
2053
Vecsmall([7, 6, 13, 14, 8, 2, 1, 5, 12, 16, 15, 9, 3, 4, 11, 10])
2063
Vecsmall([11, 3, 2, 8, 10, 16, 12, 4, 13, 5, 1, 7, 9, 15, 14, 6])
2069
Vecsmall([7, 6, 13, 14, 8, 2, 1, 5, 12, 16, 15, 9, 3, 4, 11, 10])
2081
Vecsmall([4, 12, 10, 16, 2, 8, 3, 11, 6, 14, 9, 15, 1, 7, 5, 13])
2083
Vecsmall([2, 4, 11, 12, 1, 7, 8, 3, 14, 9, 10, 16, 5, 6, 13, 15])
2087
Vecsmall([9, 10, 12, 11, 14, 13, 15, 16, 1, 2, 4, 3, 6, 5, 7, 8])
2089
Vecsmall([4, 12, 10, 16, 2, 8, 3, 11, 6, 14, 9, 15, 1, 7, 5, 13])
2099
Vecsmall([15, 13, 6, 5, 16, 10, 9, 14, 3, 8, 7, 1, 12, 11, 4, 2])
2111
Vecsmall([6, 14, 15, 9, 7, 1, 5, 13, 4, 12, 16, 10, 8, 2, 3, 11])
2113
Vecsmall([1, 2, 3, 4, 5, 6, 7, 8, 9, 10, 11, 12, 13, 14, 15, 16])
2129
Vecsmall([1, 2, 3, 4, 5, 6, 7, 8, 9, 10, 11, 12, 13, 14, 15, 16])
2131
Vecsmall([12, 16, 9, 15, 4, 3, 11, 10, 7, 6, 14, 13, 2, 8, 1, 5])
2137
Vecsmall([16, 15, 14, 13, 12, 11, 10, 9, 8, 7, 6, 5, 4, 3, 2, 1])
2141
Vecsmall([10, 11, 4, 3, 9, 15, 16, 12, 5, 1, 2, 8, 14, 13, 6, 7])
2143
Vecsmall([11, 3, 2, 8, 10, 16, 12, 4, 13, 5, 1, 7, 9, 15, 14, 6])
2153
Vecsmall([1, 2, 3, 4, 5, 6, 7, 8, 9, 10, 11, 12, 13, 14, 15, 16])
2161
Vecsmall([4, 12, 10, 16, 2, 8, 3, 11, 6, 14, 9, 15, 1, 7, 5, 13])
2179
Vecsmall([15, 13, 6, 5, 16, 10, 9, 14, 3, 8, 7, 1, 12, 11, 4, 2])
2203
Vecsmall([2, 4, 11, 12, 1, 7, 8, 3, 14, 9, 10, 16, 5, 6, 13, 15])
2207
Vecsmall([6, 14, 15, 9, 7, 1, 5, 13, 4, 12, 16, 10, 8, 2, 3, 11])
2213
Vecsmall([10, 11, 4, 3, 9, 15, 16, 12, 5, 1, 2, 8, 14, 13, 6, 7])
2221
Vecsmall([7, 6, 13, 14, 8, 2, 1, 5, 12, 16, 15, 9, 3, 4, 11, 10])
2237
Vecsmall([10, 11, 4, 3, 9, 15, 16, 12, 5, 1, 2, 8, 14, 13, 6, 7])
2239
Vecsmall([11, 3, 2, 8, 10, 16, 12, 4, 13, 5, 1, 7, 9, 15, 14, 6])
2243
Vecsmall([2, 4, 11, 12, 1, 7, 8, 3, 14, 9, 10, 16, 5, 6, 13, 15])
2251
Vecsmall([15, 13, 6, 5, 16, 10, 9, 14, 3, 8, 7, 1, 12, 11, 4, 2])
2267
Vecsmall([12, 16, 9, 15, 4, 3, 11, 10, 7, 6, 14, 13, 2, 8, 1, 5])
2269
Vecsmall([7, 6, 13, 14, 8, 2, 1, 5, 12, 16, 15, 9, 3, 4, 11, 10])
2273
Vecsmall([1, 2, 3, 4, 5, 6, 7, 8, 9, 10, 11, 12, 13, 14, 15, 16])
2281
Vecsmall([4, 12, 10, 16, 2, 8, 3, 11, 6, 14, 9, 15, 1, 7, 5, 13])
2287
Vecsmall([6, 14, 15, 9, 7, 1, 5, 13, 4, 12, 16, 10, 8, 2, 3, 11])
2293
Vecsmall([10, 11, 4, 3, 9, 15, 16, 12, 5, 1, 2, 8, 14, 13, 6, 7])
2297
Vecsmall([16, 15, 14, 13, 12, 11, 10, 9, 8, 7, 6, 5, 4, 3, 2, 1])
2309
Vecsmall([10, 11, 4, 3, 9, 15, 16, 12, 5, 1, 2, 8, 14, 13, 6, 7])
2311
Vecsmall([9, 10, 12, 11, 14, 13, 15, 16, 1, 2, 4, 3, 6, 5, 7, 8])
2333
Vecsmall([7, 6, 13, 14, 8, 2, 1, 5, 12, 16, 15, 9, 3, 4, 11, 10])
2339
Vecsmall([12, 16, 9, 15, 4, 3, 11, 10, 7, 6, 14, 13, 2, 8, 1, 5])
2341
Vecsmall([10, 11, 4, 3, 9, 15, 16, 12, 5, 1, 2, 8, 14, 13, 6, 7])
2347
Vecsmall([5, 1, 8, 2, 13, 14, 6, 7, 10, 11, 3, 4, 15, 9, 16, 12])
2351
Vecsmall([6, 14, 15, 9, 7, 1, 5, 13, 4, 12, 16, 10, 8, 2, 3, 11])
2357
Vecsmall([7, 6, 13, 14, 8, 2, 1, 5, 12, 16, 15, 9, 3, 4, 11, 10])
2371
Vecsmall([12, 16, 9, 15, 4, 3, 11, 10, 7, 6, 14, 13, 2, 8, 1, 5])
2377
Vecsmall([1, 2, 3, 4, 5, 6, 7, 8, 9, 10, 11, 12, 13, 14, 15, 16])
2381
Vecsmall([7, 6, 13, 14, 8, 2, 1, 5, 12, 16, 15, 9, 3, 4, 11, 10])
2383
Vecsmall([11, 3, 2, 8, 10, 16, 12, 4, 13, 5, 1, 7, 9, 15, 14, 6])
2389
Vecsmall([10, 11, 4, 3, 9, 15, 16, 12, 5, 1, 2, 8, 14, 13, 6, 7])
2393
Vecsmall([13, 5, 7, 1, 15, 9, 14, 6, 11, 3, 8, 2, 16, 10, 12, 4])
2399
Vecsmall([11, 3, 2, 8, 10, 16, 12, 4, 13, 5, 1, 7, 9, 15, 14, 6])
2411
Vecsmall([15, 13, 6, 5, 16, 10, 9, 14, 3, 8, 7, 1, 12, 11, 4, 2])
2417
Vecsmall([13, 5, 7, 1, 15, 9, 14, 6, 11, 3, 8, 2, 16, 10, 12, 4])
2423
Vecsmall([11, 3, 2, 8, 10, 16, 12, 4, 13, 5, 1, 7, 9, 15, 14, 6])
2437
Vecsmall([10, 11, 4, 3, 9, 15, 16, 12, 5, 1, 2, 8, 14, 13, 6, 7])
2441
Vecsmall([13, 5, 7, 1, 15, 9, 14, 6, 11, 3, 8, 2, 16, 10, 12, 4])
2447
Vecsmall([11, 3, 2, 8, 10, 16, 12, 4, 13, 5, 1, 7, 9, 15, 14, 6])
2459
Vecsmall([12, 16, 9, 15, 4, 3, 11, 10, 7, 6, 14, 13, 2, 8, 1, 5])
2467
Vecsmall([15, 13, 6, 5, 16, 10, 9, 14, 3, 8, 7, 1, 12, 11, 4, 2])
2473
Vecsmall([4, 12, 10, 16, 2, 8, 3, 11, 6, 14, 9, 15, 1, 7, 5, 13])
2477
Vecsmall([10, 11, 4, 3, 9, 15, 16, 12, 5, 1, 2, 8, 14, 13, 6, 7])
2503
Vecsmall([8, 7, 5, 6, 3, 4, 2, 1, 16, 15, 13, 14, 11, 12, 10, 9])
2521
Vecsmall([1, 2, 3, 4, 5, 6, 7, 8, 9, 10, 11, 12, 13, 14, 15, 16])
2531
Vecsmall([5, 1, 8, 2, 13, 14, 6, 7, 10, 11, 3, 4, 15, 9, 16, 12])
2539
Vecsmall([5, 1, 8, 2, 13, 14, 6, 7, 10, 11, 3, 4, 15, 9, 16, 12])
2543
Vecsmall([8, 7, 5, 6, 3, 4, 2, 1, 16, 15, 13, 14, 11, 12, 10, 9])
2549
Vecsmall([7, 6, 13, 14, 8, 2, 1, 5, 12, 16, 15, 9, 3, 4, 11, 10])
2551
Vecsmall([6, 14, 15, 9, 7, 1, 5, 13, 4, 12, 16, 10, 8, 2, 3, 11])
2557
Vecsmall([7, 6, 13, 14, 8, 2, 1, 5, 12, 16, 15, 9, 3, 4, 11, 10])
2579
Vecsmall([15, 13, 6, 5, 16, 10, 9, 14, 3, 8, 7, 1, 12, 11, 4, 2])
2591
Vecsmall([6, 14, 15, 9, 7, 1, 5, 13, 4, 12, 16, 10, 8, 2, 3, 11])
2593
Vecsmall([16, 15, 14, 13, 12, 11, 10, 9, 8, 7, 6, 5, 4, 3, 2, 1])
2609
Vecsmall([13, 5, 7, 1, 15, 9, 14, 6, 11, 3, 8, 2, 16, 10, 12, 4])
2617
Vecsmall([16, 15, 14, 13, 12, 11, 10, 9, 8, 7, 6, 5, 4, 3, 2, 1])
2621
Vecsmall([10, 11, 4, 3, 9, 15, 16, 12, 5, 1, 2, 8, 14, 13, 6, 7])
2633
Vecsmall([16, 15, 14, 13, 12, 11, 10, 9, 8, 7, 6, 5, 4, 3, 2, 1])
2647
Vecsmall([11, 3, 2, 8, 10, 16, 12, 4, 13, 5, 1, 7, 9, 15, 14, 6])
2657
Vecsmall([16, 15, 14, 13, 12, 11, 10, 9, 8, 7, 6, 5, 4, 3, 2, 1])
2659
Vecsmall([15, 13, 6, 5, 16, 10, 9, 14, 3, 8, 7, 1, 12, 11, 4, 2])
2663
Vecsmall([9, 10, 12, 11, 14, 13, 15, 16, 1, 2, 4, 3, 6, 5, 7, 8])
2671
Vecsmall([9, 10, 12, 11, 14, 13, 15, 16, 1, 2, 4, 3, 6, 5, 7, 8])
2677
Vecsmall([10, 11, 4, 3, 9, 15, 16, 12, 5, 1, 2, 8, 14, 13, 6, 7])
2683
Vecsmall([15, 13, 6, 5, 16, 10, 9, 14, 3, 8, 7, 1, 12, 11, 4, 2])
2687
Vecsmall([8, 7, 5, 6, 3, 4, 2, 1, 16, 15, 13, 14, 11, 12, 10, 9])
2689
Vecsmall([16, 15, 14, 13, 12, 11, 10, 9, 8, 7, 6, 5, 4, 3, 2, 1])
2693
Vecsmall([10, 11, 4, 3, 9, 15, 16, 12, 5, 1, 2, 8, 14, 13, 6, 7])
2699
Vecsmall([2, 4, 11, 12, 1, 7, 8, 3, 14, 9, 10, 16, 5, 6, 13, 15])
2707
Vecsmall([12, 16, 9, 15, 4, 3, 11, 10, 7, 6, 14, 13, 2, 8, 1, 5])
2711
Vecsmall([11, 3, 2, 8, 10, 16, 12, 4, 13, 5, 1, 7, 9, 15, 14, 6])
2713
Vecsmall([16, 15, 14, 13, 12, 11, 10, 9, 8, 7, 6, 5, 4, 3, 2, 1])
2719
Vecsmall([11, 3, 2, 8, 10, 16, 12, 4, 13, 5, 1, 7, 9, 15, 14, 6])
2729
Vecsmall([1, 2, 3, 4, 5, 6, 7, 8, 9, 10, 11, 12, 13, 14, 15, 16])
2731
Vecsmall([12, 16, 9, 15, 4, 3, 11, 10, 7, 6, 14, 13, 2, 8, 1, 5])
2741
Vecsmall([7, 6, 13, 14, 8, 2, 1, 5, 12, 16, 15, 9, 3, 4, 11, 10])
2749
Vecsmall([10, 11, 4, 3, 9, 15, 16, 12, 5, 1, 2, 8, 14, 13, 6, 7])
2753
Vecsmall([4, 12, 10, 16, 2, 8, 3, 11, 6, 14, 9, 15, 1, 7, 5, 13])
2767
Vecsmall([9, 10, 12, 11, 14, 13, 15, 16, 1, 2, 4, 3, 6, 5, 7, 8])
2777
Vecsmall([1, 2, 3, 4, 5, 6, 7, 8, 9, 10, 11, 12, 13, 14, 15, 16])
2789
Vecsmall([7, 6, 13, 14, 8, 2, 1, 5, 12, 16, 15, 9, 3, 4, 11, 10])
2791
Vecsmall([6, 14, 15, 9, 7, 1, 5, 13, 4, 12, 16, 10, 8, 2, 3, 11])
2797
Vecsmall([7, 6, 13, 14, 8, 2, 1, 5, 12, 16, 15, 9, 3, 4, 11, 10])
2801
Vecsmall([13, 5, 7, 1, 15, 9, 14, 6, 11, 3, 8, 2, 16, 10, 12, 4])
2803
Vecsmall([15, 13, 6, 5, 16, 10, 9, 14, 3, 8, 7, 1, 12, 11, 4, 2])
2819
Vecsmall([5, 1, 8, 2, 13, 14, 6, 7, 10, 11, 3, 4, 15, 9, 16, 12])
2833
Vecsmall([1, 2, 3, 4, 5, 6, 7, 8, 9, 10, 11, 12, 13, 14, 15, 16])
2837
Vecsmall([7, 6, 13, 14, 8, 2, 1, 5, 12, 16, 15, 9, 3, 4, 11, 10])
2843
Vecsmall([15, 13, 6, 5, 16, 10, 9, 14, 3, 8, 7, 1, 12, 11, 4, 2])
2851
Vecsmall([15, 13, 6, 5, 16, 10, 9, 14, 3, 8, 7, 1, 12, 11, 4, 2])
2857
Vecsmall([13, 5, 7, 1, 15, 9, 14, 6, 11, 3, 8, 2, 16, 10, 12, 4])
2861
Vecsmall([10, 11, 4, 3, 9, 15, 16, 12, 5, 1, 2, 8, 14, 13, 6, 7])
2879
Vecsmall([9, 10, 12, 11, 14, 13, 15, 16, 1, 2, 4, 3, 6, 5, 7, 8])
2887
Vecsmall([9, 10, 12, 11, 14, 13, 15, 16, 1, 2, 4, 3, 6, 5, 7, 8])
2897
Vecsmall([4, 12, 10, 16, 2, 8, 3, 11, 6, 14, 9, 15, 1, 7, 5, 13])
2903
Vecsmall([8, 7, 5, 6, 3, 4, 2, 1, 16, 15, 13, 14, 11, 12, 10, 9])
2909
Vecsmall([7, 6, 13, 14, 8, 2, 1, 5, 12, 16, 15, 9, 3, 4, 11, 10])
2917
Vecsmall([10, 11, 4, 3, 9, 15, 16, 12, 5, 1, 2, 8, 14, 13, 6, 7])
2927
Vecsmall([9, 10, 12, 11, 14, 13, 15, 16, 1, 2, 4, 3, 6, 5, 7, 8])
2939
Vecsmall([15, 13, 6, 5, 16, 10, 9, 14, 3, 8, 7, 1, 12, 11, 4, 2])
2953
Vecsmall([16, 15, 14, 13, 12, 11, 10, 9, 8, 7, 6, 5, 4, 3, 2, 1])
2957
Vecsmall([10, 11, 4, 3, 9, 15, 16, 12, 5, 1, 2, 8, 14, 13, 6, 7])
2963
Vecsmall([5, 1, 8, 2, 13, 14, 6, 7, 10, 11, 3, 4, 15, 9, 16, 12])
2969
Vecsmall([13, 5, 7, 1, 15, 9, 14, 6, 11, 3, 8, 2, 16, 10, 12, 4])
2971
Vecsmall([5, 1, 8, 2, 13, 14, 6, 7, 10, 11, 3, 4, 15, 9, 16, 12])
2999
Vecsmall([6, 14, 15, 9, 7, 1, 5, 13, 4, 12, 16, 10, 8, 2, 3, 11])
3001
Vecsmall([1, 2, 3, 4, 5, 6, 7, 8, 9, 10, 11, 12, 13, 14, 15, 16])
3011
Vecsmall([12, 16, 9, 15, 4, 3, 11, 10, 7, 6, 14, 13, 2, 8, 1, 5])
3019
Vecsmall([2, 4, 11, 12, 1, 7, 8, 3, 14, 9, 10, 16, 5, 6, 13, 15])
3023
Vecsmall([11, 3, 2, 8, 10, 16, 12, 4, 13, 5, 1, 7, 9, 15, 14, 6])
3037
Vecsmall([10, 11, 4, 3, 9, 15, 16, 12, 5, 1, 2, 8, 14, 13, 6, 7])
3041
Vecsmall([13, 5, 7, 1, 15, 9, 14, 6, 11, 3, 8, 2, 16, 10, 12, 4])
3049
Vecsmall([4, 12, 10, 16, 2, 8, 3, 11, 6, 14, 9, 15, 1, 7, 5, 13])
3061
Vecsmall([7, 6, 13, 14, 8, 2, 1, 5, 12, 16, 15, 9, 3, 4, 11, 10])
3067
Vecsmall([5, 1, 8, 2, 13, 14, 6, 7, 10, 11, 3, 4, 15, 9, 16, 12])
3079
Vecsmall([8, 7, 5, 6, 3, 4, 2, 1, 16, 15, 13, 14, 11, 12, 10, 9])
3083
Vecsmall([2, 4, 11, 12, 1, 7, 8, 3, 14, 9, 10, 16, 5, 6, 13, 15])
3089
Vecsmall([16, 15, 14, 13, 12, 11, 10, 9, 8, 7, 6, 5, 4, 3, 2, 1])
3109
Vecsmall([10, 11, 4, 3, 9, 15, 16, 12, 5, 1, 2, 8, 14, 13, 6, 7])
3119
Vecsmall([6, 14, 15, 9, 7, 1, 5, 13, 4, 12, 16, 10, 8, 2, 3, 11])
3121
Vecsmall([16, 15, 14, 13, 12, 11, 10, 9, 8, 7, 6, 5, 4, 3, 2, 1])
3137
Vecsmall([1, 2, 3, 4, 5, 6, 7, 8, 9, 10, 11, 12, 13, 14, 15, 16])
3163
Vecsmall([5, 1, 8, 2, 13, 14, 6, 7, 10, 11, 3, 4, 15, 9, 16, 12])
3167
Vecsmall([9, 10, 12, 11, 14, 13, 15, 16, 1, 2, 4, 3, 6, 5, 7, 8])
3169
Vecsmall([13, 5, 7, 1, 15, 9, 14, 6, 11, 3, 8, 2, 16, 10, 12, 4])
3181
Vecsmall([7, 6, 13, 14, 8, 2, 1, 5, 12, 16, 15, 9, 3, 4, 11, 10])
3187
Vecsmall([12, 16, 9, 15, 4, 3, 11, 10, 7, 6, 14, 13, 2, 8, 1, 5])
3191
Vecsmall([6, 14, 15, 9, 7, 1, 5, 13, 4, 12, 16, 10, 8, 2, 3, 11])
3203
Vecsmall([5, 1, 8, 2, 13, 14, 6, 7, 10, 11, 3, 4, 15, 9, 16, 12])
3209
Vecsmall([1, 2, 3, 4, 5, 6, 7, 8, 9, 10, 11, 12, 13, 14, 15, 16])
3217
Vecsmall([16, 15, 14, 13, 12, 11, 10, 9, 8, 7, 6, 5, 4, 3, 2, 1])
3221
Vecsmall([10, 11, 4, 3, 9, 15, 16, 12, 5, 1, 2, 8, 14, 13, 6, 7])
3229
Vecsmall([7, 6, 13, 14, 8, 2, 1, 5, 12, 16, 15, 9, 3, 4, 11, 10])
3251
Vecsmall([12, 16, 9, 15, 4, 3, 11, 10, 7, 6, 14, 13, 2, 8, 1, 5])
3253
Vecsmall([7, 6, 13, 14, 8, 2, 1, 5, 12, 16, 15, 9, 3, 4, 11, 10])
3257
Vecsmall([4, 12, 10, 16, 2, 8, 3, 11, 6, 14, 9, 15, 1, 7, 5, 13])
3259
Vecsmall([5, 1, 8, 2, 13, 14, 6, 7, 10, 11, 3, 4, 15, 9, 16, 12])
3271
Vecsmall([9, 10, 12, 11, 14, 13, 15, 16, 1, 2, 4, 3, 6, 5, 7, 8])
3299
Vecsmall([2, 4, 11, 12, 1, 7, 8, 3, 14, 9, 10, 16, 5, 6, 13, 15])
3301
Vecsmall([7, 6, 13, 14, 8, 2, 1, 5, 12, 16, 15, 9, 3, 4, 11, 10])
3307
Vecsmall([12, 16, 9, 15, 4, 3, 11, 10, 7, 6, 14, 13, 2, 8, 1, 5])
3313
Vecsmall([16, 15, 14, 13, 12, 11, 10, 9, 8, 7, 6, 5, 4, 3, 2, 1])
3319
Vecsmall([11, 3, 2, 8, 10, 16, 12, 4, 13, 5, 1, 7, 9, 15, 14, 6])
3323
Vecsmall([15, 13, 6, 5, 16, 10, 9, 14, 3, 8, 7, 1, 12, 11, 4, 2])
3329
Vecsmall([4, 12, 10, 16, 2, 8, 3, 11, 6, 14, 9, 15, 1, 7, 5, 13])
3331
Vecsmall([12, 16, 9, 15, 4, 3, 11, 10, 7, 6, 14, 13, 2, 8, 1, 5])
3343
Vecsmall([6, 14, 15, 9, 7, 1, 5, 13, 4, 12, 16, 10, 8, 2, 3, 11])
3347
Vecsmall([12, 16, 9, 15, 4, 3, 11, 10, 7, 6, 14, 13, 2, 8, 1, 5])
3359
Vecsmall([8, 7, 5, 6, 3, 4, 2, 1, 16, 15, 13, 14, 11, 12, 10, 9])
3361
Vecsmall([1, 2, 3, 4, 5, 6, 7, 8, 9, 10, 11, 12, 13, 14, 15, 16])
3371
Vecsmall([2, 4, 11, 12, 1, 7, 8, 3, 14, 9, 10, 16, 5, 6, 13, 15])
3373
Vecsmall([10, 11, 4, 3, 9, 15, 16, 12, 5, 1, 2, 8, 14, 13, 6, 7])
3389
Vecsmall([7, 6, 13, 14, 8, 2, 1, 5, 12, 16, 15, 9, 3, 4, 11, 10])
3391
Vecsmall([8, 7, 5, 6, 3, 4, 2, 1, 16, 15, 13, 14, 11, 12, 10, 9])
3407
Vecsmall([11, 3, 2, 8, 10, 16, 12, 4, 13, 5, 1, 7, 9, 15, 14, 6])
3413
Vecsmall([10, 11, 4, 3, 9, 15, 16, 12, 5, 1, 2, 8, 14, 13, 6, 7])
3433
Vecsmall([16, 15, 14, 13, 12, 11, 10, 9, 8, 7, 6, 5, 4, 3, 2, 1])
3449
Vecsmall([4, 12, 10, 16, 2, 8, 3, 11, 6, 14, 9, 15, 1, 7, 5, 13])
3457
Vecsmall([4, 12, 10, 16, 2, 8, 3, 11, 6, 14, 9, 15, 1, 7, 5, 13])
3461
Vecsmall([10, 11, 4, 3, 9, 15, 16, 12, 5, 1, 2, 8, 14, 13, 6, 7])
3463
Vecsmall([9, 10, 12, 11, 14, 13, 15, 16, 1, 2, 4, 3, 6, 5, 7, 8])
3467
Vecsmall([15, 13, 6, 5, 16, 10, 9, 14, 3, 8, 7, 1, 12, 11, 4, 2])
3469
Vecsmall([7, 6, 13, 14, 8, 2, 1, 5, 12, 16, 15, 9, 3, 4, 11, 10])
3491
Vecsmall([5, 1, 8, 2, 13, 14, 6, 7, 10, 11, 3, 4, 15, 9, 16, 12])
3499
Vecsmall([15, 13, 6, 5, 16, 10, 9, 14, 3, 8, 7, 1, 12, 11, 4, 2])
3511
Vecsmall([6, 14, 15, 9, 7, 1, 5, 13, 4, 12, 16, 10, 8, 2, 3, 11])
3517
Vecsmall([7, 6, 13, 14, 8, 2, 1, 5, 12, 16, 15, 9, 3, 4, 11, 10])
3527
Vecsmall([11, 3, 2, 8, 10, 16, 12, 4, 13, 5, 1, 7, 9, 15, 14, 6])
3529
Vecsmall([13, 5, 7, 1, 15, 9, 14, 6, 11, 3, 8, 2, 16, 10, 12, 4])
3533
Vecsmall([10, 11, 4, 3, 9, 15, 16, 12, 5, 1, 2, 8, 14, 13, 6, 7])
3539
Vecsmall([2, 4, 11, 12, 1, 7, 8, 3, 14, 9, 10, 16, 5, 6, 13, 15])
3541
Vecsmall([10, 11, 4, 3, 9, 15, 16, 12, 5, 1, 2, 8, 14, 13, 6, 7])
3547
Vecsmall([5, 1, 8, 2, 13, 14, 6, 7, 10, 11, 3, 4, 15, 9, 16, 12])
3557
Vecsmall([10, 11, 4, 3, 9, 15, 16, 12, 5, 1, 2, 8, 14, 13, 6, 7])
3559
Vecsmall([9, 10, 12, 11, 14, 13, 15, 16, 1, 2, 4, 3, 6, 5, 7, 8])
3571
Vecsmall([12, 16, 9, 15, 4, 3, 11, 10, 7, 6, 14, 13, 2, 8, 1, 5])
3581
Vecsmall([10, 11, 4, 3, 9, 15, 16, 12, 5, 1, 2, 8, 14, 13, 6, 7])
3583
Vecsmall([8, 7, 5, 6, 3, 4, 2, 1, 16, 15, 13, 14, 11, 12, 10, 9])
3593
Vecsmall([16, 15, 14, 13, 12, 11, 10, 9, 8, 7, 6, 5, 4, 3, 2, 1])
3607
Vecsmall([8, 7, 5, 6, 3, 4, 2, 1, 16, 15, 13, 14, 11, 12, 10, 9])
3613
Vecsmall([7, 6, 13, 14, 8, 2, 1, 5, 12, 16, 15, 9, 3, 4, 11, 10])
3617
Vecsmall([13, 5, 7, 1, 15, 9, 14, 6, 11, 3, 8, 2, 16, 10, 12, 4])
3623
Vecsmall([8, 7, 5, 6, 3, 4, 2, 1, 16, 15, 13, 14, 11, 12, 10, 9])
3631
Vecsmall([6, 14, 15, 9, 7, 1, 5, 13, 4, 12, 16, 10, 8, 2, 3, 11])
3637
Vecsmall([7, 6, 13, 14, 8, 2, 1, 5, 12, 16, 15, 9, 3, 4, 11, 10])
3643
Vecsmall([5, 1, 8, 2, 13, 14, 6, 7, 10, 11, 3, 4, 15, 9, 16, 12])
3659
Vecsmall([2, 4, 11, 12, 1, 7, 8, 3, 14, 9, 10, 16, 5, 6, 13, 15])
3671
Vecsmall([11, 3, 2, 8, 10, 16, 12, 4, 13, 5, 1, 7, 9, 15, 14, 6])
3673
Vecsmall([4, 12, 10, 16, 2, 8, 3, 11, 6, 14, 9, 15, 1, 7, 5, 13])
3677
Vecsmall([10, 11, 4, 3, 9, 15, 16, 12, 5, 1, 2, 8, 14, 13, 6, 7])
3691
Vecsmall([15, 13, 6, 5, 16, 10, 9, 14, 3, 8, 7, 1, 12, 11, 4, 2])
3697
Vecsmall([4, 12, 10, 16, 2, 8, 3, 11, 6, 14, 9, 15, 1, 7, 5, 13])
3701
Vecsmall([10, 11, 4, 3, 9, 15, 16, 12, 5, 1, 2, 8, 14, 13, 6, 7])
3709
Vecsmall([10, 11, 4, 3, 9, 15, 16, 12, 5, 1, 2, 8, 14, 13, 6, 7])
3719
Vecsmall([9, 10, 12, 11, 14, 13, 15, 16, 1, 2, 4, 3, 6, 5, 7, 8])
3727
Vecsmall([6, 14, 15, 9, 7, 1, 5, 13, 4, 12, 16, 10, 8, 2, 3, 11])
3733
Vecsmall([7, 6, 13, 14, 8, 2, 1, 5, 12, 16, 15, 9, 3, 4, 11, 10])
3739
Vecsmall([15, 13, 6, 5, 16, 10, 9, 14, 3, 8, 7, 1, 12, 11, 4, 2])
3761
Vecsmall([1, 2, 3, 4, 5, 6, 7, 8, 9, 10, 11, 12, 13, 14, 15, 16])
3767
Vecsmall([9, 10, 12, 11, 14, 13, 15, 16, 1, 2, 4, 3, 6, 5, 7, 8])
3769
Vecsmall([16, 15, 14, 13, 12, 11, 10, 9, 8, 7, 6, 5, 4, 3, 2, 1])
3779
Vecsmall([5, 1, 8, 2, 13, 14, 6, 7, 10, 11, 3, 4, 15, 9, 16, 12])
3793
Vecsmall([4, 12, 10, 16, 2, 8, 3, 11, 6, 14, 9, 15, 1, 7, 5, 13])
3797
Vecsmall([10, 11, 4, 3, 9, 15, 16, 12, 5, 1, 2, 8, 14, 13, 6, 7])
3803
Vecsmall([2, 4, 11, 12, 1, 7, 8, 3, 14, 9, 10, 16, 5, 6, 13, 15])
3821
Vecsmall([10, 11, 4, 3, 9, 15, 16, 12, 5, 1, 2, 8, 14, 13, 6, 7])
3823
Vecsmall([11, 3, 2, 8, 10, 16, 12, 4, 13, 5, 1, 7, 9, 15, 14, 6])
3833
Vecsmall([4, 12, 10, 16, 2, 8, 3, 11, 6, 14, 9, 15, 1, 7, 5, 13])
3847
Vecsmall([11, 3, 2, 8, 10, 16, 12, 4, 13, 5, 1, 7, 9, 15, 14, 6])
3851
Vecsmall([5, 1, 8, 2, 13, 14, 6, 7, 10, 11, 3, 4, 15, 9, 16, 12])
3853
Vecsmall([10, 11, 4, 3, 9, 15, 16, 12, 5, 1, 2, 8, 14, 13, 6, 7])
3863
Vecsmall([8, 7, 5, 6, 3, 4, 2, 1, 16, 15, 13, 14, 11, 12, 10, 9])
3877
Vecsmall([7, 6, 13, 14, 8, 2, 1, 5, 12, 16, 15, 9, 3, 4, 11, 10])
3881
Vecsmall([16, 15, 14, 13, 12, 11, 10, 9, 8, 7, 6, 5, 4, 3, 2, 1])
3889
Vecsmall([13, 5, 7, 1, 15, 9, 14, 6, 11, 3, 8, 2, 16, 10, 12, 4])
3907
Vecsmall([5, 1, 8, 2, 13, 14, 6, 7, 10, 11, 3, 4, 15, 9, 16, 12])
3911
Vecsmall([11, 3, 2, 8, 10, 16, 12, 4, 13, 5, 1, 7, 9, 15, 14, 6])
3917
Vecsmall([7, 6, 13, 14, 8, 2, 1, 5, 12, 16, 15, 9, 3, 4, 11, 10])
3919
Vecsmall([9, 10, 12, 11, 14, 13, 15, 16, 1, 2, 4, 3, 6, 5, 7, 8])
3923
Vecsmall([2, 4, 11, 12, 1, 7, 8, 3, 14, 9, 10, 16, 5, 6, 13, 15])
3929
Vecsmall([1, 2, 3, 4, 5, 6, 7, 8, 9, 10, 11, 12, 13, 14, 15, 16])
3931
Vecsmall([5, 1, 8, 2, 13, 14, 6, 7, 10, 11, 3, 4, 15, 9, 16, 12])
3943
Vecsmall([6, 14, 15, 9, 7, 1, 5, 13, 4, 12, 16, 10, 8, 2, 3, 11])
3947
Vecsmall([5, 1, 8, 2, 13, 14, 6, 7, 10, 11, 3, 4, 15, 9, 16, 12])
3967
Vecsmall([8, 7, 5, 6, 3, 4, 2, 1, 16, 15, 13, 14, 11, 12, 10, 9])
3989
Vecsmall([7, 6, 13, 14, 8, 2, 1, 5, 12, 16, 15, 9, 3, 4, 11, 10])
4001
Vecsmall([16, 15, 14, 13, 12, 11, 10, 9, 8, 7, 6, 5, 4, 3, 2, 1])
4003
Vecsmall([12, 16, 9, 15, 4, 3, 11, 10, 7, 6, 14, 13, 2, 8, 1, 5])
4007
Vecsmall([9, 10, 12, 11, 14, 13, 15, 16, 1, 2, 4, 3, 6, 5, 7, 8])
4013
Vecsmall([10, 11, 4, 3, 9, 15, 16, 12, 5, 1, 2, 8, 14, 13, 6, 7])
4019
Vecsmall([2, 4, 11, 12, 1, 7, 8, 3, 14, 9, 10, 16, 5, 6, 13, 15])
4021
Vecsmall([10, 11, 4, 3, 9, 15, 16, 12, 5, 1, 2, 8, 14, 13, 6, 7])
4027
Vecsmall([2, 4, 11, 12, 1, 7, 8, 3, 14, 9, 10, 16, 5, 6, 13, 15])
4049
Vecsmall([16, 15, 14, 13, 12, 11, 10, 9, 8, 7, 6, 5, 4, 3, 2, 1])
4051
Vecsmall([2, 4, 11, 12, 1, 7, 8, 3, 14, 9, 10, 16, 5, 6, 13, 15])
4057
Vecsmall([13, 5, 7, 1, 15, 9, 14, 6, 11, 3, 8, 2, 16, 10, 12, 4])
4073
Vecsmall([1, 2, 3, 4, 5, 6, 7, 8, 9, 10, 11, 12, 13, 14, 15, 16])
4079
Vecsmall([8, 7, 5, 6, 3, 4, 2, 1, 16, 15, 13, 14, 11, 12, 10, 9])
4091
Vecsmall([2, 4, 11, 12, 1, 7, 8, 3, 14, 9, 10, 16, 5, 6, 13, 15])
4093
Vecsmall([10, 11, 4, 3, 9, 15, 16, 12, 5, 1, 2, 8, 14, 13, 6, 7])
4099
Vecsmall([2, 4, 11, 12, 1, 7, 8, 3, 14, 9, 10, 16, 5, 6, 13, 15])
4111
Vecsmall([8, 7, 5, 6, 3, 4, 2, 1, 16, 15, 13, 14, 11, 12, 10, 9])
4127
Vecsmall([8, 7, 5, 6, 3, 4, 2, 1, 16, 15, 13, 14, 11, 12, 10, 9])
4129
Vecsmall([4, 12, 10, 16, 2, 8, 3, 11, 6, 14, 9, 15, 1, 7, 5, 13])
4133
Vecsmall([10, 11, 4, 3, 9, 15, 16, 12, 5, 1, 2, 8, 14, 13, 6, 7])
4139
Vecsmall([15, 13, 6, 5, 16, 10, 9, 14, 3, 8, 7, 1, 12, 11, 4, 2])
4153
Vecsmall([13, 5, 7, 1, 15, 9, 14, 6, 11, 3, 8, 2, 16, 10, 12, 4])
4157
Vecsmall([10, 11, 4, 3, 9, 15, 16, 12, 5, 1, 2, 8, 14, 13, 6, 7])
4159
Vecsmall([8, 7, 5, 6, 3, 4, 2, 1, 16, 15, 13, 14, 11, 12, 10, 9])
4177
Vecsmall([1, 2, 3, 4, 5, 6, 7, 8, 9, 10, 11, 12, 13, 14, 15, 16])
4201
Vecsmall([4, 12, 10, 16, 2, 8, 3, 11, 6, 14, 9, 15, 1, 7, 5, 13])
4211
Vecsmall([2, 4, 11, 12, 1, 7, 8, 3, 14, 9, 10, 16, 5, 6, 13, 15])
4217
Vecsmall([4, 12, 10, 16, 2, 8, 3, 11, 6, 14, 9, 15, 1, 7, 5, 13])
4219
Vecsmall([15, 13, 6, 5, 16, 10, 9, 14, 3, 8, 7, 1, 12, 11, 4, 2])
4229
Vecsmall([7, 6, 13, 14, 8, 2, 1, 5, 12, 16, 15, 9, 3, 4, 11, 10])
4231
Vecsmall([8, 7, 5, 6, 3, 4, 2, 1, 16, 15, 13, 14, 11, 12, 10, 9])
4241
Vecsmall([13, 5, 7, 1, 15, 9, 14, 6, 11, 3, 8, 2, 16, 10, 12, 4])
4243
Vecsmall([5, 1, 8, 2, 13, 14, 6, 7, 10, 11, 3, 4, 15, 9, 16, 12])
4253
Vecsmall([10, 11, 4, 3, 9, 15, 16, 12, 5, 1, 2, 8, 14, 13, 6, 7])
4259
Vecsmall([5, 1, 8, 2, 13, 14, 6, 7, 10, 11, 3, 4, 15, 9, 16, 12])
4261
Vecsmall([7, 6, 13, 14, 8, 2, 1, 5, 12, 16, 15, 9, 3, 4, 11, 10])
4271
Vecsmall([8, 7, 5, 6, 3, 4, 2, 1, 16, 15, 13, 14, 11, 12, 10, 9])
4273
Vecsmall([16, 15, 14, 13, 12, 11, 10, 9, 8, 7, 6, 5, 4, 3, 2, 1])
4283
Vecsmall([12, 16, 9, 15, 4, 3, 11, 10, 7, 6, 14, 13, 2, 8, 1, 5])
4289
Vecsmall([1, 2, 3, 4, 5, 6, 7, 8, 9, 10, 11, 12, 13, 14, 15, 16])
4297
Vecsmall([4, 12, 10, 16, 2, 8, 3, 11, 6, 14, 9, 15, 1, 7, 5, 13])
4327
Vecsmall([8, 7, 5, 6, 3, 4, 2, 1, 16, 15, 13, 14, 11, 12, 10, 9])
4337
Vecsmall([4, 12, 10, 16, 2, 8, 3, 11, 6, 14, 9, 15, 1, 7, 5, 13])
4339
Vecsmall([2, 4, 11, 12, 1, 7, 8, 3, 14, 9, 10, 16, 5, 6, 13, 15])
4349
Vecsmall([7, 6, 13, 14, 8, 2, 1, 5, 12, 16, 15, 9, 3, 4, 11, 10])
4357
Vecsmall([7, 6, 13, 14, 8, 2, 1, 5, 12, 16, 15, 9, 3, 4, 11, 10])
4363
Vecsmall([12, 16, 9, 15, 4, 3, 11, 10, 7, 6, 14, 13, 2, 8, 1, 5])
4373
Vecsmall([7, 6, 13, 14, 8, 2, 1, 5, 12, 16, 15, 9, 3, 4, 11, 10])
4391
Vecsmall([8, 7, 5, 6, 3, 4, 2, 1, 16, 15, 13, 14, 11, 12, 10, 9])
4397
Vecsmall([10, 11, 4, 3, 9, 15, 16, 12, 5, 1, 2, 8, 14, 13, 6, 7])
4409
Vecsmall([13, 5, 7, 1, 15, 9, 14, 6, 11, 3, 8, 2, 16, 10, 12, 4])
4421
Vecsmall([7, 6, 13, 14, 8, 2, 1, 5, 12, 16, 15, 9, 3, 4, 11, 10])
4423
Vecsmall([9, 10, 12, 11, 14, 13, 15, 16, 1, 2, 4, 3, 6, 5, 7, 8])
4441
Vecsmall([16, 15, 14, 13, 12, 11, 10, 9, 8, 7, 6, 5, 4, 3, 2, 1])
4447
Vecsmall([11, 3, 2, 8, 10, 16, 12, 4, 13, 5, 1, 7, 9, 15, 14, 6])
4451
Vecsmall([15, 13, 6, 5, 16, 10, 9, 14, 3, 8, 7, 1, 12, 11, 4, 2])
4457
Vecsmall([4, 12, 10, 16, 2, 8, 3, 11, 6, 14, 9, 15, 1, 7, 5, 13])
4463
Vecsmall([11, 3, 2, 8, 10, 16, 12, 4, 13, 5, 1, 7, 9, 15, 14, 6])
4481
Vecsmall([1, 2, 3, 4, 5, 6, 7, 8, 9, 10, 11, 12, 13, 14, 15, 16])
4483
Vecsmall([2, 4, 11, 12, 1, 7, 8, 3, 14, 9, 10, 16, 5, 6, 13, 15])
4493
Vecsmall([7, 6, 13, 14, 8, 2, 1, 5, 12, 16, 15, 9, 3, 4, 11, 10])
4507
Vecsmall([12, 16, 9, 15, 4, 3, 11, 10, 7, 6, 14, 13, 2, 8, 1, 5])
4513
Vecsmall([16, 15, 14, 13, 12, 11, 10, 9, 8, 7, 6, 5, 4, 3, 2, 1])
4517
Vecsmall([7, 6, 13, 14, 8, 2, 1, 5, 12, 16, 15, 9, 3, 4, 11, 10])
4519
Vecsmall([8, 7, 5, 6, 3, 4, 2, 1, 16, 15, 13, 14, 11, 12, 10, 9])
4523
Vecsmall([5, 1, 8, 2, 13, 14, 6, 7, 10, 11, 3, 4, 15, 9, 16, 12])
4547
Vecsmall([12, 16, 9, 15, 4, 3, 11, 10, 7, 6, 14, 13, 2, 8, 1, 5])
4549
Vecsmall([7, 6, 13, 14, 8, 2, 1, 5, 12, 16, 15, 9, 3, 4, 11, 10])
4561
Vecsmall([4, 12, 10, 16, 2, 8, 3, 11, 6, 14, 9, 15, 1, 7, 5, 13])
4567
Vecsmall([11, 3, 2, 8, 10, 16, 12, 4, 13, 5, 1, 7, 9, 15, 14, 6])
4583
Vecsmall([11, 3, 2, 8, 10, 16, 12, 4, 13, 5, 1, 7, 9, 15, 14, 6])
4591
Vecsmall([8, 7, 5, 6, 3, 4, 2, 1, 16, 15, 13, 14, 11, 12, 10, 9])
4597
Vecsmall([7, 6, 13, 14, 8, 2, 1, 5, 12, 16, 15, 9, 3, 4, 11, 10])
4603
Vecsmall([12, 16, 9, 15, 4, 3, 11, 10, 7, 6, 14, 13, 2, 8, 1, 5])
4621
Vecsmall([7, 6, 13, 14, 8, 2, 1, 5, 12, 16, 15, 9, 3, 4, 11, 10])
4637
Vecsmall([7, 6, 13, 14, 8, 2, 1, 5, 12, 16, 15, 9, 3, 4, 11, 10])
4639
Vecsmall([9, 10, 12, 11, 14, 13, 15, 16, 1, 2, 4, 3, 6, 5, 7, 8])
4643
Vecsmall([12, 16, 9, 15, 4, 3, 11, 10, 7, 6, 14, 13, 2, 8, 1, 5])
4649
Vecsmall([1, 2, 3, 4, 5, 6, 7, 8, 9, 10, 11, 12, 13, 14, 15, 16])
4651
Vecsmall([2, 4, 11, 12, 1, 7, 8, 3, 14, 9, 10, 16, 5, 6, 13, 15])
4657
Vecsmall([1, 2, 3, 4, 5, 6, 7, 8, 9, 10, 11, 12, 13, 14, 15, 16])
4663
Vecsmall([9, 10, 12, 11, 14, 13, 15, 16, 1, 2, 4, 3, 6, 5, 7, 8])
4673
Vecsmall([13, 5, 7, 1, 15, 9, 14, 6, 11, 3, 8, 2, 16, 10, 12, 4])
4679
Vecsmall([8, 7, 5, 6, 3, 4, 2, 1, 16, 15, 13, 14, 11, 12, 10, 9])
4691
Vecsmall([5, 1, 8, 2, 13, 14, 6, 7, 10, 11, 3, 4, 15, 9, 16, 12])
4703
Vecsmall([11, 3, 2, 8, 10, 16, 12, 4, 13, 5, 1, 7, 9, 15, 14, 6])
4721
Vecsmall([1, 2, 3, 4, 5, 6, 7, 8, 9, 10, 11, 12, 13, 14, 15, 16])
4723
Vecsmall([12, 16, 9, 15, 4, 3, 11, 10, 7, 6, 14, 13, 2, 8, 1, 5])
4729
Vecsmall([1, 2, 3, 4, 5, 6, 7, 8, 9, 10, 11, 12, 13, 14, 15, 16])
4733
Vecsmall([10, 11, 4, 3, 9, 15, 16, 12, 5, 1, 2, 8, 14, 13, 6, 7])
4751
Vecsmall([6, 14, 15, 9, 7, 1, 5, 13, 4, 12, 16, 10, 8, 2, 3, 11])
4759
Vecsmall([9, 10, 12, 11, 14, 13, 15, 16, 1, 2, 4, 3, 6, 5, 7, 8])
4783
Vecsmall([9, 10, 12, 11, 14, 13, 15, 16, 1, 2, 4, 3, 6, 5, 7, 8])
4787
Vecsmall([5, 1, 8, 2, 13, 14, 6, 7, 10, 11, 3, 4, 15, 9, 16, 12])
4789
Vecsmall([10, 11, 4, 3, 9, 15, 16, 12, 5, 1, 2, 8, 14, 13, 6, 7])
4793
Vecsmall([16, 15, 14, 13, 12, 11, 10, 9, 8, 7, 6, 5, 4, 3, 2, 1])
4799
Vecsmall([11, 3, 2, 8, 10, 16, 12, 4, 13, 5, 1, 7, 9, 15, 14, 6])
4801
Vecsmall([16, 15, 14, 13, 12, 11, 10, 9, 8, 7, 6, 5, 4, 3, 2, 1])
4813
Vecsmall([7, 6, 13, 14, 8, 2, 1, 5, 12, 16, 15, 9, 3, 4, 11, 10])
4817
Vecsmall([16, 15, 14, 13, 12, 11, 10, 9, 8, 7, 6, 5, 4, 3, 2, 1])
4831
Vecsmall([9, 10, 12, 11, 14, 13, 15, 16, 1, 2, 4, 3, 6, 5, 7, 8])
4861
Vecsmall([7, 6, 13, 14, 8, 2, 1, 5, 12, 16, 15, 9, 3, 4, 11, 10])
4871
Vecsmall([8, 7, 5, 6, 3, 4, 2, 1, 16, 15, 13, 14, 11, 12, 10, 9])
4877
Vecsmall([7, 6, 13, 14, 8, 2, 1, 5, 12, 16, 15, 9, 3, 4, 11, 10])
4889
Vecsmall([1, 2, 3, 4, 5, 6, 7, 8, 9, 10, 11, 12, 13, 14, 15, 16])
4903
Vecsmall([11, 3, 2, 8, 10, 16, 12, 4, 13, 5, 1, 7, 9, 15, 14, 6])
4909
Vecsmall([7, 6, 13, 14, 8, 2, 1, 5, 12, 16, 15, 9, 3, 4, 11, 10])
4919
Vecsmall([6, 14, 15, 9, 7, 1, 5, 13, 4, 12, 16, 10, 8, 2, 3, 11])
4931
Vecsmall([5, 1, 8, 2, 13, 14, 6, 7, 10, 11, 3, 4, 15, 9, 16, 12])
4933
Vecsmall([7, 6, 13, 14, 8, 2, 1, 5, 12, 16, 15, 9, 3, 4, 11, 10])
4937
Vecsmall([13, 5, 7, 1, 15, 9, 14, 6, 11, 3, 8, 2, 16, 10, 12, 4])
4943
Vecsmall([8, 7, 5, 6, 3, 4, 2, 1, 16, 15, 13, 14, 11, 12, 10, 9])
4951
Vecsmall([8, 7, 5, 6, 3, 4, 2, 1, 16, 15, 13, 14, 11, 12, 10, 9])
4957
Vecsmall([10, 11, 4, 3, 9, 15, 16, 12, 5, 1, 2, 8, 14, 13, 6, 7])
4967
Vecsmall([8, 7, 5, 6, 3, 4, 2, 1, 16, 15, 13, 14, 11, 12, 10, 9])
4969
Vecsmall([1, 2, 3, 4, 5, 6, 7, 8, 9, 10, 11, 12, 13, 14, 15, 16])
4973
Vecsmall([10, 11, 4, 3, 9, 15, 16, 12, 5, 1, 2, 8, 14, 13, 6, 7])
4987
Vecsmall([2, 4, 11, 12, 1, 7, 8, 3, 14, 9, 10, 16, 5, 6, 13, 15])
4993
Vecsmall([16, 15, 14, 13, 12, 11, 10, 9, 8, 7, 6, 5, 4, 3, 2, 1])
4999
Vecsmall([11, 3, 2, 8, 10, 16, 12, 4, 13, 5, 1, 7, 9, 15, 14, 6])
5003
Vecsmall([15, 13, 6, 5, 16, 10, 9, 14, 3, 8, 7, 1, 12, 11, 4, 2])
5009
Vecsmall([4, 12, 10, 16, 2, 8, 3, 11, 6, 14, 9, 15, 1, 7, 5, 13])
5011
Vecsmall([2, 4, 11, 12, 1, 7, 8, 3, 14, 9, 10, 16, 5, 6, 13, 15])
5021
Vecsmall([7, 6, 13, 14, 8, 2, 1, 5, 12, 16, 15, 9, 3, 4, 11, 10])
5023
Vecsmall([9, 10, 12, 11, 14, 13, 15, 16, 1, 2, 4, 3, 6, 5, 7, 8])
5039
Vecsmall([11, 3, 2, 8, 10, 16, 12, 4, 13, 5, 1, 7, 9, 15, 14, 6])
5051
Vecsmall([12, 16, 9, 15, 4, 3, 11, 10, 7, 6, 14, 13, 2, 8, 1, 5])
5059
Vecsmall([2, 4, 11, 12, 1, 7, 8, 3, 14, 9, 10, 16, 5, 6, 13, 15])
5077
Vecsmall([10, 11, 4, 3, 9, 15, 16, 12, 5, 1, 2, 8, 14, 13, 6, 7])
5081
Vecsmall([13, 5, 7, 1, 15, 9, 14, 6, 11, 3, 8, 2, 16, 10, 12, 4])
5087
Vecsmall([6, 14, 15, 9, 7, 1, 5, 13, 4, 12, 16, 10, 8, 2, 3, 11])
5099
Vecsmall([12, 16, 9, 15, 4, 3, 11, 10, 7, 6, 14, 13, 2, 8, 1, 5])
5101
Vecsmall([7, 6, 13, 14, 8, 2, 1, 5, 12, 16, 15, 9, 3, 4, 11, 10])
5107
Vecsmall([2, 4, 11, 12, 1, 7, 8, 3, 14, 9, 10, 16, 5, 6, 13, 15])
5113
Vecsmall([13, 5, 7, 1, 15, 9, 14, 6, 11, 3, 8, 2, 16, 10, 12, 4])
5119
Vecsmall([8, 7, 5, 6, 3, 4, 2, 1, 16, 15, 13, 14, 11, 12, 10, 9])
5147
Vecsmall([2, 4, 11, 12, 1, 7, 8, 3, 14, 9, 10, 16, 5, 6, 13, 15])
5153
Vecsmall([13, 5, 7, 1, 15, 9, 14, 6, 11, 3, 8, 2, 16, 10, 12, 4])
5167
Vecsmall([8, 7, 5, 6, 3, 4, 2, 1, 16, 15, 13, 14, 11, 12, 10, 9])
5171
Vecsmall([12, 16, 9, 15, 4, 3, 11, 10, 7, 6, 14, 13, 2, 8, 1, 5])
5179
Vecsmall([12, 16, 9, 15, 4, 3, 11, 10, 7, 6, 14, 13, 2, 8, 1, 5])
5189
Vecsmall([10, 11, 4, 3, 9, 15, 16, 12, 5, 1, 2, 8, 14, 13, 6, 7])
5197
Vecsmall([7, 6, 13, 14, 8, 2, 1, 5, 12, 16, 15, 9, 3, 4, 11, 10])
5209
Vecsmall([4, 12, 10, 16, 2, 8, 3, 11, 6, 14, 9, 15, 1, 7, 5, 13])
5227
Vecsmall([15, 13, 6, 5, 16, 10, 9, 14, 3, 8, 7, 1, 12, 11, 4, 2])
5231
Vecsmall([11, 3, 2, 8, 10, 16, 12, 4, 13, 5, 1, 7, 9, 15, 14, 6])
5233
Vecsmall([1, 2, 3, 4, 5, 6, 7, 8, 9, 10, 11, 12, 13, 14, 15, 16])
5237
Vecsmall([7, 6, 13, 14, 8, 2, 1, 5, 12, 16, 15, 9, 3, 4, 11, 10])
5261
Vecsmall([7, 6, 13, 14, 8, 2, 1, 5, 12, 16, 15, 9, 3, 4, 11, 10])
5273
Vecsmall([1, 2, 3, 4, 5, 6, 7, 8, 9, 10, 11, 12, 13, 14, 15, 16])
5279
Vecsmall([6, 14, 15, 9, 7, 1, 5, 13, 4, 12, 16, 10, 8, 2, 3, 11])
5281
Vecsmall([4, 12, 10, 16, 2, 8, 3, 11, 6, 14, 9, 15, 1, 7, 5, 13])
5297
Vecsmall([1, 2, 3, 4, 5, 6, 7, 8, 9, 10, 11, 12, 13, 14, 15, 16])
5303
Vecsmall([6, 14, 15, 9, 7, 1, 5, 13, 4, 12, 16, 10, 8, 2, 3, 11])
5309
Vecsmall([10, 11, 4, 3, 9, 15, 16, 12, 5, 1, 2, 8, 14, 13, 6, 7])
5323
Vecsmall([12, 16, 9, 15, 4, 3, 11, 10, 7, 6, 14, 13, 2, 8, 1, 5])
5333
Vecsmall([7, 6, 13, 14, 8, 2, 1, 5, 12, 16, 15, 9, 3, 4, 11, 10])
5347
Vecsmall([2, 4, 11, 12, 1, 7, 8, 3, 14, 9, 10, 16, 5, 6, 13, 15])
5351
Vecsmall([8, 7, 5, 6, 3, 4, 2, 1, 16, 15, 13, 14, 11, 12, 10, 9])
5381
Vecsmall([7, 6, 13, 14, 8, 2, 1, 5, 12, 16, 15, 9, 3, 4, 11, 10])
5387
Vecsmall([5, 1, 8, 2, 13, 14, 6, 7, 10, 11, 3, 4, 15, 9, 16, 12])
5393
Vecsmall([16, 15, 14, 13, 12, 11, 10, 9, 8, 7, 6, 5, 4, 3, 2, 1])
5399
Vecsmall([9, 10, 12, 11, 14, 13, 15, 16, 1, 2, 4, 3, 6, 5, 7, 8])
5407
Vecsmall([6, 14, 15, 9, 7, 1, 5, 13, 4, 12, 16, 10, 8, 2, 3, 11])
5413
Vecsmall([10, 11, 4, 3, 9, 15, 16, 12, 5, 1, 2, 8, 14, 13, 6, 7])
5417
Vecsmall([16, 15, 14, 13, 12, 11, 10, 9, 8, 7, 6, 5, 4, 3, 2, 1])
5419
Vecsmall([15, 13, 6, 5, 16, 10, 9, 14, 3, 8, 7, 1, 12, 11, 4, 2])
5431
Vecsmall([6, 14, 15, 9, 7, 1, 5, 13, 4, 12, 16, 10, 8, 2, 3, 11])
5437
Vecsmall([7, 6, 13, 14, 8, 2, 1, 5, 12, 16, 15, 9, 3, 4, 11, 10])
5441
Vecsmall([13, 5, 7, 1, 15, 9, 14, 6, 11, 3, 8, 2, 16, 10, 12, 4])
5443
Vecsmall([12, 16, 9, 15, 4, 3, 11, 10, 7, 6, 14, 13, 2, 8, 1, 5])
5449
Vecsmall([1, 2, 3, 4, 5, 6, 7, 8, 9, 10, 11, 12, 13, 14, 15, 16])
5471
Vecsmall([6, 14, 15, 9, 7, 1, 5, 13, 4, 12, 16, 10, 8, 2, 3, 11])
5477
Vecsmall([7, 6, 13, 14, 8, 2, 1, 5, 12, 16, 15, 9, 3, 4, 11, 10])
5479
Vecsmall([9, 10, 12, 11, 14, 13, 15, 16, 1, 2, 4, 3, 6, 5, 7, 8])
5483
Vecsmall([15, 13, 6, 5, 16, 10, 9, 14, 3, 8, 7, 1, 12, 11, 4, 2])
5501
Vecsmall([10, 11, 4, 3, 9, 15, 16, 12, 5, 1, 2, 8, 14, 13, 6, 7])
5503
Vecsmall([8, 7, 5, 6, 3, 4, 2, 1, 16, 15, 13, 14, 11, 12, 10, 9])
5507
Vecsmall([12, 16, 9, 15, 4, 3, 11, 10, 7, 6, 14, 13, 2, 8, 1, 5])
5519
Vecsmall([9, 10, 12, 11, 14, 13, 15, 16, 1, 2, 4, 3, 6, 5, 7, 8])
5521
Vecsmall([4, 12, 10, 16, 2, 8, 3, 11, 6, 14, 9, 15, 1, 7, 5, 13])
5527
Vecsmall([6, 14, 15, 9, 7, 1, 5, 13, 4, 12, 16, 10, 8, 2, 3, 11])
5531
Vecsmall([2, 4, 11, 12, 1, 7, 8, 3, 14, 9, 10, 16, 5, 6, 13, 15])
5557
Vecsmall([7, 6, 13, 14, 8, 2, 1, 5, 12, 16, 15, 9, 3, 4, 11, 10])
5563
Vecsmall([12, 16, 9, 15, 4, 3, 11, 10, 7, 6, 14, 13, 2, 8, 1, 5])
5569
Vecsmall([1, 2, 3, 4, 5, 6, 7, 8, 9, 10, 11, 12, 13, 14, 15, 16])
5573
Vecsmall([10, 11, 4, 3, 9, 15, 16, 12, 5, 1, 2, 8, 14, 13, 6, 7])
5581
Vecsmall([7, 6, 13, 14, 8, 2, 1, 5, 12, 16, 15, 9, 3, 4, 11, 10])
5591
Vecsmall([6, 14, 15, 9, 7, 1, 5, 13, 4, 12, 16, 10, 8, 2, 3, 11])
5623
Vecsmall([9, 10, 12, 11, 14, 13, 15, 16, 1, 2, 4, 3, 6, 5, 7, 8])
5639
Vecsmall([9, 10, 12, 11, 14, 13, 15, 16, 1, 2, 4, 3, 6, 5, 7, 8])
5641
Vecsmall([1, 2, 3, 4, 5, 6, 7, 8, 9, 10, 11, 12, 13, 14, 15, 16])
5647
Vecsmall([6, 14, 15, 9, 7, 1, 5, 13, 4, 12, 16, 10, 8, 2, 3, 11])
5651
Vecsmall([5, 1, 8, 2, 13, 14, 6, 7, 10, 11, 3, 4, 15, 9, 16, 12])
5653
Vecsmall([7, 6, 13, 14, 8, 2, 1, 5, 12, 16, 15, 9, 3, 4, 11, 10])
5657
Vecsmall([16, 15, 14, 13, 12, 11, 10, 9, 8, 7, 6, 5, 4, 3, 2, 1])
5659
Vecsmall([2, 4, 11, 12, 1, 7, 8, 3, 14, 9, 10, 16, 5, 6, 13, 15])
5669
Vecsmall([7, 6, 13, 14, 8, 2, 1, 5, 12, 16, 15, 9, 3, 4, 11, 10])
5683
Vecsmall([5, 1, 8, 2, 13, 14, 6, 7, 10, 11, 3, 4, 15, 9, 16, 12])
5689
Vecsmall([13, 5, 7, 1, 15, 9, 14, 6, 11, 3, 8, 2, 16, 10, 12, 4])
5693
Vecsmall([10, 11, 4, 3, 9, 15, 16, 12, 5, 1, 2, 8, 14, 13, 6, 7])
5701
Vecsmall([10, 11, 4, 3, 9, 15, 16, 12, 5, 1, 2, 8, 14, 13, 6, 7])
5711
Vecsmall([6, 14, 15, 9, 7, 1, 5, 13, 4, 12, 16, 10, 8, 2, 3, 11])
5717
Vecsmall([10, 11, 4, 3, 9, 15, 16, 12, 5, 1, 2, 8, 14, 13, 6, 7])
5737
Vecsmall([13, 5, 7, 1, 15, 9, 14, 6, 11, 3, 8, 2, 16, 10, 12, 4])
5741
Vecsmall([7, 6, 13, 14, 8, 2, 1, 5, 12, 16, 15, 9, 3, 4, 11, 10])
5743
Vecsmall([8, 7, 5, 6, 3, 4, 2, 1, 16, 15, 13, 14, 11, 12, 10, 9])
5749
Vecsmall([10, 11, 4, 3, 9, 15, 16, 12, 5, 1, 2, 8, 14, 13, 6, 7])
5779
Vecsmall([15, 13, 6, 5, 16, 10, 9, 14, 3, 8, 7, 1, 12, 11, 4, 2])
5783
Vecsmall([11, 3, 2, 8, 10, 16, 12, 4, 13, 5, 1, 7, 9, 15, 14, 6])
5791
Vecsmall([6, 14, 15, 9, 7, 1, 5, 13, 4, 12, 16, 10, 8, 2, 3, 11])
5801
Vecsmall([1, 2, 3, 4, 5, 6, 7, 8, 9, 10, 11, 12, 13, 14, 15, 16])
5807
Vecsmall([6, 14, 15, 9, 7, 1, 5, 13, 4, 12, 16, 10, 8, 2, 3, 11])
5813
Vecsmall([7, 6, 13, 14, 8, 2, 1, 5, 12, 16, 15, 9, 3, 4, 11, 10])
5821
Vecsmall([10, 11, 4, 3, 9, 15, 16, 12, 5, 1, 2, 8, 14, 13, 6, 7])
5827
Vecsmall([2, 4, 11, 12, 1, 7, 8, 3, 14, 9, 10, 16, 5, 6, 13, 15])
5839
Vecsmall([11, 3, 2, 8, 10, 16, 12, 4, 13, 5, 1, 7, 9, 15, 14, 6])
5843
Vecsmall([2, 4, 11, 12, 1, 7, 8, 3, 14, 9, 10, 16, 5, 6, 13, 15])
5849
Vecsmall([16, 15, 14, 13, 12, 11, 10, 9, 8, 7, 6, 5, 4, 3, 2, 1])
5851
Vecsmall([2, 4, 11, 12, 1, 7, 8, 3, 14, 9, 10, 16, 5, 6, 13, 15])
5857
Vecsmall([4, 12, 10, 16, 2, 8, 3, 11, 6, 14, 9, 15, 1, 7, 5, 13])
5861
Vecsmall([10, 11, 4, 3, 9, 15, 16, 12, 5, 1, 2, 8, 14, 13, 6, 7])
5867
Vecsmall([12, 16, 9, 15, 4, 3, 11, 10, 7, 6, 14, 13, 2, 8, 1, 5])
5869
Vecsmall([10, 11, 4, 3, 9, 15, 16, 12, 5, 1, 2, 8, 14, 13, 6, 7])
5879
Vecsmall([11, 3, 2, 8, 10, 16, 12, 4, 13, 5, 1, 7, 9, 15, 14, 6])
5881
Vecsmall([13, 5, 7, 1, 15, 9, 14, 6, 11, 3, 8, 2, 16, 10, 12, 4])
5897
Vecsmall([16, 15, 14, 13, 12, 11, 10, 9, 8, 7, 6, 5, 4, 3, 2, 1])
5903
Vecsmall([8, 7, 5, 6, 3, 4, 2, 1, 16, 15, 13, 14, 11, 12, 10, 9])
5923
Vecsmall([2, 4, 11, 12, 1, 7, 8, 3, 14, 9, 10, 16, 5, 6, 13, 15])
5927
Vecsmall([6, 14, 15, 9, 7, 1, 5, 13, 4, 12, 16, 10, 8, 2, 3, 11])
5939
Vecsmall([12, 16, 9, 15, 4, 3, 11, 10, 7, 6, 14, 13, 2, 8, 1, 5])
5953
Vecsmall([13, 5, 7, 1, 15, 9, 14, 6, 11, 3, 8, 2, 16, 10, 12, 4])
5981
Vecsmall([10, 11, 4, 3, 9, 15, 16, 12, 5, 1, 2, 8, 14, 13, 6, 7])
5987
Vecsmall([5, 1, 8, 2, 13, 14, 6, 7, 10, 11, 3, 4, 15, 9, 16, 12])
6007
Vecsmall([8, 7, 5, 6, 3, 4, 2, 1, 16, 15, 13, 14, 11, 12, 10, 9])
6011
Vecsmall([2, 4, 11, 12, 1, 7, 8, 3, 14, 9, 10, 16, 5, 6, 13, 15])
6029
Vecsmall([10, 11, 4, 3, 9, 15, 16, 12, 5, 1, 2, 8, 14, 13, 6, 7])
6037
Vecsmall([7, 6, 13, 14, 8, 2, 1, 5, 12, 16, 15, 9, 3, 4, 11, 10])
6043
Vecsmall([15, 13, 6, 5, 16, 10, 9, 14, 3, 8, 7, 1, 12, 11, 4, 2])
6047
Vecsmall([11, 3, 2, 8, 10, 16, 12, 4, 13, 5, 1, 7, 9, 15, 14, 6])
6053
Vecsmall([10, 11, 4, 3, 9, 15, 16, 12, 5, 1, 2, 8, 14, 13, 6, 7])
6067
Vecsmall([15, 13, 6, 5, 16, 10, 9, 14, 3, 8, 7, 1, 12, 11, 4, 2])
6073
Vecsmall([16, 15, 14, 13, 12, 11, 10, 9, 8, 7, 6, 5, 4, 3, 2, 1])
6079
Vecsmall([9, 10, 12, 11, 14, 13, 15, 16, 1, 2, 4, 3, 6, 5, 7, 8])
6089
Vecsmall([4, 12, 10, 16, 2, 8, 3, 11, 6, 14, 9, 15, 1, 7, 5, 13])
6091
Vecsmall([2, 4, 11, 12, 1, 7, 8, 3, 14, 9, 10, 16, 5, 6, 13, 15])
6101
Vecsmall([7, 6, 13, 14, 8, 2, 1, 5, 12, 16, 15, 9, 3, 4, 11, 10])
6113
Vecsmall([4, 12, 10, 16, 2, 8, 3, 11, 6, 14, 9, 15, 1, 7, 5, 13])
6121
Vecsmall([4, 12, 10, 16, 2, 8, 3, 11, 6, 14, 9, 15, 1, 7, 5, 13])
6131
Vecsmall([15, 13, 6, 5, 16, 10, 9, 14, 3, 8, 7, 1, 12, 11, 4, 2])
6133
Vecsmall([10, 11, 4, 3, 9, 15, 16, 12, 5, 1, 2, 8, 14, 13, 6, 7])
6143
Vecsmall([8, 7, 5, 6, 3, 4, 2, 1, 16, 15, 13, 14, 11, 12, 10, 9])
6151
Vecsmall([8, 7, 5, 6, 3, 4, 2, 1, 16, 15, 13, 14, 11, 12, 10, 9])
6163
Vecsmall([2, 4, 11, 12, 1, 7, 8, 3, 14, 9, 10, 16, 5, 6, 13, 15])
6173
Vecsmall([10, 11, 4, 3, 9, 15, 16, 12, 5, 1, 2, 8, 14, 13, 6, 7])
6197
Vecsmall([7, 6, 13, 14, 8, 2, 1, 5, 12, 16, 15, 9, 3, 4, 11, 10])
6199
Vecsmall([9, 10, 12, 11, 14, 13, 15, 16, 1, 2, 4, 3, 6, 5, 7, 8])
6203
Vecsmall([2, 4, 11, 12, 1, 7, 8, 3, 14, 9, 10, 16, 5, 6, 13, 15])
6211
Vecsmall([5, 1, 8, 2, 13, 14, 6, 7, 10, 11, 3, 4, 15, 9, 16, 12])
6217
Vecsmall([16, 15, 14, 13, 12, 11, 10, 9, 8, 7, 6, 5, 4, 3, 2, 1])
6221
Vecsmall([7, 6, 13, 14, 8, 2, 1, 5, 12, 16, 15, 9, 3, 4, 11, 10])
6229
Vecsmall([10, 11, 4, 3, 9, 15, 16, 12, 5, 1, 2, 8, 14, 13, 6, 7])
6247
Vecsmall([8, 7, 5, 6, 3, 4, 2, 1, 16, 15, 13, 14, 11, 12, 10, 9])
6257
Vecsmall([13, 5, 7, 1, 15, 9, 14, 6, 11, 3, 8, 2, 16, 10, 12, 4])
6263
Vecsmall([6, 14, 15, 9, 7, 1, 5, 13, 4, 12, 16, 10, 8, 2, 3, 11])
6269
Vecsmall([10, 11, 4, 3, 9, 15, 16, 12, 5, 1, 2, 8, 14, 13, 6, 7])
6271
Vecsmall([6, 14, 15, 9, 7, 1, 5, 13, 4, 12, 16, 10, 8, 2, 3, 11])
6277
Vecsmall([7, 6, 13, 14, 8, 2, 1, 5, 12, 16, 15, 9, 3, 4, 11, 10])
6287
Vecsmall([9, 10, 12, 11, 14, 13, 15, 16, 1, 2, 4, 3, 6, 5, 7, 8])
6299
Vecsmall([15, 13, 6, 5, 16, 10, 9, 14, 3, 8, 7, 1, 12, 11, 4, 2])
6301
Vecsmall([10, 11, 4, 3, 9, 15, 16, 12, 5, 1, 2, 8, 14, 13, 6, 7])
6311
Vecsmall([6, 14, 15, 9, 7, 1, 5, 13, 4, 12, 16, 10, 8, 2, 3, 11])
6317
Vecsmall([10, 11, 4, 3, 9, 15, 16, 12, 5, 1, 2, 8, 14, 13, 6, 7])
6323
Vecsmall([15, 13, 6, 5, 16, 10, 9, 14, 3, 8, 7, 1, 12, 11, 4, 2])
6329
Vecsmall([16, 15, 14, 13, 12, 11, 10, 9, 8, 7, 6, 5, 4, 3, 2, 1])
6337
Vecsmall([4, 12, 10, 16, 2, 8, 3, 11, 6, 14, 9, 15, 1, 7, 5, 13])
6343
Vecsmall([9, 10, 12, 11, 14, 13, 15, 16, 1, 2, 4, 3, 6, 5, 7, 8])
6353
Vecsmall([1, 2, 3, 4, 5, 6, 7, 8, 9, 10, 11, 12, 13, 14, 15, 16])
6359
Vecsmall([11, 3, 2, 8, 10, 16, 12, 4, 13, 5, 1, 7, 9, 15, 14, 6])
6361
Vecsmall([4, 12, 10, 16, 2, 8, 3, 11, 6, 14, 9, 15, 1, 7, 5, 13])
6367
Vecsmall([9, 10, 12, 11, 14, 13, 15, 16, 1, 2, 4, 3, 6, 5, 7, 8])
6373
Vecsmall([10, 11, 4, 3, 9, 15, 16, 12, 5, 1, 2, 8, 14, 13, 6, 7])
6379
Vecsmall([5, 1, 8, 2, 13, 14, 6, 7, 10, 11, 3, 4, 15, 9, 16, 12])
6389
Vecsmall([10, 11, 4, 3, 9, 15, 16, 12, 5, 1, 2, 8, 14, 13, 6, 7])
6397
Vecsmall([10, 11, 4, 3, 9, 15, 16, 12, 5, 1, 2, 8, 14, 13, 6, 7])
6421
Vecsmall([7, 6, 13, 14, 8, 2, 1, 5, 12, 16, 15, 9, 3, 4, 11, 10])
6427
Vecsmall([15, 13, 6, 5, 16, 10, 9, 14, 3, 8, 7, 1, 12, 11, 4, 2])
6449
Vecsmall([1, 2, 3, 4, 5, 6, 7, 8, 9, 10, 11, 12, 13, 14, 15, 16])
6451
Vecsmall([5, 1, 8, 2, 13, 14, 6, 7, 10, 11, 3, 4, 15, 9, 16, 12])
6469
Vecsmall([7, 6, 13, 14, 8, 2, 1, 5, 12, 16, 15, 9, 3, 4, 11, 10])
6473
Vecsmall([16, 15, 14, 13, 12, 11, 10, 9, 8, 7, 6, 5, 4, 3, 2, 1])
6481
Vecsmall([1, 2, 3, 4, 5, 6, 7, 8, 9, 10, 11, 12, 13, 14, 15, 16])
6491
Vecsmall([2, 4, 11, 12, 1, 7, 8, 3, 14, 9, 10, 16, 5, 6, 13, 15])
6521
Vecsmall([13, 5, 7, 1, 15, 9, 14, 6, 11, 3, 8, 2, 16, 10, 12, 4])
6529
Vecsmall([16, 15, 14, 13, 12, 11, 10, 9, 8, 7, 6, 5, 4, 3, 2, 1])
6547
Vecsmall([15, 13, 6, 5, 16, 10, 9, 14, 3, 8, 7, 1, 12, 11, 4, 2])
6551
Vecsmall([11, 3, 2, 8, 10, 16, 12, 4, 13, 5, 1, 7, 9, 15, 14, 6])
6553
Vecsmall([13, 5, 7, 1, 15, 9, 14, 6, 11, 3, 8, 2, 16, 10, 12, 4])
6563
Vecsmall([12, 16, 9, 15, 4, 3, 11, 10, 7, 6, 14, 13, 2, 8, 1, 5])
6569
Vecsmall([4, 12, 10, 16, 2, 8, 3, 11, 6, 14, 9, 15, 1, 7, 5, 13])
6571
Vecsmall([15, 13, 6, 5, 16, 10, 9, 14, 3, 8, 7, 1, 12, 11, 4, 2])
6577
Vecsmall([13, 5, 7, 1, 15, 9, 14, 6, 11, 3, 8, 2, 16, 10, 12, 4])
6581
Vecsmall([7, 6, 13, 14, 8, 2, 1, 5, 12, 16, 15, 9, 3, 4, 11, 10])
6599
Vecsmall([11, 3, 2, 8, 10, 16, 12, 4, 13, 5, 1, 7, 9, 15, 14, 6])
6607
Vecsmall([8, 7, 5, 6, 3, 4, 2, 1, 16, 15, 13, 14, 11, 12, 10, 9])
6619
Vecsmall([2, 4, 11, 12, 1, 7, 8, 3, 14, 9, 10, 16, 5, 6, 13, 15])
6637
Vecsmall([10, 11, 4, 3, 9, 15, 16, 12, 5, 1, 2, 8, 14, 13, 6, 7])
6653
Vecsmall([10, 11, 4, 3, 9, 15, 16, 12, 5, 1, 2, 8, 14, 13, 6, 7])
6659
Vecsmall([15, 13, 6, 5, 16, 10, 9, 14, 3, 8, 7, 1, 12, 11, 4, 2])
6661
Vecsmall([7, 6, 13, 14, 8, 2, 1, 5, 12, 16, 15, 9, 3, 4, 11, 10])
6673
Vecsmall([4, 12, 10, 16, 2, 8, 3, 11, 6, 14, 9, 15, 1, 7, 5, 13])
6679
Vecsmall([9, 10, 12, 11, 14, 13, 15, 16, 1, 2, 4, 3, 6, 5, 7, 8])
6689
Vecsmall([1, 2, 3, 4, 5, 6, 7, 8, 9, 10, 11, 12, 13, 14, 15, 16])
6691
Vecsmall([12, 16, 9, 15, 4, 3, 11, 10, 7, 6, 14, 13, 2, 8, 1, 5])
6701
Vecsmall([10, 11, 4, 3, 9, 15, 16, 12, 5, 1, 2, 8, 14, 13, 6, 7])
6703
Vecsmall([11, 3, 2, 8, 10, 16, 12, 4, 13, 5, 1, 7, 9, 15, 14, 6])
6709
Vecsmall([10, 11, 4, 3, 9, 15, 16, 12, 5, 1, 2, 8, 14, 13, 6, 7])
6719
Vecsmall([8, 7, 5, 6, 3, 4, 2, 1, 16, 15, 13, 14, 11, 12, 10, 9])
6733
Vecsmall([10, 11, 4, 3, 9, 15, 16, 12, 5, 1, 2, 8, 14, 13, 6, 7])
6737
Vecsmall([4, 12, 10, 16, 2, 8, 3, 11, 6, 14, 9, 15, 1, 7, 5, 13])
6761
Vecsmall([13, 5, 7, 1, 15, 9, 14, 6, 11, 3, 8, 2, 16, 10, 12, 4])
6763
Vecsmall([2, 4, 11, 12, 1, 7, 8, 3, 14, 9, 10, 16, 5, 6, 13, 15])
6779
Vecsmall([5, 1, 8, 2, 13, 14, 6, 7, 10, 11, 3, 4, 15, 9, 16, 12])
6781
Vecsmall([7, 6, 13, 14, 8, 2, 1, 5, 12, 16, 15, 9, 3, 4, 11, 10])
6791
Vecsmall([6, 14, 15, 9, 7, 1, 5, 13, 4, 12, 16, 10, 8, 2, 3, 11])
6793
Vecsmall([13, 5, 7, 1, 15, 9, 14, 6, 11, 3, 8, 2, 16, 10, 12, 4])
6803
Vecsmall([2, 4, 11, 12, 1, 7, 8, 3, 14, 9, 10, 16, 5, 6, 13, 15])
6823
Vecsmall([9, 10, 12, 11, 14, 13, 15, 16, 1, 2, 4, 3, 6, 5, 7, 8])
6827
Vecsmall([2, 4, 11, 12, 1, 7, 8, 3, 14, 9, 10, 16, 5, 6, 13, 15])
6829
Vecsmall([10, 11, 4, 3, 9, 15, 16, 12, 5, 1, 2, 8, 14, 13, 6, 7])
6833
Vecsmall([4, 12, 10, 16, 2, 8, 3, 11, 6, 14, 9, 15, 1, 7, 5, 13])
6841
Vecsmall([4, 12, 10, 16, 2, 8, 3, 11, 6, 14, 9, 15, 1, 7, 5, 13])
6857
Vecsmall([4, 12, 10, 16, 2, 8, 3, 11, 6, 14, 9, 15, 1, 7, 5, 13])
6863
Vecsmall([8, 7, 5, 6, 3, 4, 2, 1, 16, 15, 13, 14, 11, 12, 10, 9])
6869
Vecsmall([10, 11, 4, 3, 9, 15, 16, 12, 5, 1, 2, 8, 14, 13, 6, 7])
6871
Vecsmall([6, 14, 15, 9, 7, 1, 5, 13, 4, 12, 16, 10, 8, 2, 3, 11])
6883
Vecsmall([5, 1, 8, 2, 13, 14, 6, 7, 10, 11, 3, 4, 15, 9, 16, 12])
6899
Vecsmall([2, 4, 11, 12, 1, 7, 8, 3, 14, 9, 10, 16, 5, 6, 13, 15])
6907
Vecsmall([15, 13, 6, 5, 16, 10, 9, 14, 3, 8, 7, 1, 12, 11, 4, 2])
6911
Vecsmall([6, 14, 15, 9, 7, 1, 5, 13, 4, 12, 16, 10, 8, 2, 3, 11])
6917
Vecsmall([10, 11, 4, 3, 9, 15, 16, 12, 5, 1, 2, 8, 14, 13, 6, 7])
6947
Vecsmall([2, 4, 11, 12, 1, 7, 8, 3, 14, 9, 10, 16, 5, 6, 13, 15])
6949
Vecsmall([10, 11, 4, 3, 9, 15, 16, 12, 5, 1, 2, 8, 14, 13, 6, 7])
6959
Vecsmall([8, 7, 5, 6, 3, 4, 2, 1, 16, 15, 13, 14, 11, 12, 10, 9])
6961
Vecsmall([4, 12, 10, 16, 2, 8, 3, 11, 6, 14, 9, 15, 1, 7, 5, 13])
6967
Vecsmall([8, 7, 5, 6, 3, 4, 2, 1, 16, 15, 13, 14, 11, 12, 10, 9])
6971
Vecsmall([12, 16, 9, 15, 4, 3, 11, 10, 7, 6, 14, 13, 2, 8, 1, 5])
6977
Vecsmall([4, 12, 10, 16, 2, 8, 3, 11, 6, 14, 9, 15, 1, 7, 5, 13])
6983
Vecsmall([11, 3, 2, 8, 10, 16, 12, 4, 13, 5, 1, 7, 9, 15, 14, 6])
6991
Vecsmall([8, 7, 5, 6, 3, 4, 2, 1, 16, 15, 13, 14, 11, 12, 10, 9])
6997
Vecsmall([10, 11, 4, 3, 9, 15, 16, 12, 5, 1, 2, 8, 14, 13, 6, 7])
7001
Vecsmall([1, 2, 3, 4, 5, 6, 7, 8, 9, 10, 11, 12, 13, 14, 15, 16])
7013
Vecsmall([7, 6, 13, 14, 8, 2, 1, 5, 12, 16, 15, 9, 3, 4, 11, 10])
7019
Vecsmall([5, 1, 8, 2, 13, 14, 6, 7, 10, 11, 3, 4, 15, 9, 16, 12])
7027
Vecsmall([12, 16, 9, 15, 4, 3, 11, 10, 7, 6, 14, 13, 2, 8, 1, 5])
7039
Vecsmall([11, 3, 2, 8, 10, 16, 12, 4, 13, 5, 1, 7, 9, 15, 14, 6])
7043
Vecsmall([2, 4, 11, 12, 1, 7, 8, 3, 14, 9, 10, 16, 5, 6, 13, 15])
7057
Vecsmall([13, 5, 7, 1, 15, 9, 14, 6, 11, 3, 8, 2, 16, 10, 12, 4])
7069
Vecsmall([7, 6, 13, 14, 8, 2, 1, 5, 12, 16, 15, 9, 3, 4, 11, 10])
7079
Vecsmall([9, 10, 12, 11, 14, 13, 15, 16, 1, 2, 4, 3, 6, 5, 7, 8])
7103
Vecsmall([8, 7, 5, 6, 3, 4, 2, 1, 16, 15, 13, 14, 11, 12, 10, 9])
7109
Vecsmall([7, 6, 13, 14, 8, 2, 1, 5, 12, 16, 15, 9, 3, 4, 11, 10])
7121
Vecsmall([16, 15, 14, 13, 12, 11, 10, 9, 8, 7, 6, 5, 4, 3, 2, 1])
7127
Vecsmall([11, 3, 2, 8, 10, 16, 12, 4, 13, 5, 1, 7, 9, 15, 14, 6])
7129
Vecsmall([4, 12, 10, 16, 2, 8, 3, 11, 6, 14, 9, 15, 1, 7, 5, 13])
7151
Vecsmall([9, 10, 12, 11, 14, 13, 15, 16, 1, 2, 4, 3, 6, 5, 7, 8])
7159
Vecsmall([6, 14, 15, 9, 7, 1, 5, 13, 4, 12, 16, 10, 8, 2, 3, 11])
7177
Vecsmall([16, 15, 14, 13, 12, 11, 10, 9, 8, 7, 6, 5, 4, 3, 2, 1])
7187
Vecsmall([2, 4, 11, 12, 1, 7, 8, 3, 14, 9, 10, 16, 5, 6, 13, 15])
7193
Vecsmall([16, 15, 14, 13, 12, 11, 10, 9, 8, 7, 6, 5, 4, 3, 2, 1])
7207
Vecsmall([9, 10, 12, 11, 14, 13, 15, 16, 1, 2, 4, 3, 6, 5, 7, 8])
7211
Vecsmall([15, 13, 6, 5, 16, 10, 9, 14, 3, 8, 7, 1, 12, 11, 4, 2])
7213
Vecsmall([7, 6, 13, 14, 8, 2, 1, 5, 12, 16, 15, 9, 3, 4, 11, 10])
7219
Vecsmall([12, 16, 9, 15, 4, 3, 11, 10, 7, 6, 14, 13, 2, 8, 1, 5])
7229
Vecsmall([10, 11, 4, 3, 9, 15, 16, 12, 5, 1, 2, 8, 14, 13, 6, 7])
7237
Vecsmall([7, 6, 13, 14, 8, 2, 1, 5, 12, 16, 15, 9, 3, 4, 11, 10])
7243
Vecsmall([15, 13, 6, 5, 16, 10, 9, 14, 3, 8, 7, 1, 12, 11, 4, 2])
7247
Vecsmall([9, 10, 12, 11, 14, 13, 15, 16, 1, 2, 4, 3, 6, 5, 7, 8])
7253
Vecsmall([10, 11, 4, 3, 9, 15, 16, 12, 5, 1, 2, 8, 14, 13, 6, 7])
7283
Vecsmall([5, 1, 8, 2, 13, 14, 6, 7, 10, 11, 3, 4, 15, 9, 16, 12])
7297
Vecsmall([13, 5, 7, 1, 15, 9, 14, 6, 11, 3, 8, 2, 16, 10, 12, 4])
7307
Vecsmall([15, 13, 6, 5, 16, 10, 9, 14, 3, 8, 7, 1, 12, 11, 4, 2])
7309
Vecsmall([10, 11, 4, 3, 9, 15, 16, 12, 5, 1, 2, 8, 14, 13, 6, 7])
7321
Vecsmall([16, 15, 14, 13, 12, 11, 10, 9, 8, 7, 6, 5, 4, 3, 2, 1])
7331
Vecsmall([12, 16, 9, 15, 4, 3, 11, 10, 7, 6, 14, 13, 2, 8, 1, 5])
7333
Vecsmall([7, 6, 13, 14, 8, 2, 1, 5, 12, 16, 15, 9, 3, 4, 11, 10])
7349
Vecsmall([7, 6, 13, 14, 8, 2, 1, 5, 12, 16, 15, 9, 3, 4, 11, 10])
7351
Vecsmall([11, 3, 2, 8, 10, 16, 12, 4, 13, 5, 1, 7, 9, 15, 14, 6])
7369
Vecsmall([16, 15, 14, 13, 12, 11, 10, 9, 8, 7, 6, 5, 4, 3, 2, 1])
7393
Vecsmall([1, 2, 3, 4, 5, 6, 7, 8, 9, 10, 11, 12, 13, 14, 15, 16])
7411
Vecsmall([2, 4, 11, 12, 1, 7, 8, 3, 14, 9, 10, 16, 5, 6, 13, 15])
7417
Vecsmall([1, 2, 3, 4, 5, 6, 7, 8, 9, 10, 11, 12, 13, 14, 15, 16])
7433
Vecsmall([16, 15, 14, 13, 12, 11, 10, 9, 8, 7, 6, 5, 4, 3, 2, 1])
7451
Vecsmall([12, 16, 9, 15, 4, 3, 11, 10, 7, 6, 14, 13, 2, 8, 1, 5])
7457
Vecsmall([13, 5, 7, 1, 15, 9, 14, 6, 11, 3, 8, 2, 16, 10, 12, 4])
7459
Vecsmall([15, 13, 6, 5, 16, 10, 9, 14, 3, 8, 7, 1, 12, 11, 4, 2])
7477
Vecsmall([7, 6, 13, 14, 8, 2, 1, 5, 12, 16, 15, 9, 3, 4, 11, 10])
7481
Vecsmall([13, 5, 7, 1, 15, 9, 14, 6, 11, 3, 8, 2, 16, 10, 12, 4])
7487
Vecsmall([8, 7, 5, 6, 3, 4, 2, 1, 16, 15, 13, 14, 11, 12, 10, 9])
7489
Vecsmall([16, 15, 14, 13, 12, 11, 10, 9, 8, 7, 6, 5, 4, 3, 2, 1])
7499
Vecsmall([15, 13, 6, 5, 16, 10, 9, 14, 3, 8, 7, 1, 12, 11, 4, 2])
7507
Vecsmall([15, 13, 6, 5, 16, 10, 9, 14, 3, 8, 7, 1, 12, 11, 4, 2])
7517
Vecsmall([7, 6, 13, 14, 8, 2, 1, 5, 12, 16, 15, 9, 3, 4, 11, 10])
7523
Vecsmall([2, 4, 11, 12, 1, 7, 8, 3, 14, 9, 10, 16, 5, 6, 13, 15])
7529
Vecsmall([4, 12, 10, 16, 2, 8, 3, 11, 6, 14, 9, 15, 1, 7, 5, 13])
7537
Vecsmall([4, 12, 10, 16, 2, 8, 3, 11, 6, 14, 9, 15, 1, 7, 5, 13])
7541
Vecsmall([7, 6, 13, 14, 8, 2, 1, 5, 12, 16, 15, 9, 3, 4, 11, 10])
7547
Vecsmall([5, 1, 8, 2, 13, 14, 6, 7, 10, 11, 3, 4, 15, 9, 16, 12])
7549
Vecsmall([10, 11, 4, 3, 9, 15, 16, 12, 5, 1, 2, 8, 14, 13, 6, 7])
7559
Vecsmall([11, 3, 2, 8, 10, 16, 12, 4, 13, 5, 1, 7, 9, 15, 14, 6])
7561
Vecsmall([16, 15, 14, 13, 12, 11, 10, 9, 8, 7, 6, 5, 4, 3, 2, 1])
7573
Vecsmall([10, 11, 4, 3, 9, 15, 16, 12, 5, 1, 2, 8, 14, 13, 6, 7])
7577
Vecsmall([13, 5, 7, 1, 15, 9, 14, 6, 11, 3, 8, 2, 16, 10, 12, 4])
7583
Vecsmall([11, 3, 2, 8, 10, 16, 12, 4, 13, 5, 1, 7, 9, 15, 14, 6])
7589
Vecsmall([7, 6, 13, 14, 8, 2, 1, 5, 12, 16, 15, 9, 3, 4, 11, 10])
7591
Vecsmall([8, 7, 5, 6, 3, 4, 2, 1, 16, 15, 13, 14, 11, 12, 10, 9])
7603
Vecsmall([2, 4, 11, 12, 1, 7, 8, 3, 14, 9, 10, 16, 5, 6, 13, 15])
7607
Vecsmall([8, 7, 5, 6, 3, 4, 2, 1, 16, 15, 13, 14, 11, 12, 10, 9])
7621
Vecsmall([7, 6, 13, 14, 8, 2, 1, 5, 12, 16, 15, 9, 3, 4, 11, 10])
7639
Vecsmall([11, 3, 2, 8, 10, 16, 12, 4, 13, 5, 1, 7, 9, 15, 14, 6])
7643
Vecsmall([15, 13, 6, 5, 16, 10, 9, 14, 3, 8, 7, 1, 12, 11, 4, 2])
7649
Vecsmall([4, 12, 10, 16, 2, 8, 3, 11, 6, 14, 9, 15, 1, 7, 5, 13])
7669
Vecsmall([10, 11, 4, 3, 9, 15, 16, 12, 5, 1, 2, 8, 14, 13, 6, 7])
7673
Vecsmall([1, 2, 3, 4, 5, 6, 7, 8, 9, 10, 11, 12, 13, 14, 15, 16])
7681
Vecsmall([13, 5, 7, 1, 15, 9, 14, 6, 11, 3, 8, 2, 16, 10, 12, 4])
7687
Vecsmall([9, 10, 12, 11, 14, 13, 15, 16, 1, 2, 4, 3, 6, 5, 7, 8])
7691
Vecsmall([15, 13, 6, 5, 16, 10, 9, 14, 3, 8, 7, 1, 12, 11, 4, 2])
7699
Vecsmall([5, 1, 8, 2, 13, 14, 6, 7, 10, 11, 3, 4, 15, 9, 16, 12])
7703
Vecsmall([9, 10, 12, 11, 14, 13, 15, 16, 1, 2, 4, 3, 6, 5, 7, 8])
7717
Vecsmall([10, 11, 4, 3, 9, 15, 16, 12, 5, 1, 2, 8, 14, 13, 6, 7])
7723
Vecsmall([2, 4, 11, 12, 1, 7, 8, 3, 14, 9, 10, 16, 5, 6, 13, 15])
7727
Vecsmall([6, 14, 15, 9, 7, 1, 5, 13, 4, 12, 16, 10, 8, 2, 3, 11])
7741
Vecsmall([7, 6, 13, 14, 8, 2, 1, 5, 12, 16, 15, 9, 3, 4, 11, 10])
7753
Vecsmall([4, 12, 10, 16, 2, 8, 3, 11, 6, 14, 9, 15, 1, 7, 5, 13])
7757
Vecsmall([7, 6, 13, 14, 8, 2, 1, 5, 12, 16, 15, 9, 3, 4, 11, 10])
7759
Vecsmall([11, 3, 2, 8, 10, 16, 12, 4, 13, 5, 1, 7, 9, 15, 14, 6])
7789
Vecsmall([7, 6, 13, 14, 8, 2, 1, 5, 12, 16, 15, 9, 3, 4, 11, 10])
7793
Vecsmall([1, 2, 3, 4, 5, 6, 7, 8, 9, 10, 11, 12, 13, 14, 15, 16])
7817
Vecsmall([4, 12, 10, 16, 2, 8, 3, 11, 6, 14, 9, 15, 1, 7, 5, 13])
7823
Vecsmall([11, 3, 2, 8, 10, 16, 12, 4, 13, 5, 1, 7, 9, 15, 14, 6])
7829
Vecsmall([10, 11, 4, 3, 9, 15, 16, 12, 5, 1, 2, 8, 14, 13, 6, 7])
7841
Vecsmall([16, 15, 14, 13, 12, 11, 10, 9, 8, 7, 6, 5, 4, 3, 2, 1])
7853
Vecsmall([7, 6, 13, 14, 8, 2, 1, 5, 12, 16, 15, 9, 3, 4, 11, 10])
7867
Vecsmall([2, 4, 11, 12, 1, 7, 8, 3, 14, 9, 10, 16, 5, 6, 13, 15])
7873
Vecsmall([4, 12, 10, 16, 2, 8, 3, 11, 6, 14, 9, 15, 1, 7, 5, 13])
7877
Vecsmall([10, 11, 4, 3, 9, 15, 16, 12, 5, 1, 2, 8, 14, 13, 6, 7])
7879
Vecsmall([8, 7, 5, 6, 3, 4, 2, 1, 16, 15, 13, 14, 11, 12, 10, 9])
7883
Vecsmall([15, 13, 6, 5, 16, 10, 9, 14, 3, 8, 7, 1, 12, 11, 4, 2])
7901
Vecsmall([7, 6, 13, 14, 8, 2, 1, 5, 12, 16, 15, 9, 3, 4, 11, 10])
7907
Vecsmall([5, 1, 8, 2, 13, 14, 6, 7, 10, 11, 3, 4, 15, 9, 16, 12])
7919
Vecsmall([9, 10, 12, 11, 14, 13, 15, 16, 1, 2, 4, 3, 6, 5, 7, 8])
7927
Vecsmall([8, 7, 5, 6, 3, 4, 2, 1, 16, 15, 13, 14, 11, 12, 10, 9])
7933
Vecsmall([7, 6, 13, 14, 8, 2, 1, 5, 12, 16, 15, 9, 3, 4, 11, 10])
7937
Vecsmall([4, 12, 10, 16, 2, 8, 3, 11, 6, 14, 9, 15, 1, 7, 5, 13])
7949
Vecsmall([10, 11, 4, 3, 9, 15, 16, 12, 5, 1, 2, 8, 14, 13, 6, 7])
7951
Vecsmall([8, 7, 5, 6, 3, 4, 2, 1, 16, 15, 13, 14, 11, 12, 10, 9])
7963
Vecsmall([5, 1, 8, 2, 13, 14, 6, 7, 10, 11, 3, 4, 15, 9, 16, 12])
7993
Vecsmall([13, 5, 7, 1, 15, 9, 14, 6, 11, 3, 8, 2, 16, 10, 12, 4])
8009
Vecsmall([16, 15, 14, 13, 12, 11, 10, 9, 8, 7, 6, 5, 4, 3, 2, 1])
8011
Vecsmall([12, 16, 9, 15, 4, 3, 11, 10, 7, 6, 14, 13, 2, 8, 1, 5])
8017
Vecsmall([13, 5, 7, 1, 15, 9, 14, 6, 11, 3, 8, 2, 16, 10, 12, 4])
8039
Vecsmall([9, 10, 12, 11, 14, 13, 15, 16, 1, 2, 4, 3, 6, 5, 7, 8])
8053
Vecsmall([10, 11, 4, 3, 9, 15, 16, 12, 5, 1, 2, 8, 14, 13, 6, 7])
8059
Vecsmall([5, 1, 8, 2, 13, 14, 6, 7, 10, 11, 3, 4, 15, 9, 16, 12])
8069
Vecsmall([10, 11, 4, 3, 9, 15, 16, 12, 5, 1, 2, 8, 14, 13, 6, 7])
8081
Vecsmall([1, 2, 3, 4, 5, 6, 7, 8, 9, 10, 11, 12, 13, 14, 15, 16])
8087
Vecsmall([11, 3, 2, 8, 10, 16, 12, 4, 13, 5, 1, 7, 9, 15, 14, 6])
8089
Vecsmall([1, 2, 3, 4, 5, 6, 7, 8, 9, 10, 11, 12, 13, 14, 15, 16])
8093
Vecsmall([7, 6, 13, 14, 8, 2, 1, 5, 12, 16, 15, 9, 3, 4, 11, 10])
8101
Vecsmall([7, 6, 13, 14, 8, 2, 1, 5, 12, 16, 15, 9, 3, 4, 11, 10])
8111
Vecsmall([11, 3, 2, 8, 10, 16, 12, 4, 13, 5, 1, 7, 9, 15, 14, 6])
8117
Vecsmall([10, 11, 4, 3, 9, 15, 16, 12, 5, 1, 2, 8, 14, 13, 6, 7])
8123
Vecsmall([2, 4, 11, 12, 1, 7, 8, 3, 14, 9, 10, 16, 5, 6, 13, 15])
8147
Vecsmall([12, 16, 9, 15, 4, 3, 11, 10, 7, 6, 14, 13, 2, 8, 1, 5])
8161
Vecsmall([16, 15, 14, 13, 12, 11, 10, 9, 8, 7, 6, 5, 4, 3, 2, 1])
8167
Vecsmall([6, 14, 15, 9, 7, 1, 5, 13, 4, 12, 16, 10, 8, 2, 3, 11])
8171
Vecsmall([15, 13, 6, 5, 16, 10, 9, 14, 3, 8, 7, 1, 12, 11, 4, 2])
8179
Vecsmall([15, 13, 6, 5, 16, 10, 9, 14, 3, 8, 7, 1, 12, 11, 4, 2])
8191
Vecsmall([8, 7, 5, 6, 3, 4, 2, 1, 16, 15, 13, 14, 11, 12, 10, 9])
8209
Vecsmall([16, 15, 14, 13, 12, 11, 10, 9, 8, 7, 6, 5, 4, 3, 2, 1])
8219
Vecsmall([15, 13, 6, 5, 16, 10, 9, 14, 3, 8, 7, 1, 12, 11, 4, 2])
8221
Vecsmall([7, 6, 13, 14, 8, 2, 1, 5, 12, 16, 15, 9, 3, 4, 11, 10])
8231
Vecsmall([11, 3, 2, 8, 10, 16, 12, 4, 13, 5, 1, 7, 9, 15, 14, 6])
8233
Vecsmall([13, 5, 7, 1, 15, 9, 14, 6, 11, 3, 8, 2, 16, 10, 12, 4])
8237
Vecsmall([7, 6, 13, 14, 8, 2, 1, 5, 12, 16, 15, 9, 3, 4, 11, 10])
8243
Vecsmall([5, 1, 8, 2, 13, 14, 6, 7, 10, 11, 3, 4, 15, 9, 16, 12])
8263
Vecsmall([6, 14, 15, 9, 7, 1, 5, 13, 4, 12, 16, 10, 8, 2, 3, 11])
8269
Vecsmall([10, 11, 4, 3, 9, 15, 16, 12, 5, 1, 2, 8, 14, 13, 6, 7])
8273
Vecsmall([1, 2, 3, 4, 5, 6, 7, 8, 9, 10, 11, 12, 13, 14, 15, 16])
8287
Vecsmall([11, 3, 2, 8, 10, 16, 12, 4, 13, 5, 1, 7, 9, 15, 14, 6])
8291
Vecsmall([5, 1, 8, 2, 13, 14, 6, 7, 10, 11, 3, 4, 15, 9, 16, 12])
8293
Vecsmall([7, 6, 13, 14, 8, 2, 1, 5, 12, 16, 15, 9, 3, 4, 11, 10])
8297
Vecsmall([1, 2, 3, 4, 5, 6, 7, 8, 9, 10, 11, 12, 13, 14, 15, 16])
8311
Vecsmall([9, 10, 12, 11, 14, 13, 15, 16, 1, 2, 4, 3, 6, 5, 7, 8])
8317
Vecsmall([10, 11, 4, 3, 9, 15, 16, 12, 5, 1, 2, 8, 14, 13, 6, 7])
8329
Vecsmall([1, 2, 3, 4, 5, 6, 7, 8, 9, 10, 11, 12, 13, 14, 15, 16])
8353
Vecsmall([13, 5, 7, 1, 15, 9, 14, 6, 11, 3, 8, 2, 16, 10, 12, 4])
8363
Vecsmall([12, 16, 9, 15, 4, 3, 11, 10, 7, 6, 14, 13, 2, 8, 1, 5])
8369
Vecsmall([16, 15, 14, 13, 12, 11, 10, 9, 8, 7, 6, 5, 4, 3, 2, 1])
8377
Vecsmall([1, 2, 3, 4, 5, 6, 7, 8, 9, 10, 11, 12, 13, 14, 15, 16])
8387
Vecsmall([15, 13, 6, 5, 16, 10, 9, 14, 3, 8, 7, 1, 12, 11, 4, 2])
8389
Vecsmall([10, 11, 4, 3, 9, 15, 16, 12, 5, 1, 2, 8, 14, 13, 6, 7])
8419
Vecsmall([15, 13, 6, 5, 16, 10, 9, 14, 3, 8, 7, 1, 12, 11, 4, 2])
8423
Vecsmall([8, 7, 5, 6, 3, 4, 2, 1, 16, 15, 13, 14, 11, 12, 10, 9])
8429
Vecsmall([10, 11, 4, 3, 9, 15, 16, 12, 5, 1, 2, 8, 14, 13, 6, 7])
8431
Vecsmall([9, 10, 12, 11, 14, 13, 15, 16, 1, 2, 4, 3, 6, 5, 7, 8])
8443
Vecsmall([5, 1, 8, 2, 13, 14, 6, 7, 10, 11, 3, 4, 15, 9, 16, 12])
8447
Vecsmall([8, 7, 5, 6, 3, 4, 2, 1, 16, 15, 13, 14, 11, 12, 10, 9])
8461
Vecsmall([7, 6, 13, 14, 8, 2, 1, 5, 12, 16, 15, 9, 3, 4, 11, 10])
8467
Vecsmall([15, 13, 6, 5, 16, 10, 9, 14, 3, 8, 7, 1, 12, 11, 4, 2])
8501
Vecsmall([10, 11, 4, 3, 9, 15, 16, 12, 5, 1, 2, 8, 14, 13, 6, 7])
8513
Vecsmall([4, 12, 10, 16, 2, 8, 3, 11, 6, 14, 9, 15, 1, 7, 5, 13])
8521
Vecsmall([16, 15, 14, 13, 12, 11, 10, 9, 8, 7, 6, 5, 4, 3, 2, 1])
8527
Vecsmall([9, 10, 12, 11, 14, 13, 15, 16, 1, 2, 4, 3, 6, 5, 7, 8])
8537
Vecsmall([4, 12, 10, 16, 2, 8, 3, 11, 6, 14, 9, 15, 1, 7, 5, 13])
8539
Vecsmall([15, 13, 6, 5, 16, 10, 9, 14, 3, 8, 7, 1, 12, 11, 4, 2])
8543
Vecsmall([11, 3, 2, 8, 10, 16, 12, 4, 13, 5, 1, 7, 9, 15, 14, 6])
8563
Vecsmall([15, 13, 6, 5, 16, 10, 9, 14, 3, 8, 7, 1, 12, 11, 4, 2])
8573
Vecsmall([7, 6, 13, 14, 8, 2, 1, 5, 12, 16, 15, 9, 3, 4, 11, 10])
8581
Vecsmall([10, 11, 4, 3, 9, 15, 16, 12, 5, 1, 2, 8, 14, 13, 6, 7])
8597
Vecsmall([10, 11, 4, 3, 9, 15, 16, 12, 5, 1, 2, 8, 14, 13, 6, 7])
8599
Vecsmall([9, 10, 12, 11, 14, 13, 15, 16, 1, 2, 4, 3, 6, 5, 7, 8])
8609
Vecsmall([1, 2, 3, 4, 5, 6, 7, 8, 9, 10, 11, 12, 13, 14, 15, 16])
8623
Vecsmall([9, 10, 12, 11, 14, 13, 15, 16, 1, 2, 4, 3, 6, 5, 7, 8])
8627
Vecsmall([12, 16, 9, 15, 4, 3, 11, 10, 7, 6, 14, 13, 2, 8, 1, 5])
8629
Vecsmall([7, 6, 13, 14, 8, 2, 1, 5, 12, 16, 15, 9, 3, 4, 11, 10])
8641
Vecsmall([13, 5, 7, 1, 15, 9, 14, 6, 11, 3, 8, 2, 16, 10, 12, 4])
8647
Vecsmall([8, 7, 5, 6, 3, 4, 2, 1, 16, 15, 13, 14, 11, 12, 10, 9])
8663
Vecsmall([6, 14, 15, 9, 7, 1, 5, 13, 4, 12, 16, 10, 8, 2, 3, 11])
8669
Vecsmall([7, 6, 13, 14, 8, 2, 1, 5, 12, 16, 15, 9, 3, 4, 11, 10])
8677
Vecsmall([7, 6, 13, 14, 8, 2, 1, 5, 12, 16, 15, 9, 3, 4, 11, 10])
8681
Vecsmall([16, 15, 14, 13, 12, 11, 10, 9, 8, 7, 6, 5, 4, 3, 2, 1])
8689
Vecsmall([13, 5, 7, 1, 15, 9, 14, 6, 11, 3, 8, 2, 16, 10, 12, 4])
8693
Vecsmall([10, 11, 4, 3, 9, 15, 16, 12, 5, 1, 2, 8, 14, 13, 6, 7])
8699
Vecsmall([12, 16, 9, 15, 4, 3, 11, 10, 7, 6, 14, 13, 2, 8, 1, 5])
8707
Vecsmall([15, 13, 6, 5, 16, 10, 9, 14, 3, 8, 7, 1, 12, 11, 4, 2])
8713
Vecsmall([13, 5, 7, 1, 15, 9, 14, 6, 11, 3, 8, 2, 16, 10, 12, 4])
8719
Vecsmall([11, 3, 2, 8, 10, 16, 12, 4, 13, 5, 1, 7, 9, 15, 14, 6])
8731
Vecsmall([2, 4, 11, 12, 1, 7, 8, 3, 14, 9, 10, 16, 5, 6, 13, 15])
8737
Vecsmall([13, 5, 7, 1, 15, 9, 14, 6, 11, 3, 8, 2, 16, 10, 12, 4])
8741
Vecsmall([10, 11, 4, 3, 9, 15, 16, 12, 5, 1, 2, 8, 14, 13, 6, 7])
8747
Vecsmall([5, 1, 8, 2, 13, 14, 6, 7, 10, 11, 3, 4, 15, 9, 16, 12])
8753
Vecsmall([4, 12, 10, 16, 2, 8, 3, 11, 6, 14, 9, 15, 1, 7, 5, 13])
8761
Vecsmall([4, 12, 10, 16, 2, 8, 3, 11, 6, 14, 9, 15, 1, 7, 5, 13])
8779
Vecsmall([2, 4, 11, 12, 1, 7, 8, 3, 14, 9, 10, 16, 5, 6, 13, 15])
8783
Vecsmall([8, 7, 5, 6, 3, 4, 2, 1, 16, 15, 13, 14, 11, 12, 10, 9])
8803
Vecsmall([5, 1, 8, 2, 13, 14, 6, 7, 10, 11, 3, 4, 15, 9, 16, 12])
8807
Vecsmall([11, 3, 2, 8, 10, 16, 12, 4, 13, 5, 1, 7, 9, 15, 14, 6])
8819
Vecsmall([15, 13, 6, 5, 16, 10, 9, 14, 3, 8, 7, 1, 12, 11, 4, 2])
8821
Vecsmall([7, 6, 13, 14, 8, 2, 1, 5, 12, 16, 15, 9, 3, 4, 11, 10])
8831
Vecsmall([8, 7, 5, 6, 3, 4, 2, 1, 16, 15, 13, 14, 11, 12, 10, 9])
8837
Vecsmall([10, 11, 4, 3, 9, 15, 16, 12, 5, 1, 2, 8, 14, 13, 6, 7])
8839
Vecsmall([9, 10, 12, 11, 14, 13, 15, 16, 1, 2, 4, 3, 6, 5, 7, 8])
8849
Vecsmall([13, 5, 7, 1, 15, 9, 14, 6, 11, 3, 8, 2, 16, 10, 12, 4])
8861
Vecsmall([7, 6, 13, 14, 8, 2, 1, 5, 12, 16, 15, 9, 3, 4, 11, 10])
8863
Vecsmall([6, 14, 15, 9, 7, 1, 5, 13, 4, 12, 16, 10, 8, 2, 3, 11])
8867
Vecsmall([5, 1, 8, 2, 13, 14, 6, 7, 10, 11, 3, 4, 15, 9, 16, 12])
8887
Vecsmall([9, 10, 12, 11, 14, 13, 15, 16, 1, 2, 4, 3, 6, 5, 7, 8])
8893
Vecsmall([10, 11, 4, 3, 9, 15, 16, 12, 5, 1, 2, 8, 14, 13, 6, 7])
8923
Vecsmall([15, 13, 6, 5, 16, 10, 9, 14, 3, 8, 7, 1, 12, 11, 4, 2])
8929
Vecsmall([4, 12, 10, 16, 2, 8, 3, 11, 6, 14, 9, 15, 1, 7, 5, 13])
8933
Vecsmall([10, 11, 4, 3, 9, 15, 16, 12, 5, 1, 2, 8, 14, 13, 6, 7])
8941
Vecsmall([7, 6, 13, 14, 8, 2, 1, 5, 12, 16, 15, 9, 3, 4, 11, 10])
8951
Vecsmall([8, 7, 5, 6, 3, 4, 2, 1, 16, 15, 13, 14, 11, 12, 10, 9])
8963
Vecsmall([5, 1, 8, 2, 13, 14, 6, 7, 10, 11, 3, 4, 15, 9, 16, 12])
8969
Vecsmall([4, 12, 10, 16, 2, 8, 3, 11, 6, 14, 9, 15, 1, 7, 5, 13])
8971
Vecsmall([2, 4, 11, 12, 1, 7, 8, 3, 14, 9, 10, 16, 5, 6, 13, 15])
8999
Vecsmall([8, 7, 5, 6, 3, 4, 2, 1, 16, 15, 13, 14, 11, 12, 10, 9])
9001
Vecsmall([13, 5, 7, 1, 15, 9, 14, 6, 11, 3, 8, 2, 16, 10, 12, 4])
9007
Vecsmall([11, 3, 2, 8, 10, 16, 12, 4, 13, 5, 1, 7, 9, 15, 14, 6])
9011
Vecsmall([2, 4, 11, 12, 1, 7, 8, 3, 14, 9, 10, 16, 5, 6, 13, 15])
9013
Vecsmall([7, 6, 13, 14, 8, 2, 1, 5, 12, 16, 15, 9, 3, 4, 11, 10])
9029
Vecsmall([10, 11, 4, 3, 9, 15, 16, 12, 5, 1, 2, 8, 14, 13, 6, 7])
9041
Vecsmall([13, 5, 7, 1, 15, 9, 14, 6, 11, 3, 8, 2, 16, 10, 12, 4])
9043
Vecsmall([2, 4, 11, 12, 1, 7, 8, 3, 14, 9, 10, 16, 5, 6, 13, 15])
9049
Vecsmall([16, 15, 14, 13, 12, 11, 10, 9, 8, 7, 6, 5, 4, 3, 2, 1])
9059
Vecsmall([5, 1, 8, 2, 13, 14, 6, 7, 10, 11, 3, 4, 15, 9, 16, 12])
9067
Vecsmall([5, 1, 8, 2, 13, 14, 6, 7, 10, 11, 3, 4, 15, 9, 16, 12])
9091
Vecsmall([5, 1, 8, 2, 13, 14, 6, 7, 10, 11, 3, 4, 15, 9, 16, 12])
9103
Vecsmall([11, 3, 2, 8, 10, 16, 12, 4, 13, 5, 1, 7, 9, 15, 14, 6])
9109
Vecsmall([10, 11, 4, 3, 9, 15, 16, 12, 5, 1, 2, 8, 14, 13, 6, 7])
9127
Vecsmall([8, 7, 5, 6, 3, 4, 2, 1, 16, 15, 13, 14, 11, 12, 10, 9])
9133
Vecsmall([7, 6, 13, 14, 8, 2, 1, 5, 12, 16, 15, 9, 3, 4, 11, 10])
9137
Vecsmall([16, 15, 14, 13, 12, 11, 10, 9, 8, 7, 6, 5, 4, 3, 2, 1])
9151
Vecsmall([6, 14, 15, 9, 7, 1, 5, 13, 4, 12, 16, 10, 8, 2, 3, 11])
9157
Vecsmall([7, 6, 13, 14, 8, 2, 1, 5, 12, 16, 15, 9, 3, 4, 11, 10])
9161
Vecsmall([1, 2, 3, 4, 5, 6, 7, 8, 9, 10, 11, 12, 13, 14, 15, 16])
9173
Vecsmall([10, 11, 4, 3, 9, 15, 16, 12, 5, 1, 2, 8, 14, 13, 6, 7])
9181
Vecsmall([10, 11, 4, 3, 9, 15, 16, 12, 5, 1, 2, 8, 14, 13, 6, 7])
9187
Vecsmall([12, 16, 9, 15, 4, 3, 11, 10, 7, 6, 14, 13, 2, 8, 1, 5])
9199
Vecsmall([6, 14, 15, 9, 7, 1, 5, 13, 4, 12, 16, 10, 8, 2, 3, 11])
9203
Vecsmall([2, 4, 11, 12, 1, 7, 8, 3, 14, 9, 10, 16, 5, 6, 13, 15])
9209
Vecsmall([4, 12, 10, 16, 2, 8, 3, 11, 6, 14, 9, 15, 1, 7, 5, 13])
9221
Vecsmall([10, 11, 4, 3, 9, 15, 16, 12, 5, 1, 2, 8, 14, 13, 6, 7])
9227
Vecsmall([5, 1, 8, 2, 13, 14, 6, 7, 10, 11, 3, 4, 15, 9, 16, 12])
9239
Vecsmall([6, 14, 15, 9, 7, 1, 5, 13, 4, 12, 16, 10, 8, 2, 3, 11])
9241
Vecsmall([13, 5, 7, 1, 15, 9, 14, 6, 11, 3, 8, 2, 16, 10, 12, 4])
9257
Vecsmall([16, 15, 14, 13, 12, 11, 10, 9, 8, 7, 6, 5, 4, 3, 2, 1])
9277
Vecsmall([7, 6, 13, 14, 8, 2, 1, 5, 12, 16, 15, 9, 3, 4, 11, 10])
9281
Vecsmall([1, 2, 3, 4, 5, 6, 7, 8, 9, 10, 11, 12, 13, 14, 15, 16])
9283
Vecsmall([15, 13, 6, 5, 16, 10, 9, 14, 3, 8, 7, 1, 12, 11, 4, 2])
9293
Vecsmall([7, 6, 13, 14, 8, 2, 1, 5, 12, 16, 15, 9, 3, 4, 11, 10])
9311
Vecsmall([11, 3, 2, 8, 10, 16, 12, 4, 13, 5, 1, 7, 9, 15, 14, 6])
9319
Vecsmall([8, 7, 5, 6, 3, 4, 2, 1, 16, 15, 13, 14, 11, 12, 10, 9])
9323
Vecsmall([12, 16, 9, 15, 4, 3, 11, 10, 7, 6, 14, 13, 2, 8, 1, 5])
9337
Vecsmall([13, 5, 7, 1, 15, 9, 14, 6, 11, 3, 8, 2, 16, 10, 12, 4])
9341
Vecsmall([7, 6, 13, 14, 8, 2, 1, 5, 12, 16, 15, 9, 3, 4, 11, 10])
9343
Vecsmall([9, 10, 12, 11, 14, 13, 15, 16, 1, 2, 4, 3, 6, 5, 7, 8])
9349
Vecsmall([7, 6, 13, 14, 8, 2, 1, 5, 12, 16, 15, 9, 3, 4, 11, 10])
9371
Vecsmall([15, 13, 6, 5, 16, 10, 9, 14, 3, 8, 7, 1, 12, 11, 4, 2])
9377
Vecsmall([16, 15, 14, 13, 12, 11, 10, 9, 8, 7, 6, 5, 4, 3, 2, 1])
9391
Vecsmall([9, 10, 12, 11, 14, 13, 15, 16, 1, 2, 4, 3, 6, 5, 7, 8])
9397
Vecsmall([7, 6, 13, 14, 8, 2, 1, 5, 12, 16, 15, 9, 3, 4, 11, 10])
9403
Vecsmall([2, 4, 11, 12, 1, 7, 8, 3, 14, 9, 10, 16, 5, 6, 13, 15])
9413
Vecsmall([7, 6, 13, 14, 8, 2, 1, 5, 12, 16, 15, 9, 3, 4, 11, 10])
9419
Vecsmall([12, 16, 9, 15, 4, 3, 11, 10, 7, 6, 14, 13, 2, 8, 1, 5])
9421
Vecsmall([10, 11, 4, 3, 9, 15, 16, 12, 5, 1, 2, 8, 14, 13, 6, 7])
9431
Vecsmall([11, 3, 2, 8, 10, 16, 12, 4, 13, 5, 1, 7, 9, 15, 14, 6])
9433
Vecsmall([1, 2, 3, 4, 5, 6, 7, 8, 9, 10, 11, 12, 13, 14, 15, 16])
9437
Vecsmall([7, 6, 13, 14, 8, 2, 1, 5, 12, 16, 15, 9, 3, 4, 11, 10])
9439
Vecsmall([6, 14, 15, 9, 7, 1, 5, 13, 4, 12, 16, 10, 8, 2, 3, 11])
9461
Vecsmall([7, 6, 13, 14, 8, 2, 1, 5, 12, 16, 15, 9, 3, 4, 11, 10])
9463
Vecsmall([9, 10, 12, 11, 14, 13, 15, 16, 1, 2, 4, 3, 6, 5, 7, 8])
9467
Vecsmall([12, 16, 9, 15, 4, 3, 11, 10, 7, 6, 14, 13, 2, 8, 1, 5])
9473
Vecsmall([16, 15, 14, 13, 12, 11, 10, 9, 8, 7, 6, 5, 4, 3, 2, 1])
9479
Vecsmall([6, 14, 15, 9, 7, 1, 5, 13, 4, 12, 16, 10, 8, 2, 3, 11])
9491
Vecsmall([15, 13, 6, 5, 16, 10, 9, 14, 3, 8, 7, 1, 12, 11, 4, 2])
9497
Vecsmall([16, 15, 14, 13, 12, 11, 10, 9, 8, 7, 6, 5, 4, 3, 2, 1])
9511
Vecsmall([11, 3, 2, 8, 10, 16, 12, 4, 13, 5, 1, 7, 9, 15, 14, 6])
9521
Vecsmall([1, 2, 3, 4, 5, 6, 7, 8, 9, 10, 11, 12, 13, 14, 15, 16])
9533
Vecsmall([7, 6, 13, 14, 8, 2, 1, 5, 12, 16, 15, 9, 3, 4, 11, 10])
9539
Vecsmall([15, 13, 6, 5, 16, 10, 9, 14, 3, 8, 7, 1, 12, 11, 4, 2])
9547
Vecsmall([15, 13, 6, 5, 16, 10, 9, 14, 3, 8, 7, 1, 12, 11, 4, 2])
9551
Vecsmall([8, 7, 5, 6, 3, 4, 2, 1, 16, 15, 13, 14, 11, 12, 10, 9])
9587
Vecsmall([2, 4, 11, 12, 1, 7, 8, 3, 14, 9, 10, 16, 5, 6, 13, 15])
9601
Vecsmall([16, 15, 14, 13, 12, 11, 10, 9, 8, 7, 6, 5, 4, 3, 2, 1])
9613
Vecsmall([7, 6, 13, 14, 8, 2, 1, 5, 12, 16, 15, 9, 3, 4, 11, 10])
9619
Vecsmall([15, 13, 6, 5, 16, 10, 9, 14, 3, 8, 7, 1, 12, 11, 4, 2])
9623
Vecsmall([11, 3, 2, 8, 10, 16, 12, 4, 13, 5, 1, 7, 9, 15, 14, 6])
9629
Vecsmall([7, 6, 13, 14, 8, 2, 1, 5, 12, 16, 15, 9, 3, 4, 11, 10])
9631
Vecsmall([6, 14, 15, 9, 7, 1, 5, 13, 4, 12, 16, 10, 8, 2, 3, 11])
9643
Vecsmall([12, 16, 9, 15, 4, 3, 11, 10, 7, 6, 14, 13, 2, 8, 1, 5])
9649
Vecsmall([1, 2, 3, 4, 5, 6, 7, 8, 9, 10, 11, 12, 13, 14, 15, 16])
9661
Vecsmall([10, 11, 4, 3, 9, 15, 16, 12, 5, 1, 2, 8, 14, 13, 6, 7])
9677
Vecsmall([7, 6, 13, 14, 8, 2, 1, 5, 12, 16, 15, 9, 3, 4, 11, 10])
9679
Vecsmall([6, 14, 15, 9, 7, 1, 5, 13, 4, 12, 16, 10, 8, 2, 3, 11])
9689
Vecsmall([16, 15, 14, 13, 12, 11, 10, 9, 8, 7, 6, 5, 4, 3, 2, 1])
9697
Vecsmall([16, 15, 14, 13, 12, 11, 10, 9, 8, 7, 6, 5, 4, 3, 2, 1])
9719
Vecsmall([6, 14, 15, 9, 7, 1, 5, 13, 4, 12, 16, 10, 8, 2, 3, 11])
9721
Vecsmall([13, 5, 7, 1, 15, 9, 14, 6, 11, 3, 8, 2, 16, 10, 12, 4])
9733
Vecsmall([10, 11, 4, 3, 9, 15, 16, 12, 5, 1, 2, 8, 14, 13, 6, 7])
9739
Vecsmall([15, 13, 6, 5, 16, 10, 9, 14, 3, 8, 7, 1, 12, 11, 4, 2])
9743
Vecsmall([11, 3, 2, 8, 10, 16, 12, 4, 13, 5, 1, 7, 9, 15, 14, 6])
9749
Vecsmall([10, 11, 4, 3, 9, 15, 16, 12, 5, 1, 2, 8, 14, 13, 6, 7])
9767
Vecsmall([8, 7, 5, 6, 3, 4, 2, 1, 16, 15, 13, 14, 11, 12, 10, 9])
9769
Vecsmall([4, 12, 10, 16, 2, 8, 3, 11, 6, 14, 9, 15, 1, 7, 5, 13])
9781
Vecsmall([7, 6, 13, 14, 8, 2, 1, 5, 12, 16, 15, 9, 3, 4, 11, 10])
9787
Vecsmall([5, 1, 8, 2, 13, 14, 6, 7, 10, 11, 3, 4, 15, 9, 16, 12])
9791
Vecsmall([8, 7, 5, 6, 3, 4, 2, 1, 16, 15, 13, 14, 11, 12, 10, 9])
9803
Vecsmall([2, 4, 11, 12, 1, 7, 8, 3, 14, 9, 10, 16, 5, 6, 13, 15])
9811
Vecsmall([5, 1, 8, 2, 13, 14, 6, 7, 10, 11, 3, 4, 15, 9, 16, 12])
9817
Vecsmall([16, 15, 14, 13, 12, 11, 10, 9, 8, 7, 6, 5, 4, 3, 2, 1])
9829
Vecsmall([7, 6, 13, 14, 8, 2, 1, 5, 12, 16, 15, 9, 3, 4, 11, 10])
9833
Vecsmall([16, 15, 14, 13, 12, 11, 10, 9, 8, 7, 6, 5, 4, 3, 2, 1])
9839
Vecsmall([11, 3, 2, 8, 10, 16, 12, 4, 13, 5, 1, 7, 9, 15, 14, 6])
9851
Vecsmall([15, 13, 6, 5, 16, 10, 9, 14, 3, 8, 7, 1, 12, 11, 4, 2])
9857
Vecsmall([4, 12, 10, 16, 2, 8, 3, 11, 6, 14, 9, 15, 1, 7, 5, 13])
9859
Vecsmall([15, 13, 6, 5, 16, 10, 9, 14, 3, 8, 7, 1, 12, 11, 4, 2])
9871
Vecsmall([11, 3, 2, 8, 10, 16, 12, 4, 13, 5, 1, 7, 9, 15, 14, 6])
9883
Vecsmall([12, 16, 9, 15, 4, 3, 11, 10, 7, 6, 14, 13, 2, 8, 1, 5])
9887
Vecsmall([11, 3, 2, 8, 10, 16, 12, 4, 13, 5, 1, 7, 9, 15, 14, 6])
9901
Vecsmall([10, 11, 4, 3, 9, 15, 16, 12, 5, 1, 2, 8, 14, 13, 6, 7])
9907
Vecsmall([5, 1, 8, 2, 13, 14, 6, 7, 10, 11, 3, 4, 15, 9, 16, 12])
9923
Vecsmall([12, 16, 9, 15, 4, 3, 11, 10, 7, 6, 14, 13, 2, 8, 1, 5])
9929
Vecsmall([1, 2, 3, 4, 5, 6, 7, 8, 9, 10, 11, 12, 13, 14, 15, 16])
9931
Vecsmall([2, 4, 11, 12, 1, 7, 8, 3, 14, 9, 10, 16, 5, 6, 13, 15])
9941
Vecsmall([7, 6, 13, 14, 8, 2, 1, 5, 12, 16, 15, 9, 3, 4, 11, 10])
9949
Vecsmall([10, 11, 4, 3, 9, 15, 16, 12, 5, 1, 2, 8, 14, 13, 6, 7])
9967
Vecsmall([6, 14, 15, 9, 7, 1, 5, 13, 4, 12, 16, 10, 8, 2, 3, 11])
9973
Vecsmall([10, 11, 4, 3, 9, 15, 16, 12, 5, 1, 2, 8, 14, 13, 6, 7])
