Galois conjug classes
[[Vecsmall([1, 2, 3, 4, 5, 6, 7, 8, 9, 10, 11, 12, 13, 14, 15, 16])], [Vecsmall([2, 1, 6, 5, 4, 3, 8, 7, 15, 12, 16, 10, 14, 13, 9, 11])], [Vecsmall([10, 12, 2, 15, 9, 1, 3, 6, 13, 8, 4, 7, 16, 11, 14, 5]), Vecsmall([3, 6, 8, 16, 11, 7, 10, 12, 4, 2, 13, 1, 15, 9, 5, 14])], [Vecsmall([13, 14, 16, 7, 8, 11, 4, 5, 12, 15, 6, 9, 1, 2, 10, 3]), Vecsmall([4, 5, 15, 1, 2, 9, 13, 14, 6, 16, 12, 11, 7, 8, 3, 10])], [Vecsmall([14, 13, 11, 8, 7, 16, 5, 4, 10, 9, 3, 15, 2, 1, 12, 6]), Vecsmall([5, 4, 9, 2, 1, 15, 14, 13, 3, 11, 10, 16, 8, 7, 6, 12])], [Vecsmall([12, 10, 1, 9, 15, 2, 6, 3, 14, 7, 5, 8, 11, 16, 13, 4]), Vecsmall([6, 3, 7, 11, 16, 8, 12, 10, 5, 1, 14, 2, 9, 15, 4, 13])], [Vecsmall([7, 8, 10, 13, 14, 12, 1, 2, 11, 3, 9, 6, 4, 5, 16, 15])], [Vecsmall([8, 7, 12, 14, 13, 10, 2, 1, 16, 6, 15, 3, 5, 4, 11, 9])], [Vecsmall([11, 16, 4, 6, 3, 5, 9, 15, 8, 13, 2, 14, 12, 10, 7, 1]), Vecsmall([9, 15, 13, 12, 10, 14, 11, 16, 2, 4, 8, 5, 6, 3, 1, 7])], [Vecsmall([16, 11, 5, 3, 6, 4, 15, 9, 7, 14, 1, 13, 10, 12, 8, 2]), Vecsmall([15, 9, 14, 10, 12, 13, 16, 11, 1, 5, 7, 4, 3, 6, 2, 8])]]


3
Vecsmall([10, 12, 2, 15, 9, 1, 3, 6, 13, 8, 4, 7, 16, 11, 14, 5])
5
Vecsmall([11, 16, 4, 6, 3, 5, 9, 15, 8, 13, 2, 14, 12, 10, 7, 1])
7
Vecsmall([14, 13, 11, 8, 7, 16, 5, 4, 10, 9, 3, 15, 2, 1, 12, 6])
11
Vecsmall([6, 3, 7, 11, 16, 8, 12, 10, 5, 1, 14, 2, 9, 15, 4, 13])
13
Vecsmall([15, 9, 14, 10, 12, 13, 16, 11, 1, 5, 7, 4, 3, 6, 2, 8])
17
Vecsmall([7, 8, 10, 13, 14, 12, 1, 2, 11, 3, 9, 6, 4, 5, 16, 15])
19
Vecsmall([10, 12, 2, 15, 9, 1, 3, 6, 13, 8, 4, 7, 16, 11, 14, 5])
23
Vecsmall([14, 13, 11, 8, 7, 16, 5, 4, 10, 9, 3, 15, 2, 1, 12, 6])
29
Vecsmall([16, 11, 5, 3, 6, 4, 15, 9, 7, 14, 1, 13, 10, 12, 8, 2])
31
Vecsmall([13, 14, 16, 7, 8, 11, 4, 5, 12, 15, 6, 9, 1, 2, 10, 3])
37
Vecsmall([11, 16, 4, 6, 3, 5, 9, 15, 8, 13, 2, 14, 12, 10, 7, 1])
41
Vecsmall([2, 1, 6, 5, 4, 3, 8, 7, 15, 12, 16, 10, 14, 13, 9, 11])
43
Vecsmall([6, 3, 7, 11, 16, 8, 12, 10, 5, 1, 14, 2, 9, 15, 4, 13])
47
Vecsmall([13, 14, 16, 7, 8, 11, 4, 5, 12, 15, 6, 9, 1, 2, 10, 3])
53
Vecsmall([11, 16, 4, 6, 3, 5, 9, 15, 8, 13, 2, 14, 12, 10, 7, 1])
59
Vecsmall([6, 3, 7, 11, 16, 8, 12, 10, 5, 1, 14, 2, 9, 15, 4, 13])
61
Vecsmall([16, 11, 5, 3, 6, 4, 15, 9, 7, 14, 1, 13, 10, 12, 8, 2])
67
Vecsmall([3, 6, 8, 16, 11, 7, 10, 12, 4, 2, 13, 1, 15, 9, 5, 14])
71
Vecsmall([14, 13, 11, 8, 7, 16, 5, 4, 10, 9, 3, 15, 2, 1, 12, 6])
73
Vecsmall([8, 7, 12, 14, 13, 10, 2, 1, 16, 6, 15, 3, 5, 4, 11, 9])
79
Vecsmall([4, 5, 15, 1, 2, 9, 13, 14, 6, 16, 12, 11, 7, 8, 3, 10])
83
Vecsmall([3, 6, 8, 16, 11, 7, 10, 12, 4, 2, 13, 1, 15, 9, 5, 14])
89
Vecsmall([8, 7, 12, 14, 13, 10, 2, 1, 16, 6, 15, 3, 5, 4, 11, 9])
97
Vecsmall([7, 8, 10, 13, 14, 12, 1, 2, 11, 3, 9, 6, 4, 5, 16, 15])
101
Vecsmall([11, 16, 4, 6, 3, 5, 9, 15, 8, 13, 2, 14, 12, 10, 7, 1])
103
Vecsmall([5, 4, 9, 2, 1, 15, 14, 13, 3, 11, 10, 16, 8, 7, 6, 12])
107
Vecsmall([12, 10, 1, 9, 15, 2, 6, 3, 14, 7, 5, 8, 11, 16, 13, 4])
109
Vecsmall([15, 9, 14, 10, 12, 13, 16, 11, 1, 5, 7, 4, 3, 6, 2, 8])
113
Vecsmall([1, 2, 3, 4, 5, 6, 7, 8, 9, 10, 11, 12, 13, 14, 15, 16])
127
Vecsmall([13, 14, 16, 7, 8, 11, 4, 5, 12, 15, 6, 9, 1, 2, 10, 3])
131
Vecsmall([10, 12, 2, 15, 9, 1, 3, 6, 13, 8, 4, 7, 16, 11, 14, 5])
137
Vecsmall([2, 1, 6, 5, 4, 3, 8, 7, 15, 12, 16, 10, 14, 13, 9, 11])
139
Vecsmall([12, 10, 1, 9, 15, 2, 6, 3, 14, 7, 5, 8, 11, 16, 13, 4])
149
Vecsmall([9, 15, 13, 12, 10, 14, 11, 16, 2, 4, 8, 5, 6, 3, 1, 7])
151
Vecsmall([14, 13, 11, 8, 7, 16, 5, 4, 10, 9, 3, 15, 2, 1, 12, 6])
157
Vecsmall([15, 9, 14, 10, 12, 13, 16, 11, 1, 5, 7, 4, 3, 6, 2, 8])
163
Vecsmall([10, 12, 2, 15, 9, 1, 3, 6, 13, 8, 4, 7, 16, 11, 14, 5])
167
Vecsmall([14, 13, 11, 8, 7, 16, 5, 4, 10, 9, 3, 15, 2, 1, 12, 6])
173
Vecsmall([16, 11, 5, 3, 6, 4, 15, 9, 7, 14, 1, 13, 10, 12, 8, 2])
179
Vecsmall([3, 6, 8, 16, 11, 7, 10, 12, 4, 2, 13, 1, 15, 9, 5, 14])
181
Vecsmall([9, 15, 13, 12, 10, 14, 11, 16, 2, 4, 8, 5, 6, 3, 1, 7])
191
Vecsmall([13, 14, 16, 7, 8, 11, 4, 5, 12, 15, 6, 9, 1, 2, 10, 3])
193
Vecsmall([7, 8, 10, 13, 14, 12, 1, 2, 11, 3, 9, 6, 4, 5, 16, 15])
197
Vecsmall([9, 15, 13, 12, 10, 14, 11, 16, 2, 4, 8, 5, 6, 3, 1, 7])
199
Vecsmall([14, 13, 11, 8, 7, 16, 5, 4, 10, 9, 3, 15, 2, 1, 12, 6])
211
Vecsmall([3, 6, 8, 16, 11, 7, 10, 12, 4, 2, 13, 1, 15, 9, 5, 14])
223
Vecsmall([4, 5, 15, 1, 2, 9, 13, 14, 6, 16, 12, 11, 7, 8, 3, 10])
227
Vecsmall([3, 6, 8, 16, 11, 7, 10, 12, 4, 2, 13, 1, 15, 9, 5, 14])
229
Vecsmall([9, 15, 13, 12, 10, 14, 11, 16, 2, 4, 8, 5, 6, 3, 1, 7])
233
Vecsmall([8, 7, 12, 14, 13, 10, 2, 1, 16, 6, 15, 3, 5, 4, 11, 9])
239
Vecsmall([13, 14, 16, 7, 8, 11, 4, 5, 12, 15, 6, 9, 1, 2, 10, 3])
241
Vecsmall([7, 8, 10, 13, 14, 12, 1, 2, 11, 3, 9, 6, 4, 5, 16, 15])
251
Vecsmall([6, 3, 7, 11, 16, 8, 12, 10, 5, 1, 14, 2, 9, 15, 4, 13])
257
Vecsmall([1, 2, 3, 4, 5, 6, 7, 8, 9, 10, 11, 12, 13, 14, 15, 16])
263
Vecsmall([14, 13, 11, 8, 7, 16, 5, 4, 10, 9, 3, 15, 2, 1, 12, 6])
269
Vecsmall([16, 11, 5, 3, 6, 4, 15, 9, 7, 14, 1, 13, 10, 12, 8, 2])
271
Vecsmall([13, 14, 16, 7, 8, 11, 4, 5, 12, 15, 6, 9, 1, 2, 10, 3])
277
Vecsmall([9, 15, 13, 12, 10, 14, 11, 16, 2, 4, 8, 5, 6, 3, 1, 7])
281
Vecsmall([8, 7, 12, 14, 13, 10, 2, 1, 16, 6, 15, 3, 5, 4, 11, 9])
283
Vecsmall([6, 3, 7, 11, 16, 8, 12, 10, 5, 1, 14, 2, 9, 15, 4, 13])
293
Vecsmall([9, 15, 13, 12, 10, 14, 11, 16, 2, 4, 8, 5, 6, 3, 1, 7])
307
Vecsmall([10, 12, 2, 15, 9, 1, 3, 6, 13, 8, 4, 7, 16, 11, 14, 5])
311
Vecsmall([14, 13, 11, 8, 7, 16, 5, 4, 10, 9, 3, 15, 2, 1, 12, 6])
313
Vecsmall([2, 1, 6, 5, 4, 3, 8, 7, 15, 12, 16, 10, 14, 13, 9, 11])
317
Vecsmall([16, 11, 5, 3, 6, 4, 15, 9, 7, 14, 1, 13, 10, 12, 8, 2])
331
Vecsmall([6, 3, 7, 11, 16, 8, 12, 10, 5, 1, 14, 2, 9, 15, 4, 13])
337
Vecsmall([1, 2, 3, 4, 5, 6, 7, 8, 9, 10, 11, 12, 13, 14, 15, 16])
347
Vecsmall([6, 3, 7, 11, 16, 8, 12, 10, 5, 1, 14, 2, 9, 15, 4, 13])
349
Vecsmall([15, 9, 14, 10, 12, 13, 16, 11, 1, 5, 7, 4, 3, 6, 2, 8])
353
Vecsmall([1, 2, 3, 4, 5, 6, 7, 8, 9, 10, 11, 12, 13, 14, 15, 16])
359
Vecsmall([14, 13, 11, 8, 7, 16, 5, 4, 10, 9, 3, 15, 2, 1, 12, 6])
367
Vecsmall([13, 14, 16, 7, 8, 11, 4, 5, 12, 15, 6, 9, 1, 2, 10, 3])
373
Vecsmall([9, 15, 13, 12, 10, 14, 11, 16, 2, 4, 8, 5, 6, 3, 1, 7])
379
Vecsmall([6, 3, 7, 11, 16, 8, 12, 10, 5, 1, 14, 2, 9, 15, 4, 13])
383
Vecsmall([13, 14, 16, 7, 8, 11, 4, 5, 12, 15, 6, 9, 1, 2, 10, 3])
389
Vecsmall([11, 16, 4, 6, 3, 5, 9, 15, 8, 13, 2, 14, 12, 10, 7, 1])
397
Vecsmall([15, 9, 14, 10, 12, 13, 16, 11, 1, 5, 7, 4, 3, 6, 2, 8])
401
Vecsmall([7, 8, 10, 13, 14, 12, 1, 2, 11, 3, 9, 6, 4, 5, 16, 15])
409
Vecsmall([2, 1, 6, 5, 4, 3, 8, 7, 15, 12, 16, 10, 14, 13, 9, 11])
419
Vecsmall([10, 12, 2, 15, 9, 1, 3, 6, 13, 8, 4, 7, 16, 11, 14, 5])
421
Vecsmall([11, 16, 4, 6, 3, 5, 9, 15, 8, 13, 2, 14, 12, 10, 7, 1])
431
Vecsmall([13, 14, 16, 7, 8, 11, 4, 5, 12, 15, 6, 9, 1, 2, 10, 3])
433
Vecsmall([7, 8, 10, 13, 14, 12, 1, 2, 11, 3, 9, 6, 4, 5, 16, 15])
439
Vecsmall([5, 4, 9, 2, 1, 15, 14, 13, 3, 11, 10, 16, 8, 7, 6, 12])
443
Vecsmall([12, 10, 1, 9, 15, 2, 6, 3, 14, 7, 5, 8, 11, 16, 13, 4])
449
Vecsmall([7, 8, 10, 13, 14, 12, 1, 2, 11, 3, 9, 6, 4, 5, 16, 15])
457
Vecsmall([2, 1, 6, 5, 4, 3, 8, 7, 15, 12, 16, 10, 14, 13, 9, 11])
461
Vecsmall([16, 11, 5, 3, 6, 4, 15, 9, 7, 14, 1, 13, 10, 12, 8, 2])
463
Vecsmall([13, 14, 16, 7, 8, 11, 4, 5, 12, 15, 6, 9, 1, 2, 10, 3])
467
Vecsmall([10, 12, 2, 15, 9, 1, 3, 6, 13, 8, 4, 7, 16, 11, 14, 5])
479
Vecsmall([13, 14, 16, 7, 8, 11, 4, 5, 12, 15, 6, 9, 1, 2, 10, 3])
487
Vecsmall([14, 13, 11, 8, 7, 16, 5, 4, 10, 9, 3, 15, 2, 1, 12, 6])
491
Vecsmall([6, 3, 7, 11, 16, 8, 12, 10, 5, 1, 14, 2, 9, 15, 4, 13])
499
Vecsmall([3, 6, 8, 16, 11, 7, 10, 12, 4, 2, 13, 1, 15, 9, 5, 14])
503
Vecsmall([14, 13, 11, 8, 7, 16, 5, 4, 10, 9, 3, 15, 2, 1, 12, 6])
509
Vecsmall([15, 9, 14, 10, 12, 13, 16, 11, 1, 5, 7, 4, 3, 6, 2, 8])
521
Vecsmall([2, 1, 6, 5, 4, 3, 8, 7, 15, 12, 16, 10, 14, 13, 9, 11])
523
Vecsmall([6, 3, 7, 11, 16, 8, 12, 10, 5, 1, 14, 2, 9, 15, 4, 13])
541
Vecsmall([15, 9, 14, 10, 12, 13, 16, 11, 1, 5, 7, 4, 3, 6, 2, 8])
547
Vecsmall([10, 12, 2, 15, 9, 1, 3, 6, 13, 8, 4, 7, 16, 11, 14, 5])
557
Vecsmall([15, 9, 14, 10, 12, 13, 16, 11, 1, 5, 7, 4, 3, 6, 2, 8])
563
Vecsmall([3, 6, 8, 16, 11, 7, 10, 12, 4, 2, 13, 1, 15, 9, 5, 14])
569
Vecsmall([2, 1, 6, 5, 4, 3, 8, 7, 15, 12, 16, 10, 14, 13, 9, 11])
571
Vecsmall([12, 10, 1, 9, 15, 2, 6, 3, 14, 7, 5, 8, 11, 16, 13, 4])
577
Vecsmall([1, 2, 3, 4, 5, 6, 7, 8, 9, 10, 11, 12, 13, 14, 15, 16])
587
Vecsmall([6, 3, 7, 11, 16, 8, 12, 10, 5, 1, 14, 2, 9, 15, 4, 13])
593
Vecsmall([1, 2, 3, 4, 5, 6, 7, 8, 9, 10, 11, 12, 13, 14, 15, 16])
599
Vecsmall([14, 13, 11, 8, 7, 16, 5, 4, 10, 9, 3, 15, 2, 1, 12, 6])
601
Vecsmall([8, 7, 12, 14, 13, 10, 2, 1, 16, 6, 15, 3, 5, 4, 11, 9])
607
Vecsmall([13, 14, 16, 7, 8, 11, 4, 5, 12, 15, 6, 9, 1, 2, 10, 3])
613
Vecsmall([9, 15, 13, 12, 10, 14, 11, 16, 2, 4, 8, 5, 6, 3, 1, 7])
617
Vecsmall([8, 7, 12, 14, 13, 10, 2, 1, 16, 6, 15, 3, 5, 4, 11, 9])
619
Vecsmall([6, 3, 7, 11, 16, 8, 12, 10, 5, 1, 14, 2, 9, 15, 4, 13])
631
Vecsmall([14, 13, 11, 8, 7, 16, 5, 4, 10, 9, 3, 15, 2, 1, 12, 6])
641
Vecsmall([7, 8, 10, 13, 14, 12, 1, 2, 11, 3, 9, 6, 4, 5, 16, 15])
643
Vecsmall([3, 6, 8, 16, 11, 7, 10, 12, 4, 2, 13, 1, 15, 9, 5, 14])
647
Vecsmall([5, 4, 9, 2, 1, 15, 14, 13, 3, 11, 10, 16, 8, 7, 6, 12])
653
Vecsmall([16, 11, 5, 3, 6, 4, 15, 9, 7, 14, 1, 13, 10, 12, 8, 2])
659
Vecsmall([10, 12, 2, 15, 9, 1, 3, 6, 13, 8, 4, 7, 16, 11, 14, 5])
661
Vecsmall([11, 16, 4, 6, 3, 5, 9, 15, 8, 13, 2, 14, 12, 10, 7, 1])
673
Vecsmall([7, 8, 10, 13, 14, 12, 1, 2, 11, 3, 9, 6, 4, 5, 16, 15])
677
Vecsmall([9, 15, 13, 12, 10, 14, 11, 16, 2, 4, 8, 5, 6, 3, 1, 7])
683
Vecsmall([12, 10, 1, 9, 15, 2, 6, 3, 14, 7, 5, 8, 11, 16, 13, 4])
691
Vecsmall([10, 12, 2, 15, 9, 1, 3, 6, 13, 8, 4, 7, 16, 11, 14, 5])
701
Vecsmall([15, 9, 14, 10, 12, 13, 16, 11, 1, 5, 7, 4, 3, 6, 2, 8])
709
Vecsmall([9, 15, 13, 12, 10, 14, 11, 16, 2, 4, 8, 5, 6, 3, 1, 7])
719
Vecsmall([13, 14, 16, 7, 8, 11, 4, 5, 12, 15, 6, 9, 1, 2, 10, 3])
727
Vecsmall([14, 13, 11, 8, 7, 16, 5, 4, 10, 9, 3, 15, 2, 1, 12, 6])
733
Vecsmall([16, 11, 5, 3, 6, 4, 15, 9, 7, 14, 1, 13, 10, 12, 8, 2])
739
Vecsmall([3, 6, 8, 16, 11, 7, 10, 12, 4, 2, 13, 1, 15, 9, 5, 14])
743
Vecsmall([14, 13, 11, 8, 7, 16, 5, 4, 10, 9, 3, 15, 2, 1, 12, 6])
751
Vecsmall([13, 14, 16, 7, 8, 11, 4, 5, 12, 15, 6, 9, 1, 2, 10, 3])
757
Vecsmall([11, 16, 4, 6, 3, 5, 9, 15, 8, 13, 2, 14, 12, 10, 7, 1])
761
Vecsmall([2, 1, 6, 5, 4, 3, 8, 7, 15, 12, 16, 10, 14, 13, 9, 11])
769
Vecsmall([7, 8, 10, 13, 14, 12, 1, 2, 11, 3, 9, 6, 4, 5, 16, 15])
773
Vecsmall([9, 15, 13, 12, 10, 14, 11, 16, 2, 4, 8, 5, 6, 3, 1, 7])
787
Vecsmall([10, 12, 2, 15, 9, 1, 3, 6, 13, 8, 4, 7, 16, 11, 14, 5])
797
Vecsmall([15, 9, 14, 10, 12, 13, 16, 11, 1, 5, 7, 4, 3, 6, 2, 8])
809
Vecsmall([2, 1, 6, 5, 4, 3, 8, 7, 15, 12, 16, 10, 14, 13, 9, 11])
811
Vecsmall([6, 3, 7, 11, 16, 8, 12, 10, 5, 1, 14, 2, 9, 15, 4, 13])
821
Vecsmall([11, 16, 4, 6, 3, 5, 9, 15, 8, 13, 2, 14, 12, 10, 7, 1])
823
Vecsmall([5, 4, 9, 2, 1, 15, 14, 13, 3, 11, 10, 16, 8, 7, 6, 12])
827
Vecsmall([12, 10, 1, 9, 15, 2, 6, 3, 14, 7, 5, 8, 11, 16, 13, 4])
829
Vecsmall([16, 11, 5, 3, 6, 4, 15, 9, 7, 14, 1, 13, 10, 12, 8, 2])
839
Vecsmall([5, 4, 9, 2, 1, 15, 14, 13, 3, 11, 10, 16, 8, 7, 6, 12])
853
Vecsmall([9, 15, 13, 12, 10, 14, 11, 16, 2, 4, 8, 5, 6, 3, 1, 7])
857
Vecsmall([2, 1, 6, 5, 4, 3, 8, 7, 15, 12, 16, 10, 14, 13, 9, 11])
859
Vecsmall([6, 3, 7, 11, 16, 8, 12, 10, 5, 1, 14, 2, 9, 15, 4, 13])
863
Vecsmall([4, 5, 15, 1, 2, 9, 13, 14, 6, 16, 12, 11, 7, 8, 3, 10])
877
Vecsmall([16, 11, 5, 3, 6, 4, 15, 9, 7, 14, 1, 13, 10, 12, 8, 2])
881
Vecsmall([1, 2, 3, 4, 5, 6, 7, 8, 9, 10, 11, 12, 13, 14, 15, 16])
883
Vecsmall([10, 12, 2, 15, 9, 1, 3, 6, 13, 8, 4, 7, 16, 11, 14, 5])
887
Vecsmall([5, 4, 9, 2, 1, 15, 14, 13, 3, 11, 10, 16, 8, 7, 6, 12])
907
Vecsmall([6, 3, 7, 11, 16, 8, 12, 10, 5, 1, 14, 2, 9, 15, 4, 13])
911
Vecsmall([13, 14, 16, 7, 8, 11, 4, 5, 12, 15, 6, 9, 1, 2, 10, 3])
919
Vecsmall([5, 4, 9, 2, 1, 15, 14, 13, 3, 11, 10, 16, 8, 7, 6, 12])
929
Vecsmall([7, 8, 10, 13, 14, 12, 1, 2, 11, 3, 9, 6, 4, 5, 16, 15])
937
Vecsmall([8, 7, 12, 14, 13, 10, 2, 1, 16, 6, 15, 3, 5, 4, 11, 9])
941
Vecsmall([15, 9, 14, 10, 12, 13, 16, 11, 1, 5, 7, 4, 3, 6, 2, 8])
947
Vecsmall([10, 12, 2, 15, 9, 1, 3, 6, 13, 8, 4, 7, 16, 11, 14, 5])
953
Vecsmall([2, 1, 6, 5, 4, 3, 8, 7, 15, 12, 16, 10, 14, 13, 9, 11])
967
Vecsmall([14, 13, 11, 8, 7, 16, 5, 4, 10, 9, 3, 15, 2, 1, 12, 6])
971
Vecsmall([6, 3, 7, 11, 16, 8, 12, 10, 5, 1, 14, 2, 9, 15, 4, 13])
977
Vecsmall([7, 8, 10, 13, 14, 12, 1, 2, 11, 3, 9, 6, 4, 5, 16, 15])
983
Vecsmall([14, 13, 11, 8, 7, 16, 5, 4, 10, 9, 3, 15, 2, 1, 12, 6])
991
Vecsmall([13, 14, 16, 7, 8, 11, 4, 5, 12, 15, 6, 9, 1, 2, 10, 3])
997
Vecsmall([9, 15, 13, 12, 10, 14, 11, 16, 2, 4, 8, 5, 6, 3, 1, 7])
1009
Vecsmall([7, 8, 10, 13, 14, 12, 1, 2, 11, 3, 9, 6, 4, 5, 16, 15])
1013
Vecsmall([9, 15, 13, 12, 10, 14, 11, 16, 2, 4, 8, 5, 6, 3, 1, 7])
1019
Vecsmall([6, 3, 7, 11, 16, 8, 12, 10, 5, 1, 14, 2, 9, 15, 4, 13])
1021
Vecsmall([15, 9, 14, 10, 12, 13, 16, 11, 1, 5, 7, 4, 3, 6, 2, 8])
1031
Vecsmall([5, 4, 9, 2, 1, 15, 14, 13, 3, 11, 10, 16, 8, 7, 6, 12])
1033
Vecsmall([8, 7, 12, 14, 13, 10, 2, 1, 16, 6, 15, 3, 5, 4, 11, 9])
1039
Vecsmall([4, 5, 15, 1, 2, 9, 13, 14, 6, 16, 12, 11, 7, 8, 3, 10])
1049
Vecsmall([8, 7, 12, 14, 13, 10, 2, 1, 16, 6, 15, 3, 5, 4, 11, 9])
1051
Vecsmall([12, 10, 1, 9, 15, 2, 6, 3, 14, 7, 5, 8, 11, 16, 13, 4])
1061
Vecsmall([9, 15, 13, 12, 10, 14, 11, 16, 2, 4, 8, 5, 6, 3, 1, 7])
1063
Vecsmall([5, 4, 9, 2, 1, 15, 14, 13, 3, 11, 10, 16, 8, 7, 6, 12])
1069
Vecsmall([16, 11, 5, 3, 6, 4, 15, 9, 7, 14, 1, 13, 10, 12, 8, 2])
1087
Vecsmall([4, 5, 15, 1, 2, 9, 13, 14, 6, 16, 12, 11, 7, 8, 3, 10])
1091
Vecsmall([10, 12, 2, 15, 9, 1, 3, 6, 13, 8, 4, 7, 16, 11, 14, 5])
1093
Vecsmall([9, 15, 13, 12, 10, 14, 11, 16, 2, 4, 8, 5, 6, 3, 1, 7])
1097
Vecsmall([8, 7, 12, 14, 13, 10, 2, 1, 16, 6, 15, 3, 5, 4, 11, 9])
1103
Vecsmall([13, 14, 16, 7, 8, 11, 4, 5, 12, 15, 6, 9, 1, 2, 10, 3])
1109
Vecsmall([11, 16, 4, 6, 3, 5, 9, 15, 8, 13, 2, 14, 12, 10, 7, 1])
1117
Vecsmall([16, 11, 5, 3, 6, 4, 15, 9, 7, 14, 1, 13, 10, 12, 8, 2])
1123
Vecsmall([10, 12, 2, 15, 9, 1, 3, 6, 13, 8, 4, 7, 16, 11, 14, 5])
1129
Vecsmall([2, 1, 6, 5, 4, 3, 8, 7, 15, 12, 16, 10, 14, 13, 9, 11])
1151
Vecsmall([4, 5, 15, 1, 2, 9, 13, 14, 6, 16, 12, 11, 7, 8, 3, 10])
1153
Vecsmall([1, 2, 3, 4, 5, 6, 7, 8, 9, 10, 11, 12, 13, 14, 15, 16])
1163
Vecsmall([12, 10, 1, 9, 15, 2, 6, 3, 14, 7, 5, 8, 11, 16, 13, 4])
1171
Vecsmall([10, 12, 2, 15, 9, 1, 3, 6, 13, 8, 4, 7, 16, 11, 14, 5])
1181
Vecsmall([16, 11, 5, 3, 6, 4, 15, 9, 7, 14, 1, 13, 10, 12, 8, 2])
1187
Vecsmall([3, 6, 8, 16, 11, 7, 10, 12, 4, 2, 13, 1, 15, 9, 5, 14])
1193
Vecsmall([8, 7, 12, 14, 13, 10, 2, 1, 16, 6, 15, 3, 5, 4, 11, 9])
1201
Vecsmall([1, 2, 3, 4, 5, 6, 7, 8, 9, 10, 11, 12, 13, 14, 15, 16])
1213
Vecsmall([16, 11, 5, 3, 6, 4, 15, 9, 7, 14, 1, 13, 10, 12, 8, 2])
1217
Vecsmall([1, 2, 3, 4, 5, 6, 7, 8, 9, 10, 11, 12, 13, 14, 15, 16])
1223
Vecsmall([14, 13, 11, 8, 7, 16, 5, 4, 10, 9, 3, 15, 2, 1, 12, 6])
1229
Vecsmall([15, 9, 14, 10, 12, 13, 16, 11, 1, 5, 7, 4, 3, 6, 2, 8])
1231
Vecsmall([4, 5, 15, 1, 2, 9, 13, 14, 6, 16, 12, 11, 7, 8, 3, 10])
1237
Vecsmall([11, 16, 4, 6, 3, 5, 9, 15, 8, 13, 2, 14, 12, 10, 7, 1])
1249
Vecsmall([1, 2, 3, 4, 5, 6, 7, 8, 9, 10, 11, 12, 13, 14, 15, 16])
1259
Vecsmall([6, 3, 7, 11, 16, 8, 12, 10, 5, 1, 14, 2, 9, 15, 4, 13])
1277
Vecsmall([15, 9, 14, 10, 12, 13, 16, 11, 1, 5, 7, 4, 3, 6, 2, 8])
1279
Vecsmall([13, 14, 16, 7, 8, 11, 4, 5, 12, 15, 6, 9, 1, 2, 10, 3])
1283
Vecsmall([3, 6, 8, 16, 11, 7, 10, 12, 4, 2, 13, 1, 15, 9, 5, 14])
1289
Vecsmall([8, 7, 12, 14, 13, 10, 2, 1, 16, 6, 15, 3, 5, 4, 11, 9])
1291
Vecsmall([12, 10, 1, 9, 15, 2, 6, 3, 14, 7, 5, 8, 11, 16, 13, 4])
1297
Vecsmall([7, 8, 10, 13, 14, 12, 1, 2, 11, 3, 9, 6, 4, 5, 16, 15])
1301
Vecsmall([11, 16, 4, 6, 3, 5, 9, 15, 8, 13, 2, 14, 12, 10, 7, 1])
1303
Vecsmall([5, 4, 9, 2, 1, 15, 14, 13, 3, 11, 10, 16, 8, 7, 6, 12])
1307
Vecsmall([6, 3, 7, 11, 16, 8, 12, 10, 5, 1, 14, 2, 9, 15, 4, 13])
1319
Vecsmall([14, 13, 11, 8, 7, 16, 5, 4, 10, 9, 3, 15, 2, 1, 12, 6])
1321
Vecsmall([2, 1, 6, 5, 4, 3, 8, 7, 15, 12, 16, 10, 14, 13, 9, 11])
1327
Vecsmall([4, 5, 15, 1, 2, 9, 13, 14, 6, 16, 12, 11, 7, 8, 3, 10])
1361
Vecsmall([7, 8, 10, 13, 14, 12, 1, 2, 11, 3, 9, 6, 4, 5, 16, 15])
1367
Vecsmall([14, 13, 11, 8, 7, 16, 5, 4, 10, 9, 3, 15, 2, 1, 12, 6])
1373
Vecsmall([16, 11, 5, 3, 6, 4, 15, 9, 7, 14, 1, 13, 10, 12, 8, 2])
1381
Vecsmall([11, 16, 4, 6, 3, 5, 9, 15, 8, 13, 2, 14, 12, 10, 7, 1])
1399
Vecsmall([5, 4, 9, 2, 1, 15, 14, 13, 3, 11, 10, 16, 8, 7, 6, 12])
1409
Vecsmall([7, 8, 10, 13, 14, 12, 1, 2, 11, 3, 9, 6, 4, 5, 16, 15])
1423
Vecsmall([4, 5, 15, 1, 2, 9, 13, 14, 6, 16, 12, 11, 7, 8, 3, 10])
1427
Vecsmall([3, 6, 8, 16, 11, 7, 10, 12, 4, 2, 13, 1, 15, 9, 5, 14])
1429
Vecsmall([11, 16, 4, 6, 3, 5, 9, 15, 8, 13, 2, 14, 12, 10, 7, 1])
1433
Vecsmall([8, 7, 12, 14, 13, 10, 2, 1, 16, 6, 15, 3, 5, 4, 11, 9])
1439
Vecsmall([13, 14, 16, 7, 8, 11, 4, 5, 12, 15, 6, 9, 1, 2, 10, 3])
1447
Vecsmall([5, 4, 9, 2, 1, 15, 14, 13, 3, 11, 10, 16, 8, 7, 6, 12])
1451
Vecsmall([6, 3, 7, 11, 16, 8, 12, 10, 5, 1, 14, 2, 9, 15, 4, 13])
1453
Vecsmall([15, 9, 14, 10, 12, 13, 16, 11, 1, 5, 7, 4, 3, 6, 2, 8])
1459
Vecsmall([10, 12, 2, 15, 9, 1, 3, 6, 13, 8, 4, 7, 16, 11, 14, 5])
1471
Vecsmall([13, 14, 16, 7, 8, 11, 4, 5, 12, 15, 6, 9, 1, 2, 10, 3])
1481
Vecsmall([8, 7, 12, 14, 13, 10, 2, 1, 16, 6, 15, 3, 5, 4, 11, 9])
1483
Vecsmall([12, 10, 1, 9, 15, 2, 6, 3, 14, 7, 5, 8, 11, 16, 13, 4])
1487
Vecsmall([13, 14, 16, 7, 8, 11, 4, 5, 12, 15, 6, 9, 1, 2, 10, 3])
1489
Vecsmall([7, 8, 10, 13, 14, 12, 1, 2, 11, 3, 9, 6, 4, 5, 16, 15])
1493
Vecsmall([9, 15, 13, 12, 10, 14, 11, 16, 2, 4, 8, 5, 6, 3, 1, 7])
1499
Vecsmall([12, 10, 1, 9, 15, 2, 6, 3, 14, 7, 5, 8, 11, 16, 13, 4])
1511
Vecsmall([14, 13, 11, 8, 7, 16, 5, 4, 10, 9, 3, 15, 2, 1, 12, 6])
1523
Vecsmall([3, 6, 8, 16, 11, 7, 10, 12, 4, 2, 13, 1, 15, 9, 5, 14])
1531
Vecsmall([12, 10, 1, 9, 15, 2, 6, 3, 14, 7, 5, 8, 11, 16, 13, 4])
1543
Vecsmall([5, 4, 9, 2, 1, 15, 14, 13, 3, 11, 10, 16, 8, 7, 6, 12])
1549
Vecsmall([15, 9, 14, 10, 12, 13, 16, 11, 1, 5, 7, 4, 3, 6, 2, 8])
1553
Vecsmall([1, 2, 3, 4, 5, 6, 7, 8, 9, 10, 11, 12, 13, 14, 15, 16])
1559
Vecsmall([5, 4, 9, 2, 1, 15, 14, 13, 3, 11, 10, 16, 8, 7, 6, 12])
1567
Vecsmall([4, 5, 15, 1, 2, 9, 13, 14, 6, 16, 12, 11, 7, 8, 3, 10])
1571
Vecsmall([10, 12, 2, 15, 9, 1, 3, 6, 13, 8, 4, 7, 16, 11, 14, 5])
1579
Vecsmall([6, 3, 7, 11, 16, 8, 12, 10, 5, 1, 14, 2, 9, 15, 4, 13])
1583
Vecsmall([13, 14, 16, 7, 8, 11, 4, 5, 12, 15, 6, 9, 1, 2, 10, 3])
1597
Vecsmall([16, 11, 5, 3, 6, 4, 15, 9, 7, 14, 1, 13, 10, 12, 8, 2])
1601
Vecsmall([1, 2, 3, 4, 5, 6, 7, 8, 9, 10, 11, 12, 13, 14, 15, 16])
1607
Vecsmall([5, 4, 9, 2, 1, 15, 14, 13, 3, 11, 10, 16, 8, 7, 6, 12])
1609
Vecsmall([8, 7, 12, 14, 13, 10, 2, 1, 16, 6, 15, 3, 5, 4, 11, 9])
1613
Vecsmall([16, 11, 5, 3, 6, 4, 15, 9, 7, 14, 1, 13, 10, 12, 8, 2])
1619
Vecsmall([10, 12, 2, 15, 9, 1, 3, 6, 13, 8, 4, 7, 16, 11, 14, 5])
1621
Vecsmall([11, 16, 4, 6, 3, 5, 9, 15, 8, 13, 2, 14, 12, 10, 7, 1])
1627
Vecsmall([6, 3, 7, 11, 16, 8, 12, 10, 5, 1, 14, 2, 9, 15, 4, 13])
1637
Vecsmall([9, 15, 13, 12, 10, 14, 11, 16, 2, 4, 8, 5, 6, 3, 1, 7])
1657
Vecsmall([2, 1, 6, 5, 4, 3, 8, 7, 15, 12, 16, 10, 14, 13, 9, 11])
1663
Vecsmall([13, 14, 16, 7, 8, 11, 4, 5, 12, 15, 6, 9, 1, 2, 10, 3])
1667
Vecsmall([3, 6, 8, 16, 11, 7, 10, 12, 4, 2, 13, 1, 15, 9, 5, 14])
1669
Vecsmall([11, 16, 4, 6, 3, 5, 9, 15, 8, 13, 2, 14, 12, 10, 7, 1])
1693
Vecsmall([15, 9, 14, 10, 12, 13, 16, 11, 1, 5, 7, 4, 3, 6, 2, 8])
1697
Vecsmall([7, 8, 10, 13, 14, 12, 1, 2, 11, 3, 9, 6, 4, 5, 16, 15])
1699
Vecsmall([10, 12, 2, 15, 9, 1, 3, 6, 13, 8, 4, 7, 16, 11, 14, 5])
1709
Vecsmall([16, 11, 5, 3, 6, 4, 15, 9, 7, 14, 1, 13, 10, 12, 8, 2])
1721
Vecsmall([8, 7, 12, 14, 13, 10, 2, 1, 16, 6, 15, 3, 5, 4, 11, 9])
1723
Vecsmall([12, 10, 1, 9, 15, 2, 6, 3, 14, 7, 5, 8, 11, 16, 13, 4])
1733
Vecsmall([9, 15, 13, 12, 10, 14, 11, 16, 2, 4, 8, 5, 6, 3, 1, 7])
1741
Vecsmall([15, 9, 14, 10, 12, 13, 16, 11, 1, 5, 7, 4, 3, 6, 2, 8])
1747
Vecsmall([3, 6, 8, 16, 11, 7, 10, 12, 4, 2, 13, 1, 15, 9, 5, 14])
1753
Vecsmall([8, 7, 12, 14, 13, 10, 2, 1, 16, 6, 15, 3, 5, 4, 11, 9])
1759
Vecsmall([13, 14, 16, 7, 8, 11, 4, 5, 12, 15, 6, 9, 1, 2, 10, 3])
1777
Vecsmall([1, 2, 3, 4, 5, 6, 7, 8, 9, 10, 11, 12, 13, 14, 15, 16])
1783
Vecsmall([14, 13, 11, 8, 7, 16, 5, 4, 10, 9, 3, 15, 2, 1, 12, 6])
1787
Vecsmall([6, 3, 7, 11, 16, 8, 12, 10, 5, 1, 14, 2, 9, 15, 4, 13])
1789
Vecsmall([16, 11, 5, 3, 6, 4, 15, 9, 7, 14, 1, 13, 10, 12, 8, 2])
1801
Vecsmall([8, 7, 12, 14, 13, 10, 2, 1, 16, 6, 15, 3, 5, 4, 11, 9])
1811
Vecsmall([10, 12, 2, 15, 9, 1, 3, 6, 13, 8, 4, 7, 16, 11, 14, 5])
1823
Vecsmall([13, 14, 16, 7, 8, 11, 4, 5, 12, 15, 6, 9, 1, 2, 10, 3])
1831
Vecsmall([5, 4, 9, 2, 1, 15, 14, 13, 3, 11, 10, 16, 8, 7, 6, 12])
1847
Vecsmall([14, 13, 11, 8, 7, 16, 5, 4, 10, 9, 3, 15, 2, 1, 12, 6])
1861
Vecsmall([11, 16, 4, 6, 3, 5, 9, 15, 8, 13, 2, 14, 12, 10, 7, 1])
1867
Vecsmall([6, 3, 7, 11, 16, 8, 12, 10, 5, 1, 14, 2, 9, 15, 4, 13])
1871
Vecsmall([13, 14, 16, 7, 8, 11, 4, 5, 12, 15, 6, 9, 1, 2, 10, 3])
1873
Vecsmall([7, 8, 10, 13, 14, 12, 1, 2, 11, 3, 9, 6, 4, 5, 16, 15])
1877
Vecsmall([11, 16, 4, 6, 3, 5, 9, 15, 8, 13, 2, 14, 12, 10, 7, 1])
1879
Vecsmall([14, 13, 11, 8, 7, 16, 5, 4, 10, 9, 3, 15, 2, 1, 12, 6])
1889
Vecsmall([1, 2, 3, 4, 5, 6, 7, 8, 9, 10, 11, 12, 13, 14, 15, 16])
1901
Vecsmall([16, 11, 5, 3, 6, 4, 15, 9, 7, 14, 1, 13, 10, 12, 8, 2])
1907
Vecsmall([3, 6, 8, 16, 11, 7, 10, 12, 4, 2, 13, 1, 15, 9, 5, 14])
1913
Vecsmall([8, 7, 12, 14, 13, 10, 2, 1, 16, 6, 15, 3, 5, 4, 11, 9])
1931
Vecsmall([12, 10, 1, 9, 15, 2, 6, 3, 14, 7, 5, 8, 11, 16, 13, 4])
1933
Vecsmall([15, 9, 14, 10, 12, 13, 16, 11, 1, 5, 7, 4, 3, 6, 2, 8])
1949
Vecsmall([15, 9, 14, 10, 12, 13, 16, 11, 1, 5, 7, 4, 3, 6, 2, 8])
1951
Vecsmall([13, 14, 16, 7, 8, 11, 4, 5, 12, 15, 6, 9, 1, 2, 10, 3])
1973
Vecsmall([9, 15, 13, 12, 10, 14, 11, 16, 2, 4, 8, 5, 6, 3, 1, 7])
1979
Vecsmall([12, 10, 1, 9, 15, 2, 6, 3, 14, 7, 5, 8, 11, 16, 13, 4])
1987
Vecsmall([10, 12, 2, 15, 9, 1, 3, 6, 13, 8, 4, 7, 16, 11, 14, 5])
1993
Vecsmall([2, 1, 6, 5, 4, 3, 8, 7, 15, 12, 16, 10, 14, 13, 9, 11])
1997
Vecsmall([15, 9, 14, 10, 12, 13, 16, 11, 1, 5, 7, 4, 3, 6, 2, 8])
1999
Vecsmall([13, 14, 16, 7, 8, 11, 4, 5, 12, 15, 6, 9, 1, 2, 10, 3])
2003
Vecsmall([3, 6, 8, 16, 11, 7, 10, 12, 4, 2, 13, 1, 15, 9, 5, 14])
2011
Vecsmall([12, 10, 1, 9, 15, 2, 6, 3, 14, 7, 5, 8, 11, 16, 13, 4])
2017
Vecsmall([7, 8, 10, 13, 14, 12, 1, 2, 11, 3, 9, 6, 4, 5, 16, 15])
2027
Vecsmall([12, 10, 1, 9, 15, 2, 6, 3, 14, 7, 5, 8, 11, 16, 13, 4])
2029
Vecsmall([16, 11, 5, 3, 6, 4, 15, 9, 7, 14, 1, 13, 10, 12, 8, 2])
2039
Vecsmall([5, 4, 9, 2, 1, 15, 14, 13, 3, 11, 10, 16, 8, 7, 6, 12])
2053
Vecsmall([11, 16, 4, 6, 3, 5, 9, 15, 8, 13, 2, 14, 12, 10, 7, 1])
2063
Vecsmall([4, 5, 15, 1, 2, 9, 13, 14, 6, 16, 12, 11, 7, 8, 3, 10])
2069
Vecsmall([11, 16, 4, 6, 3, 5, 9, 15, 8, 13, 2, 14, 12, 10, 7, 1])
2081
Vecsmall([7, 8, 10, 13, 14, 12, 1, 2, 11, 3, 9, 6, 4, 5, 16, 15])
2083
Vecsmall([3, 6, 8, 16, 11, 7, 10, 12, 4, 2, 13, 1, 15, 9, 5, 14])
2087
Vecsmall([5, 4, 9, 2, 1, 15, 14, 13, 3, 11, 10, 16, 8, 7, 6, 12])
2089
Vecsmall([8, 7, 12, 14, 13, 10, 2, 1, 16, 6, 15, 3, 5, 4, 11, 9])
2099
Vecsmall([3, 6, 8, 16, 11, 7, 10, 12, 4, 2, 13, 1, 15, 9, 5, 14])
2111
Vecsmall([13, 14, 16, 7, 8, 11, 4, 5, 12, 15, 6, 9, 1, 2, 10, 3])
2113
Vecsmall([1, 2, 3, 4, 5, 6, 7, 8, 9, 10, 11, 12, 13, 14, 15, 16])
2129
Vecsmall([1, 2, 3, 4, 5, 6, 7, 8, 9, 10, 11, 12, 13, 14, 15, 16])
2131
Vecsmall([3, 6, 8, 16, 11, 7, 10, 12, 4, 2, 13, 1, 15, 9, 5, 14])
2137
Vecsmall([2, 1, 6, 5, 4, 3, 8, 7, 15, 12, 16, 10, 14, 13, 9, 11])
2141
Vecsmall([16, 11, 5, 3, 6, 4, 15, 9, 7, 14, 1, 13, 10, 12, 8, 2])
2143
Vecsmall([13, 14, 16, 7, 8, 11, 4, 5, 12, 15, 6, 9, 1, 2, 10, 3])
2153
Vecsmall([2, 1, 6, 5, 4, 3, 8, 7, 15, 12, 16, 10, 14, 13, 9, 11])
2161
Vecsmall([7, 8, 10, 13, 14, 12, 1, 2, 11, 3, 9, 6, 4, 5, 16, 15])
2179
Vecsmall([10, 12, 2, 15, 9, 1, 3, 6, 13, 8, 4, 7, 16, 11, 14, 5])
2203
Vecsmall([6, 3, 7, 11, 16, 8, 12, 10, 5, 1, 14, 2, 9, 15, 4, 13])
2207
Vecsmall([13, 14, 16, 7, 8, 11, 4, 5, 12, 15, 6, 9, 1, 2, 10, 3])
2213
Vecsmall([11, 16, 4, 6, 3, 5, 9, 15, 8, 13, 2, 14, 12, 10, 7, 1])
2221
Vecsmall([16, 11, 5, 3, 6, 4, 15, 9, 7, 14, 1, 13, 10, 12, 8, 2])
2237
Vecsmall([16, 11, 5, 3, 6, 4, 15, 9, 7, 14, 1, 13, 10, 12, 8, 2])
2239
Vecsmall([4, 5, 15, 1, 2, 9, 13, 14, 6, 16, 12, 11, 7, 8, 3, 10])
2243
Vecsmall([10, 12, 2, 15, 9, 1, 3, 6, 13, 8, 4, 7, 16, 11, 14, 5])
2251
Vecsmall([12, 10, 1, 9, 15, 2, 6, 3, 14, 7, 5, 8, 11, 16, 13, 4])
2267
Vecsmall([6, 3, 7, 11, 16, 8, 12, 10, 5, 1, 14, 2, 9, 15, 4, 13])
2269
Vecsmall([15, 9, 14, 10, 12, 13, 16, 11, 1, 5, 7, 4, 3, 6, 2, 8])
2273
Vecsmall([1, 2, 3, 4, 5, 6, 7, 8, 9, 10, 11, 12, 13, 14, 15, 16])
2281
Vecsmall([8, 7, 12, 14, 13, 10, 2, 1, 16, 6, 15, 3, 5, 4, 11, 9])
2287
Vecsmall([13, 14, 16, 7, 8, 11, 4, 5, 12, 15, 6, 9, 1, 2, 10, 3])
2293
Vecsmall([9, 15, 13, 12, 10, 14, 11, 16, 2, 4, 8, 5, 6, 3, 1, 7])
2297
Vecsmall([2, 1, 6, 5, 4, 3, 8, 7, 15, 12, 16, 10, 14, 13, 9, 11])
2309
Vecsmall([9, 15, 13, 12, 10, 14, 11, 16, 2, 4, 8, 5, 6, 3, 1, 7])
2311
Vecsmall([14, 13, 11, 8, 7, 16, 5, 4, 10, 9, 3, 15, 2, 1, 12, 6])
2333
Vecsmall([15, 9, 14, 10, 12, 13, 16, 11, 1, 5, 7, 4, 3, 6, 2, 8])
2339
Vecsmall([3, 6, 8, 16, 11, 7, 10, 12, 4, 2, 13, 1, 15, 9, 5, 14])
2341
Vecsmall([9, 15, 13, 12, 10, 14, 11, 16, 2, 4, 8, 5, 6, 3, 1, 7])
2347
Vecsmall([6, 3, 7, 11, 16, 8, 12, 10, 5, 1, 14, 2, 9, 15, 4, 13])
2351
Vecsmall([13, 14, 16, 7, 8, 11, 4, 5, 12, 15, 6, 9, 1, 2, 10, 3])
2357
Vecsmall([11, 16, 4, 6, 3, 5, 9, 15, 8, 13, 2, 14, 12, 10, 7, 1])
2371
Vecsmall([10, 12, 2, 15, 9, 1, 3, 6, 13, 8, 4, 7, 16, 11, 14, 5])
2377
Vecsmall([2, 1, 6, 5, 4, 3, 8, 7, 15, 12, 16, 10, 14, 13, 9, 11])
2381
Vecsmall([15, 9, 14, 10, 12, 13, 16, 11, 1, 5, 7, 4, 3, 6, 2, 8])
2383
Vecsmall([13, 14, 16, 7, 8, 11, 4, 5, 12, 15, 6, 9, 1, 2, 10, 3])
2389
Vecsmall([9, 15, 13, 12, 10, 14, 11, 16, 2, 4, 8, 5, 6, 3, 1, 7])
2393
Vecsmall([8, 7, 12, 14, 13, 10, 2, 1, 16, 6, 15, 3, 5, 4, 11, 9])
2399
Vecsmall([13, 14, 16, 7, 8, 11, 4, 5, 12, 15, 6, 9, 1, 2, 10, 3])
2411
Vecsmall([12, 10, 1, 9, 15, 2, 6, 3, 14, 7, 5, 8, 11, 16, 13, 4])
2417
Vecsmall([7, 8, 10, 13, 14, 12, 1, 2, 11, 3, 9, 6, 4, 5, 16, 15])
2423
Vecsmall([5, 4, 9, 2, 1, 15, 14, 13, 3, 11, 10, 16, 8, 7, 6, 12])
2437
Vecsmall([9, 15, 13, 12, 10, 14, 11, 16, 2, 4, 8, 5, 6, 3, 1, 7])
2441
Vecsmall([8, 7, 12, 14, 13, 10, 2, 1, 16, 6, 15, 3, 5, 4, 11, 9])
2447
Vecsmall([13, 14, 16, 7, 8, 11, 4, 5, 12, 15, 6, 9, 1, 2, 10, 3])
2459
Vecsmall([6, 3, 7, 11, 16, 8, 12, 10, 5, 1, 14, 2, 9, 15, 4, 13])
2467
Vecsmall([3, 6, 8, 16, 11, 7, 10, 12, 4, 2, 13, 1, 15, 9, 5, 14])
2473
Vecsmall([8, 7, 12, 14, 13, 10, 2, 1, 16, 6, 15, 3, 5, 4, 11, 9])
2477
Vecsmall([15, 9, 14, 10, 12, 13, 16, 11, 1, 5, 7, 4, 3, 6, 2, 8])
2503
Vecsmall([14, 13, 11, 8, 7, 16, 5, 4, 10, 9, 3, 15, 2, 1, 12, 6])
2521
Vecsmall([2, 1, 6, 5, 4, 3, 8, 7, 15, 12, 16, 10, 14, 13, 9, 11])
2531
Vecsmall([3, 6, 8, 16, 11, 7, 10, 12, 4, 2, 13, 1, 15, 9, 5, 14])
2539
Vecsmall([6, 3, 7, 11, 16, 8, 12, 10, 5, 1, 14, 2, 9, 15, 4, 13])
2543
Vecsmall([13, 14, 16, 7, 8, 11, 4, 5, 12, 15, 6, 9, 1, 2, 10, 3])
2549
Vecsmall([9, 15, 13, 12, 10, 14, 11, 16, 2, 4, 8, 5, 6, 3, 1, 7])
2551
Vecsmall([5, 4, 9, 2, 1, 15, 14, 13, 3, 11, 10, 16, 8, 7, 6, 12])
2557
Vecsmall([16, 11, 5, 3, 6, 4, 15, 9, 7, 14, 1, 13, 10, 12, 8, 2])
2579
Vecsmall([3, 6, 8, 16, 11, 7, 10, 12, 4, 2, 13, 1, 15, 9, 5, 14])
2591
Vecsmall([13, 14, 16, 7, 8, 11, 4, 5, 12, 15, 6, 9, 1, 2, 10, 3])
2593
Vecsmall([1, 2, 3, 4, 5, 6, 7, 8, 9, 10, 11, 12, 13, 14, 15, 16])
2609
Vecsmall([7, 8, 10, 13, 14, 12, 1, 2, 11, 3, 9, 6, 4, 5, 16, 15])
2617
Vecsmall([2, 1, 6, 5, 4, 3, 8, 7, 15, 12, 16, 10, 14, 13, 9, 11])
2621
Vecsmall([15, 9, 14, 10, 12, 13, 16, 11, 1, 5, 7, 4, 3, 6, 2, 8])
2633
Vecsmall([2, 1, 6, 5, 4, 3, 8, 7, 15, 12, 16, 10, 14, 13, 9, 11])
2647
Vecsmall([5, 4, 9, 2, 1, 15, 14, 13, 3, 11, 10, 16, 8, 7, 6, 12])
2657
Vecsmall([1, 2, 3, 4, 5, 6, 7, 8, 9, 10, 11, 12, 13, 14, 15, 16])
2659
Vecsmall([10, 12, 2, 15, 9, 1, 3, 6, 13, 8, 4, 7, 16, 11, 14, 5])
2663
Vecsmall([14, 13, 11, 8, 7, 16, 5, 4, 10, 9, 3, 15, 2, 1, 12, 6])
2671
Vecsmall([13, 14, 16, 7, 8, 11, 4, 5, 12, 15, 6, 9, 1, 2, 10, 3])
2677
Vecsmall([11, 16, 4, 6, 3, 5, 9, 15, 8, 13, 2, 14, 12, 10, 7, 1])
2683
Vecsmall([6, 3, 7, 11, 16, 8, 12, 10, 5, 1, 14, 2, 9, 15, 4, 13])
2687
Vecsmall([4, 5, 15, 1, 2, 9, 13, 14, 6, 16, 12, 11, 7, 8, 3, 10])
2689
Vecsmall([1, 2, 3, 4, 5, 6, 7, 8, 9, 10, 11, 12, 13, 14, 15, 16])
2693
Vecsmall([9, 15, 13, 12, 10, 14, 11, 16, 2, 4, 8, 5, 6, 3, 1, 7])
2699
Vecsmall([12, 10, 1, 9, 15, 2, 6, 3, 14, 7, 5, 8, 11, 16, 13, 4])
2707
Vecsmall([3, 6, 8, 16, 11, 7, 10, 12, 4, 2, 13, 1, 15, 9, 5, 14])
2711
Vecsmall([14, 13, 11, 8, 7, 16, 5, 4, 10, 9, 3, 15, 2, 1, 12, 6])
2713
Vecsmall([2, 1, 6, 5, 4, 3, 8, 7, 15, 12, 16, 10, 14, 13, 9, 11])
2719
Vecsmall([4, 5, 15, 1, 2, 9, 13, 14, 6, 16, 12, 11, 7, 8, 3, 10])
2729
Vecsmall([2, 1, 6, 5, 4, 3, 8, 7, 15, 12, 16, 10, 14, 13, 9, 11])
2731
Vecsmall([6, 3, 7, 11, 16, 8, 12, 10, 5, 1, 14, 2, 9, 15, 4, 13])
2741
Vecsmall([11, 16, 4, 6, 3, 5, 9, 15, 8, 13, 2, 14, 12, 10, 7, 1])
2749
Vecsmall([16, 11, 5, 3, 6, 4, 15, 9, 7, 14, 1, 13, 10, 12, 8, 2])
2753
Vecsmall([7, 8, 10, 13, 14, 12, 1, 2, 11, 3, 9, 6, 4, 5, 16, 15])
2767
Vecsmall([4, 5, 15, 1, 2, 9, 13, 14, 6, 16, 12, 11, 7, 8, 3, 10])
2777
Vecsmall([2, 1, 6, 5, 4, 3, 8, 7, 15, 12, 16, 10, 14, 13, 9, 11])
2789
Vecsmall([9, 15, 13, 12, 10, 14, 11, 16, 2, 4, 8, 5, 6, 3, 1, 7])
2791
Vecsmall([5, 4, 9, 2, 1, 15, 14, 13, 3, 11, 10, 16, 8, 7, 6, 12])
2797
Vecsmall([16, 11, 5, 3, 6, 4, 15, 9, 7, 14, 1, 13, 10, 12, 8, 2])
2801
Vecsmall([7, 8, 10, 13, 14, 12, 1, 2, 11, 3, 9, 6, 4, 5, 16, 15])
2803
Vecsmall([10, 12, 2, 15, 9, 1, 3, 6, 13, 8, 4, 7, 16, 11, 14, 5])
2819
Vecsmall([3, 6, 8, 16, 11, 7, 10, 12, 4, 2, 13, 1, 15, 9, 5, 14])
2833
Vecsmall([1, 2, 3, 4, 5, 6, 7, 8, 9, 10, 11, 12, 13, 14, 15, 16])
2837
Vecsmall([9, 15, 13, 12, 10, 14, 11, 16, 2, 4, 8, 5, 6, 3, 1, 7])
2843
Vecsmall([6, 3, 7, 11, 16, 8, 12, 10, 5, 1, 14, 2, 9, 15, 4, 13])
2851
Vecsmall([3, 6, 8, 16, 11, 7, 10, 12, 4, 2, 13, 1, 15, 9, 5, 14])
2857
Vecsmall([8, 7, 12, 14, 13, 10, 2, 1, 16, 6, 15, 3, 5, 4, 11, 9])
2861
Vecsmall([16, 11, 5, 3, 6, 4, 15, 9, 7, 14, 1, 13, 10, 12, 8, 2])
2879
Vecsmall([13, 14, 16, 7, 8, 11, 4, 5, 12, 15, 6, 9, 1, 2, 10, 3])
2887
Vecsmall([14, 13, 11, 8, 7, 16, 5, 4, 10, 9, 3, 15, 2, 1, 12, 6])
2897
Vecsmall([7, 8, 10, 13, 14, 12, 1, 2, 11, 3, 9, 6, 4, 5, 16, 15])
2903
Vecsmall([5, 4, 9, 2, 1, 15, 14, 13, 3, 11, 10, 16, 8, 7, 6, 12])
2909
Vecsmall([15, 9, 14, 10, 12, 13, 16, 11, 1, 5, 7, 4, 3, 6, 2, 8])
2917
Vecsmall([9, 15, 13, 12, 10, 14, 11, 16, 2, 4, 8, 5, 6, 3, 1, 7])
2927
Vecsmall([13, 14, 16, 7, 8, 11, 4, 5, 12, 15, 6, 9, 1, 2, 10, 3])
2939
Vecsmall([6, 3, 7, 11, 16, 8, 12, 10, 5, 1, 14, 2, 9, 15, 4, 13])
2953
Vecsmall([2, 1, 6, 5, 4, 3, 8, 7, 15, 12, 16, 10, 14, 13, 9, 11])
2957
Vecsmall([16, 11, 5, 3, 6, 4, 15, 9, 7, 14, 1, 13, 10, 12, 8, 2])
2963
Vecsmall([3, 6, 8, 16, 11, 7, 10, 12, 4, 2, 13, 1, 15, 9, 5, 14])
2969
Vecsmall([8, 7, 12, 14, 13, 10, 2, 1, 16, 6, 15, 3, 5, 4, 11, 9])
2971
Vecsmall([12, 10, 1, 9, 15, 2, 6, 3, 14, 7, 5, 8, 11, 16, 13, 4])
2999
Vecsmall([5, 4, 9, 2, 1, 15, 14, 13, 3, 11, 10, 16, 8, 7, 6, 12])
3001
Vecsmall([2, 1, 6, 5, 4, 3, 8, 7, 15, 12, 16, 10, 14, 13, 9, 11])
3011
Vecsmall([10, 12, 2, 15, 9, 1, 3, 6, 13, 8, 4, 7, 16, 11, 14, 5])
3019
Vecsmall([12, 10, 1, 9, 15, 2, 6, 3, 14, 7, 5, 8, 11, 16, 13, 4])
3023
Vecsmall([4, 5, 15, 1, 2, 9, 13, 14, 6, 16, 12, 11, 7, 8, 3, 10])
3037
Vecsmall([15, 9, 14, 10, 12, 13, 16, 11, 1, 5, 7, 4, 3, 6, 2, 8])
3041
Vecsmall([7, 8, 10, 13, 14, 12, 1, 2, 11, 3, 9, 6, 4, 5, 16, 15])
3049
Vecsmall([8, 7, 12, 14, 13, 10, 2, 1, 16, 6, 15, 3, 5, 4, 11, 9])
3061
Vecsmall([9, 15, 13, 12, 10, 14, 11, 16, 2, 4, 8, 5, 6, 3, 1, 7])
3067
Vecsmall([6, 3, 7, 11, 16, 8, 12, 10, 5, 1, 14, 2, 9, 15, 4, 13])
3079
Vecsmall([14, 13, 11, 8, 7, 16, 5, 4, 10, 9, 3, 15, 2, 1, 12, 6])
3083
Vecsmall([6, 3, 7, 11, 16, 8, 12, 10, 5, 1, 14, 2, 9, 15, 4, 13])
3089
Vecsmall([1, 2, 3, 4, 5, 6, 7, 8, 9, 10, 11, 12, 13, 14, 15, 16])
3109
Vecsmall([11, 16, 4, 6, 3, 5, 9, 15, 8, 13, 2, 14, 12, 10, 7, 1])
3119
Vecsmall([13, 14, 16, 7, 8, 11, 4, 5, 12, 15, 6, 9, 1, 2, 10, 3])
3121
Vecsmall([1, 2, 3, 4, 5, 6, 7, 8, 9, 10, 11, 12, 13, 14, 15, 16])
3137
Vecsmall([1, 2, 3, 4, 5, 6, 7, 8, 9, 10, 11, 12, 13, 14, 15, 16])
3163
Vecsmall([6, 3, 7, 11, 16, 8, 12, 10, 5, 1, 14, 2, 9, 15, 4, 13])
3167
Vecsmall([13, 14, 16, 7, 8, 11, 4, 5, 12, 15, 6, 9, 1, 2, 10, 3])
3169
Vecsmall([7, 8, 10, 13, 14, 12, 1, 2, 11, 3, 9, 6, 4, 5, 16, 15])
3181
Vecsmall([16, 11, 5, 3, 6, 4, 15, 9, 7, 14, 1, 13, 10, 12, 8, 2])
3187
Vecsmall([10, 12, 2, 15, 9, 1, 3, 6, 13, 8, 4, 7, 16, 11, 14, 5])
3191
Vecsmall([14, 13, 11, 8, 7, 16, 5, 4, 10, 9, 3, 15, 2, 1, 12, 6])
3203
Vecsmall([3, 6, 8, 16, 11, 7, 10, 12, 4, 2, 13, 1, 15, 9, 5, 14])
3209
Vecsmall([2, 1, 6, 5, 4, 3, 8, 7, 15, 12, 16, 10, 14, 13, 9, 11])
3217
Vecsmall([1, 2, 3, 4, 5, 6, 7, 8, 9, 10, 11, 12, 13, 14, 15, 16])
3221
Vecsmall([11, 16, 4, 6, 3, 5, 9, 15, 8, 13, 2, 14, 12, 10, 7, 1])
3229
Vecsmall([15, 9, 14, 10, 12, 13, 16, 11, 1, 5, 7, 4, 3, 6, 2, 8])
3251
Vecsmall([3, 6, 8, 16, 11, 7, 10, 12, 4, 2, 13, 1, 15, 9, 5, 14])
3253
Vecsmall([9, 15, 13, 12, 10, 14, 11, 16, 2, 4, 8, 5, 6, 3, 1, 7])
3257
Vecsmall([8, 7, 12, 14, 13, 10, 2, 1, 16, 6, 15, 3, 5, 4, 11, 9])
3259
Vecsmall([6, 3, 7, 11, 16, 8, 12, 10, 5, 1, 14, 2, 9, 15, 4, 13])
3271
Vecsmall([14, 13, 11, 8, 7, 16, 5, 4, 10, 9, 3, 15, 2, 1, 12, 6])
3299
Vecsmall([3, 6, 8, 16, 11, 7, 10, 12, 4, 2, 13, 1, 15, 9, 5, 14])
3301
Vecsmall([11, 16, 4, 6, 3, 5, 9, 15, 8, 13, 2, 14, 12, 10, 7, 1])
3307
Vecsmall([6, 3, 7, 11, 16, 8, 12, 10, 5, 1, 14, 2, 9, 15, 4, 13])
3313
Vecsmall([1, 2, 3, 4, 5, 6, 7, 8, 9, 10, 11, 12, 13, 14, 15, 16])
3319
Vecsmall([14, 13, 11, 8, 7, 16, 5, 4, 10, 9, 3, 15, 2, 1, 12, 6])
3323
Vecsmall([12, 10, 1, 9, 15, 2, 6, 3, 14, 7, 5, 8, 11, 16, 13, 4])
3329
Vecsmall([7, 8, 10, 13, 14, 12, 1, 2, 11, 3, 9, 6, 4, 5, 16, 15])
3331
Vecsmall([3, 6, 8, 16, 11, 7, 10, 12, 4, 2, 13, 1, 15, 9, 5, 14])
3343
Vecsmall([13, 14, 16, 7, 8, 11, 4, 5, 12, 15, 6, 9, 1, 2, 10, 3])
3347
Vecsmall([3, 6, 8, 16, 11, 7, 10, 12, 4, 2, 13, 1, 15, 9, 5, 14])
3359
Vecsmall([13, 14, 16, 7, 8, 11, 4, 5, 12, 15, 6, 9, 1, 2, 10, 3])
3361
Vecsmall([1, 2, 3, 4, 5, 6, 7, 8, 9, 10, 11, 12, 13, 14, 15, 16])
3371
Vecsmall([12, 10, 1, 9, 15, 2, 6, 3, 14, 7, 5, 8, 11, 16, 13, 4])
3373
Vecsmall([15, 9, 14, 10, 12, 13, 16, 11, 1, 5, 7, 4, 3, 6, 2, 8])
3389
Vecsmall([15, 9, 14, 10, 12, 13, 16, 11, 1, 5, 7, 4, 3, 6, 2, 8])
3391
Vecsmall([13, 14, 16, 7, 8, 11, 4, 5, 12, 15, 6, 9, 1, 2, 10, 3])
3407
Vecsmall([4, 5, 15, 1, 2, 9, 13, 14, 6, 16, 12, 11, 7, 8, 3, 10])
3413
Vecsmall([11, 16, 4, 6, 3, 5, 9, 15, 8, 13, 2, 14, 12, 10, 7, 1])
3433
Vecsmall([2, 1, 6, 5, 4, 3, 8, 7, 15, 12, 16, 10, 14, 13, 9, 11])
3449
Vecsmall([8, 7, 12, 14, 13, 10, 2, 1, 16, 6, 15, 3, 5, 4, 11, 9])
3457
Vecsmall([7, 8, 10, 13, 14, 12, 1, 2, 11, 3, 9, 6, 4, 5, 16, 15])
3461
Vecsmall([11, 16, 4, 6, 3, 5, 9, 15, 8, 13, 2, 14, 12, 10, 7, 1])
3463
Vecsmall([5, 4, 9, 2, 1, 15, 14, 13, 3, 11, 10, 16, 8, 7, 6, 12])
3467
Vecsmall([6, 3, 7, 11, 16, 8, 12, 10, 5, 1, 14, 2, 9, 15, 4, 13])
3469
Vecsmall([15, 9, 14, 10, 12, 13, 16, 11, 1, 5, 7, 4, 3, 6, 2, 8])
3491
Vecsmall([3, 6, 8, 16, 11, 7, 10, 12, 4, 2, 13, 1, 15, 9, 5, 14])
3499
Vecsmall([6, 3, 7, 11, 16, 8, 12, 10, 5, 1, 14, 2, 9, 15, 4, 13])
3511
Vecsmall([14, 13, 11, 8, 7, 16, 5, 4, 10, 9, 3, 15, 2, 1, 12, 6])
3517
Vecsmall([15, 9, 14, 10, 12, 13, 16, 11, 1, 5, 7, 4, 3, 6, 2, 8])
3527
Vecsmall([5, 4, 9, 2, 1, 15, 14, 13, 3, 11, 10, 16, 8, 7, 6, 12])
3529
Vecsmall([8, 7, 12, 14, 13, 10, 2, 1, 16, 6, 15, 3, 5, 4, 11, 9])
3533
Vecsmall([16, 11, 5, 3, 6, 4, 15, 9, 7, 14, 1, 13, 10, 12, 8, 2])
3539
Vecsmall([3, 6, 8, 16, 11, 7, 10, 12, 4, 2, 13, 1, 15, 9, 5, 14])
3541
Vecsmall([11, 16, 4, 6, 3, 5, 9, 15, 8, 13, 2, 14, 12, 10, 7, 1])
3547
Vecsmall([6, 3, 7, 11, 16, 8, 12, 10, 5, 1, 14, 2, 9, 15, 4, 13])
3557
Vecsmall([11, 16, 4, 6, 3, 5, 9, 15, 8, 13, 2, 14, 12, 10, 7, 1])
3559
Vecsmall([14, 13, 11, 8, 7, 16, 5, 4, 10, 9, 3, 15, 2, 1, 12, 6])
3571
Vecsmall([3, 6, 8, 16, 11, 7, 10, 12, 4, 2, 13, 1, 15, 9, 5, 14])
3581
Vecsmall([15, 9, 14, 10, 12, 13, 16, 11, 1, 5, 7, 4, 3, 6, 2, 8])
3583
Vecsmall([13, 14, 16, 7, 8, 11, 4, 5, 12, 15, 6, 9, 1, 2, 10, 3])
3593
Vecsmall([2, 1, 6, 5, 4, 3, 8, 7, 15, 12, 16, 10, 14, 13, 9, 11])
3607
Vecsmall([5, 4, 9, 2, 1, 15, 14, 13, 3, 11, 10, 16, 8, 7, 6, 12])
3613
Vecsmall([16, 11, 5, 3, 6, 4, 15, 9, 7, 14, 1, 13, 10, 12, 8, 2])
3617
Vecsmall([7, 8, 10, 13, 14, 12, 1, 2, 11, 3, 9, 6, 4, 5, 16, 15])
3623
Vecsmall([14, 13, 11, 8, 7, 16, 5, 4, 10, 9, 3, 15, 2, 1, 12, 6])
3631
Vecsmall([13, 14, 16, 7, 8, 11, 4, 5, 12, 15, 6, 9, 1, 2, 10, 3])
3637
Vecsmall([11, 16, 4, 6, 3, 5, 9, 15, 8, 13, 2, 14, 12, 10, 7, 1])
3643
Vecsmall([6, 3, 7, 11, 16, 8, 12, 10, 5, 1, 14, 2, 9, 15, 4, 13])
3659
Vecsmall([12, 10, 1, 9, 15, 2, 6, 3, 14, 7, 5, 8, 11, 16, 13, 4])
3671
Vecsmall([14, 13, 11, 8, 7, 16, 5, 4, 10, 9, 3, 15, 2, 1, 12, 6])
3673
Vecsmall([8, 7, 12, 14, 13, 10, 2, 1, 16, 6, 15, 3, 5, 4, 11, 9])
3677
Vecsmall([15, 9, 14, 10, 12, 13, 16, 11, 1, 5, 7, 4, 3, 6, 2, 8])
3691
Vecsmall([12, 10, 1, 9, 15, 2, 6, 3, 14, 7, 5, 8, 11, 16, 13, 4])
3697
Vecsmall([7, 8, 10, 13, 14, 12, 1, 2, 11, 3, 9, 6, 4, 5, 16, 15])
3701
Vecsmall([9, 15, 13, 12, 10, 14, 11, 16, 2, 4, 8, 5, 6, 3, 1, 7])
3709
Vecsmall([16, 11, 5, 3, 6, 4, 15, 9, 7, 14, 1, 13, 10, 12, 8, 2])
3719
Vecsmall([5, 4, 9, 2, 1, 15, 14, 13, 3, 11, 10, 16, 8, 7, 6, 12])
3727
Vecsmall([13, 14, 16, 7, 8, 11, 4, 5, 12, 15, 6, 9, 1, 2, 10, 3])
3733
Vecsmall([9, 15, 13, 12, 10, 14, 11, 16, 2, 4, 8, 5, 6, 3, 1, 7])
3739
Vecsmall([12, 10, 1, 9, 15, 2, 6, 3, 14, 7, 5, 8, 11, 16, 13, 4])
3761
Vecsmall([1, 2, 3, 4, 5, 6, 7, 8, 9, 10, 11, 12, 13, 14, 15, 16])
3767
Vecsmall([5, 4, 9, 2, 1, 15, 14, 13, 3, 11, 10, 16, 8, 7, 6, 12])
3769
Vecsmall([2, 1, 6, 5, 4, 3, 8, 7, 15, 12, 16, 10, 14, 13, 9, 11])
3779
Vecsmall([10, 12, 2, 15, 9, 1, 3, 6, 13, 8, 4, 7, 16, 11, 14, 5])
3793
Vecsmall([7, 8, 10, 13, 14, 12, 1, 2, 11, 3, 9, 6, 4, 5, 16, 15])
3797
Vecsmall([11, 16, 4, 6, 3, 5, 9, 15, 8, 13, 2, 14, 12, 10, 7, 1])
3803
Vecsmall([6, 3, 7, 11, 16, 8, 12, 10, 5, 1, 14, 2, 9, 15, 4, 13])
3821
Vecsmall([15, 9, 14, 10, 12, 13, 16, 11, 1, 5, 7, 4, 3, 6, 2, 8])
3823
Vecsmall([13, 14, 16, 7, 8, 11, 4, 5, 12, 15, 6, 9, 1, 2, 10, 3])
3833
Vecsmall([8, 7, 12, 14, 13, 10, 2, 1, 16, 6, 15, 3, 5, 4, 11, 9])
3847
Vecsmall([14, 13, 11, 8, 7, 16, 5, 4, 10, 9, 3, 15, 2, 1, 12, 6])
3851
Vecsmall([6, 3, 7, 11, 16, 8, 12, 10, 5, 1, 14, 2, 9, 15, 4, 13])
3853
Vecsmall([15, 9, 14, 10, 12, 13, 16, 11, 1, 5, 7, 4, 3, 6, 2, 8])
3863
Vecsmall([14, 13, 11, 8, 7, 16, 5, 4, 10, 9, 3, 15, 2, 1, 12, 6])
3877
Vecsmall([9, 15, 13, 12, 10, 14, 11, 16, 2, 4, 8, 5, 6, 3, 1, 7])
3881
Vecsmall([2, 1, 6, 5, 4, 3, 8, 7, 15, 12, 16, 10, 14, 13, 9, 11])
3889
Vecsmall([7, 8, 10, 13, 14, 12, 1, 2, 11, 3, 9, 6, 4, 5, 16, 15])
3907
Vecsmall([3, 6, 8, 16, 11, 7, 10, 12, 4, 2, 13, 1, 15, 9, 5, 14])
3911
Vecsmall([5, 4, 9, 2, 1, 15, 14, 13, 3, 11, 10, 16, 8, 7, 6, 12])
3917
Vecsmall([16, 11, 5, 3, 6, 4, 15, 9, 7, 14, 1, 13, 10, 12, 8, 2])
3919
Vecsmall([4, 5, 15, 1, 2, 9, 13, 14, 6, 16, 12, 11, 7, 8, 3, 10])
3923
Vecsmall([3, 6, 8, 16, 11, 7, 10, 12, 4, 2, 13, 1, 15, 9, 5, 14])
3929
Vecsmall([2, 1, 6, 5, 4, 3, 8, 7, 15, 12, 16, 10, 14, 13, 9, 11])
3931
Vecsmall([12, 10, 1, 9, 15, 2, 6, 3, 14, 7, 5, 8, 11, 16, 13, 4])
3943
Vecsmall([14, 13, 11, 8, 7, 16, 5, 4, 10, 9, 3, 15, 2, 1, 12, 6])
3947
Vecsmall([6, 3, 7, 11, 16, 8, 12, 10, 5, 1, 14, 2, 9, 15, 4, 13])
3967
Vecsmall([13, 14, 16, 7, 8, 11, 4, 5, 12, 15, 6, 9, 1, 2, 10, 3])
3989
Vecsmall([11, 16, 4, 6, 3, 5, 9, 15, 8, 13, 2, 14, 12, 10, 7, 1])
4001
Vecsmall([1, 2, 3, 4, 5, 6, 7, 8, 9, 10, 11, 12, 13, 14, 15, 16])
4003
Vecsmall([10, 12, 2, 15, 9, 1, 3, 6, 13, 8, 4, 7, 16, 11, 14, 5])
4007
Vecsmall([14, 13, 11, 8, 7, 16, 5, 4, 10, 9, 3, 15, 2, 1, 12, 6])
4013
Vecsmall([15, 9, 14, 10, 12, 13, 16, 11, 1, 5, 7, 4, 3, 6, 2, 8])
4019
Vecsmall([10, 12, 2, 15, 9, 1, 3, 6, 13, 8, 4, 7, 16, 11, 14, 5])
4021
Vecsmall([11, 16, 4, 6, 3, 5, 9, 15, 8, 13, 2, 14, 12, 10, 7, 1])
4027
Vecsmall([12, 10, 1, 9, 15, 2, 6, 3, 14, 7, 5, 8, 11, 16, 13, 4])
4049
Vecsmall([1, 2, 3, 4, 5, 6, 7, 8, 9, 10, 11, 12, 13, 14, 15, 16])
4051
Vecsmall([3, 6, 8, 16, 11, 7, 10, 12, 4, 2, 13, 1, 15, 9, 5, 14])
4057
Vecsmall([8, 7, 12, 14, 13, 10, 2, 1, 16, 6, 15, 3, 5, 4, 11, 9])
4073
Vecsmall([2, 1, 6, 5, 4, 3, 8, 7, 15, 12, 16, 10, 14, 13, 9, 11])
4079
Vecsmall([13, 14, 16, 7, 8, 11, 4, 5, 12, 15, 6, 9, 1, 2, 10, 3])
4091
Vecsmall([6, 3, 7, 11, 16, 8, 12, 10, 5, 1, 14, 2, 9, 15, 4, 13])
4093
Vecsmall([16, 11, 5, 3, 6, 4, 15, 9, 7, 14, 1, 13, 10, 12, 8, 2])
4099
Vecsmall([10, 12, 2, 15, 9, 1, 3, 6, 13, 8, 4, 7, 16, 11, 14, 5])
4111
Vecsmall([13, 14, 16, 7, 8, 11, 4, 5, 12, 15, 6, 9, 1, 2, 10, 3])
4127
Vecsmall([4, 5, 15, 1, 2, 9, 13, 14, 6, 16, 12, 11, 7, 8, 3, 10])
4129
Vecsmall([7, 8, 10, 13, 14, 12, 1, 2, 11, 3, 9, 6, 4, 5, 16, 15])
4133
Vecsmall([11, 16, 4, 6, 3, 5, 9, 15, 8, 13, 2, 14, 12, 10, 7, 1])
4139
Vecsmall([12, 10, 1, 9, 15, 2, 6, 3, 14, 7, 5, 8, 11, 16, 13, 4])
4153
Vecsmall([8, 7, 12, 14, 13, 10, 2, 1, 16, 6, 15, 3, 5, 4, 11, 9])
4157
Vecsmall([16, 11, 5, 3, 6, 4, 15, 9, 7, 14, 1, 13, 10, 12, 8, 2])
4159
Vecsmall([4, 5, 15, 1, 2, 9, 13, 14, 6, 16, 12, 11, 7, 8, 3, 10])
4177
Vecsmall([1, 2, 3, 4, 5, 6, 7, 8, 9, 10, 11, 12, 13, 14, 15, 16])
4201
Vecsmall([8, 7, 12, 14, 13, 10, 2, 1, 16, 6, 15, 3, 5, 4, 11, 9])
4211
Vecsmall([10, 12, 2, 15, 9, 1, 3, 6, 13, 8, 4, 7, 16, 11, 14, 5])
4217
Vecsmall([8, 7, 12, 14, 13, 10, 2, 1, 16, 6, 15, 3, 5, 4, 11, 9])
4219
Vecsmall([6, 3, 7, 11, 16, 8, 12, 10, 5, 1, 14, 2, 9, 15, 4, 13])
4229
Vecsmall([9, 15, 13, 12, 10, 14, 11, 16, 2, 4, 8, 5, 6, 3, 1, 7])
4231
Vecsmall([14, 13, 11, 8, 7, 16, 5, 4, 10, 9, 3, 15, 2, 1, 12, 6])
4241
Vecsmall([7, 8, 10, 13, 14, 12, 1, 2, 11, 3, 9, 6, 4, 5, 16, 15])
4243
Vecsmall([10, 12, 2, 15, 9, 1, 3, 6, 13, 8, 4, 7, 16, 11, 14, 5])
4253
Vecsmall([16, 11, 5, 3, 6, 4, 15, 9, 7, 14, 1, 13, 10, 12, 8, 2])
4259
Vecsmall([3, 6, 8, 16, 11, 7, 10, 12, 4, 2, 13, 1, 15, 9, 5, 14])
4261
Vecsmall([9, 15, 13, 12, 10, 14, 11, 16, 2, 4, 8, 5, 6, 3, 1, 7])
4271
Vecsmall([4, 5, 15, 1, 2, 9, 13, 14, 6, 16, 12, 11, 7, 8, 3, 10])
4273
Vecsmall([1, 2, 3, 4, 5, 6, 7, 8, 9, 10, 11, 12, 13, 14, 15, 16])
4283
Vecsmall([6, 3, 7, 11, 16, 8, 12, 10, 5, 1, 14, 2, 9, 15, 4, 13])
4289
Vecsmall([1, 2, 3, 4, 5, 6, 7, 8, 9, 10, 11, 12, 13, 14, 15, 16])
4297
Vecsmall([8, 7, 12, 14, 13, 10, 2, 1, 16, 6, 15, 3, 5, 4, 11, 9])
4327
Vecsmall([5, 4, 9, 2, 1, 15, 14, 13, 3, 11, 10, 16, 8, 7, 6, 12])
4337
Vecsmall([7, 8, 10, 13, 14, 12, 1, 2, 11, 3, 9, 6, 4, 5, 16, 15])
4339
Vecsmall([10, 12, 2, 15, 9, 1, 3, 6, 13, 8, 4, 7, 16, 11, 14, 5])
4349
Vecsmall([15, 9, 14, 10, 12, 13, 16, 11, 1, 5, 7, 4, 3, 6, 2, 8])
4357
Vecsmall([11, 16, 4, 6, 3, 5, 9, 15, 8, 13, 2, 14, 12, 10, 7, 1])
4363
Vecsmall([6, 3, 7, 11, 16, 8, 12, 10, 5, 1, 14, 2, 9, 15, 4, 13])
4373
Vecsmall([9, 15, 13, 12, 10, 14, 11, 16, 2, 4, 8, 5, 6, 3, 1, 7])
4391
Vecsmall([14, 13, 11, 8, 7, 16, 5, 4, 10, 9, 3, 15, 2, 1, 12, 6])
4397
Vecsmall([15, 9, 14, 10, 12, 13, 16, 11, 1, 5, 7, 4, 3, 6, 2, 8])
4409
Vecsmall([8, 7, 12, 14, 13, 10, 2, 1, 16, 6, 15, 3, 5, 4, 11, 9])
4421
Vecsmall([11, 16, 4, 6, 3, 5, 9, 15, 8, 13, 2, 14, 12, 10, 7, 1])
4423
Vecsmall([14, 13, 11, 8, 7, 16, 5, 4, 10, 9, 3, 15, 2, 1, 12, 6])
4441
Vecsmall([2, 1, 6, 5, 4, 3, 8, 7, 15, 12, 16, 10, 14, 13, 9, 11])
4447
Vecsmall([13, 14, 16, 7, 8, 11, 4, 5, 12, 15, 6, 9, 1, 2, 10, 3])
4451
Vecsmall([10, 12, 2, 15, 9, 1, 3, 6, 13, 8, 4, 7, 16, 11, 14, 5])
4457
Vecsmall([8, 7, 12, 14, 13, 10, 2, 1, 16, 6, 15, 3, 5, 4, 11, 9])
4463
Vecsmall([4, 5, 15, 1, 2, 9, 13, 14, 6, 16, 12, 11, 7, 8, 3, 10])
4481
Vecsmall([1, 2, 3, 4, 5, 6, 7, 8, 9, 10, 11, 12, 13, 14, 15, 16])
4483
Vecsmall([10, 12, 2, 15, 9, 1, 3, 6, 13, 8, 4, 7, 16, 11, 14, 5])
4493
Vecsmall([16, 11, 5, 3, 6, 4, 15, 9, 7, 14, 1, 13, 10, 12, 8, 2])
4507
Vecsmall([6, 3, 7, 11, 16, 8, 12, 10, 5, 1, 14, 2, 9, 15, 4, 13])
4513
Vecsmall([1, 2, 3, 4, 5, 6, 7, 8, 9, 10, 11, 12, 13, 14, 15, 16])
4517
Vecsmall([11, 16, 4, 6, 3, 5, 9, 15, 8, 13, 2, 14, 12, 10, 7, 1])
4519
Vecsmall([14, 13, 11, 8, 7, 16, 5, 4, 10, 9, 3, 15, 2, 1, 12, 6])
4523
Vecsmall([6, 3, 7, 11, 16, 8, 12, 10, 5, 1, 14, 2, 9, 15, 4, 13])
4547
Vecsmall([3, 6, 8, 16, 11, 7, 10, 12, 4, 2, 13, 1, 15, 9, 5, 14])
4549
Vecsmall([9, 15, 13, 12, 10, 14, 11, 16, 2, 4, 8, 5, 6, 3, 1, 7])
4561
Vecsmall([7, 8, 10, 13, 14, 12, 1, 2, 11, 3, 9, 6, 4, 5, 16, 15])
4567
Vecsmall([14, 13, 11, 8, 7, 16, 5, 4, 10, 9, 3, 15, 2, 1, 12, 6])
4583
Vecsmall([5, 4, 9, 2, 1, 15, 14, 13, 3, 11, 10, 16, 8, 7, 6, 12])
4591
Vecsmall([4, 5, 15, 1, 2, 9, 13, 14, 6, 16, 12, 11, 7, 8, 3, 10])
4597
Vecsmall([9, 15, 13, 12, 10, 14, 11, 16, 2, 4, 8, 5, 6, 3, 1, 7])
4603
Vecsmall([6, 3, 7, 11, 16, 8, 12, 10, 5, 1, 14, 2, 9, 15, 4, 13])
4621
Vecsmall([16, 11, 5, 3, 6, 4, 15, 9, 7, 14, 1, 13, 10, 12, 8, 2])
4637
Vecsmall([15, 9, 14, 10, 12, 13, 16, 11, 1, 5, 7, 4, 3, 6, 2, 8])
4639
Vecsmall([4, 5, 15, 1, 2, 9, 13, 14, 6, 16, 12, 11, 7, 8, 3, 10])
4643
Vecsmall([3, 6, 8, 16, 11, 7, 10, 12, 4, 2, 13, 1, 15, 9, 5, 14])
4649
Vecsmall([2, 1, 6, 5, 4, 3, 8, 7, 15, 12, 16, 10, 14, 13, 9, 11])
4651
Vecsmall([6, 3, 7, 11, 16, 8, 12, 10, 5, 1, 14, 2, 9, 15, 4, 13])
4657
Vecsmall([1, 2, 3, 4, 5, 6, 7, 8, 9, 10, 11, 12, 13, 14, 15, 16])
4663
Vecsmall([14, 13, 11, 8, 7, 16, 5, 4, 10, 9, 3, 15, 2, 1, 12, 6])
4673
Vecsmall([7, 8, 10, 13, 14, 12, 1, 2, 11, 3, 9, 6, 4, 5, 16, 15])
4679
Vecsmall([14, 13, 11, 8, 7, 16, 5, 4, 10, 9, 3, 15, 2, 1, 12, 6])
4691
Vecsmall([10, 12, 2, 15, 9, 1, 3, 6, 13, 8, 4, 7, 16, 11, 14, 5])
4703
Vecsmall([4, 5, 15, 1, 2, 9, 13, 14, 6, 16, 12, 11, 7, 8, 3, 10])
4721
Vecsmall([1, 2, 3, 4, 5, 6, 7, 8, 9, 10, 11, 12, 13, 14, 15, 16])
4723
Vecsmall([3, 6, 8, 16, 11, 7, 10, 12, 4, 2, 13, 1, 15, 9, 5, 14])
4729
Vecsmall([2, 1, 6, 5, 4, 3, 8, 7, 15, 12, 16, 10, 14, 13, 9, 11])
4733
Vecsmall([16, 11, 5, 3, 6, 4, 15, 9, 7, 14, 1, 13, 10, 12, 8, 2])
4751
Vecsmall([13, 14, 16, 7, 8, 11, 4, 5, 12, 15, 6, 9, 1, 2, 10, 3])
4759
Vecsmall([14, 13, 11, 8, 7, 16, 5, 4, 10, 9, 3, 15, 2, 1, 12, 6])
4783
Vecsmall([4, 5, 15, 1, 2, 9, 13, 14, 6, 16, 12, 11, 7, 8, 3, 10])
4787
Vecsmall([3, 6, 8, 16, 11, 7, 10, 12, 4, 2, 13, 1, 15, 9, 5, 14])
4789
Vecsmall([9, 15, 13, 12, 10, 14, 11, 16, 2, 4, 8, 5, 6, 3, 1, 7])
4793
Vecsmall([2, 1, 6, 5, 4, 3, 8, 7, 15, 12, 16, 10, 14, 13, 9, 11])
4799
Vecsmall([13, 14, 16, 7, 8, 11, 4, 5, 12, 15, 6, 9, 1, 2, 10, 3])
4801
Vecsmall([1, 2, 3, 4, 5, 6, 7, 8, 9, 10, 11, 12, 13, 14, 15, 16])
4813
Vecsmall([15, 9, 14, 10, 12, 13, 16, 11, 1, 5, 7, 4, 3, 6, 2, 8])
4817
Vecsmall([1, 2, 3, 4, 5, 6, 7, 8, 9, 10, 11, 12, 13, 14, 15, 16])
4831
Vecsmall([13, 14, 16, 7, 8, 11, 4, 5, 12, 15, 6, 9, 1, 2, 10, 3])
4861
Vecsmall([16, 11, 5, 3, 6, 4, 15, 9, 7, 14, 1, 13, 10, 12, 8, 2])
4871
Vecsmall([14, 13, 11, 8, 7, 16, 5, 4, 10, 9, 3, 15, 2, 1, 12, 6])
4877
Vecsmall([15, 9, 14, 10, 12, 13, 16, 11, 1, 5, 7, 4, 3, 6, 2, 8])
4889
Vecsmall([2, 1, 6, 5, 4, 3, 8, 7, 15, 12, 16, 10, 14, 13, 9, 11])
4903
Vecsmall([14, 13, 11, 8, 7, 16, 5, 4, 10, 9, 3, 15, 2, 1, 12, 6])
4909
Vecsmall([15, 9, 14, 10, 12, 13, 16, 11, 1, 5, 7, 4, 3, 6, 2, 8])
4919
Vecsmall([5, 4, 9, 2, 1, 15, 14, 13, 3, 11, 10, 16, 8, 7, 6, 12])
4931
Vecsmall([3, 6, 8, 16, 11, 7, 10, 12, 4, 2, 13, 1, 15, 9, 5, 14])
4933
Vecsmall([9, 15, 13, 12, 10, 14, 11, 16, 2, 4, 8, 5, 6, 3, 1, 7])
4937
Vecsmall([8, 7, 12, 14, 13, 10, 2, 1, 16, 6, 15, 3, 5, 4, 11, 9])
4943
Vecsmall([4, 5, 15, 1, 2, 9, 13, 14, 6, 16, 12, 11, 7, 8, 3, 10])
4951
Vecsmall([5, 4, 9, 2, 1, 15, 14, 13, 3, 11, 10, 16, 8, 7, 6, 12])
4957
Vecsmall([15, 9, 14, 10, 12, 13, 16, 11, 1, 5, 7, 4, 3, 6, 2, 8])
4967
Vecsmall([14, 13, 11, 8, 7, 16, 5, 4, 10, 9, 3, 15, 2, 1, 12, 6])
4969
Vecsmall([2, 1, 6, 5, 4, 3, 8, 7, 15, 12, 16, 10, 14, 13, 9, 11])
4973
Vecsmall([15, 9, 14, 10, 12, 13, 16, 11, 1, 5, 7, 4, 3, 6, 2, 8])
4987
Vecsmall([6, 3, 7, 11, 16, 8, 12, 10, 5, 1, 14, 2, 9, 15, 4, 13])
4993
Vecsmall([1, 2, 3, 4, 5, 6, 7, 8, 9, 10, 11, 12, 13, 14, 15, 16])
4999
Vecsmall([5, 4, 9, 2, 1, 15, 14, 13, 3, 11, 10, 16, 8, 7, 6, 12])
5003
Vecsmall([12, 10, 1, 9, 15, 2, 6, 3, 14, 7, 5, 8, 11, 16, 13, 4])
5009
Vecsmall([7, 8, 10, 13, 14, 12, 1, 2, 11, 3, 9, 6, 4, 5, 16, 15])
5011
Vecsmall([10, 12, 2, 15, 9, 1, 3, 6, 13, 8, 4, 7, 16, 11, 14, 5])
5021
Vecsmall([15, 9, 14, 10, 12, 13, 16, 11, 1, 5, 7, 4, 3, 6, 2, 8])
5023
Vecsmall([4, 5, 15, 1, 2, 9, 13, 14, 6, 16, 12, 11, 7, 8, 3, 10])
5039
Vecsmall([13, 14, 16, 7, 8, 11, 4, 5, 12, 15, 6, 9, 1, 2, 10, 3])
5051
Vecsmall([6, 3, 7, 11, 16, 8, 12, 10, 5, 1, 14, 2, 9, 15, 4, 13])
5059
Vecsmall([10, 12, 2, 15, 9, 1, 3, 6, 13, 8, 4, 7, 16, 11, 14, 5])
5077
Vecsmall([11, 16, 4, 6, 3, 5, 9, 15, 8, 13, 2, 14, 12, 10, 7, 1])
5081
Vecsmall([8, 7, 12, 14, 13, 10, 2, 1, 16, 6, 15, 3, 5, 4, 11, 9])
5087
Vecsmall([13, 14, 16, 7, 8, 11, 4, 5, 12, 15, 6, 9, 1, 2, 10, 3])
5099
Vecsmall([6, 3, 7, 11, 16, 8, 12, 10, 5, 1, 14, 2, 9, 15, 4, 13])
5101
Vecsmall([15, 9, 14, 10, 12, 13, 16, 11, 1, 5, 7, 4, 3, 6, 2, 8])
5107
Vecsmall([3, 6, 8, 16, 11, 7, 10, 12, 4, 2, 13, 1, 15, 9, 5, 14])
5113
Vecsmall([8, 7, 12, 14, 13, 10, 2, 1, 16, 6, 15, 3, 5, 4, 11, 9])
5119
Vecsmall([13, 14, 16, 7, 8, 11, 4, 5, 12, 15, 6, 9, 1, 2, 10, 3])
5147
Vecsmall([12, 10, 1, 9, 15, 2, 6, 3, 14, 7, 5, 8, 11, 16, 13, 4])
5153
Vecsmall([7, 8, 10, 13, 14, 12, 1, 2, 11, 3, 9, 6, 4, 5, 16, 15])
5167
Vecsmall([13, 14, 16, 7, 8, 11, 4, 5, 12, 15, 6, 9, 1, 2, 10, 3])
5171
Vecsmall([3, 6, 8, 16, 11, 7, 10, 12, 4, 2, 13, 1, 15, 9, 5, 14])
5179
Vecsmall([6, 3, 7, 11, 16, 8, 12, 10, 5, 1, 14, 2, 9, 15, 4, 13])
5189
Vecsmall([11, 16, 4, 6, 3, 5, 9, 15, 8, 13, 2, 14, 12, 10, 7, 1])
5197
Vecsmall([15, 9, 14, 10, 12, 13, 16, 11, 1, 5, 7, 4, 3, 6, 2, 8])
5209
Vecsmall([8, 7, 12, 14, 13, 10, 2, 1, 16, 6, 15, 3, 5, 4, 11, 9])
5227
Vecsmall([6, 3, 7, 11, 16, 8, 12, 10, 5, 1, 14, 2, 9, 15, 4, 13])
5231
Vecsmall([13, 14, 16, 7, 8, 11, 4, 5, 12, 15, 6, 9, 1, 2, 10, 3])
5233
Vecsmall([1, 2, 3, 4, 5, 6, 7, 8, 9, 10, 11, 12, 13, 14, 15, 16])
5237
Vecsmall([9, 15, 13, 12, 10, 14, 11, 16, 2, 4, 8, 5, 6, 3, 1, 7])
5261
Vecsmall([15, 9, 14, 10, 12, 13, 16, 11, 1, 5, 7, 4, 3, 6, 2, 8])
5273
Vecsmall([2, 1, 6, 5, 4, 3, 8, 7, 15, 12, 16, 10, 14, 13, 9, 11])
5279
Vecsmall([4, 5, 15, 1, 2, 9, 13, 14, 6, 16, 12, 11, 7, 8, 3, 10])
5281
Vecsmall([7, 8, 10, 13, 14, 12, 1, 2, 11, 3, 9, 6, 4, 5, 16, 15])
5297
Vecsmall([1, 2, 3, 4, 5, 6, 7, 8, 9, 10, 11, 12, 13, 14, 15, 16])
5303
Vecsmall([5, 4, 9, 2, 1, 15, 14, 13, 3, 11, 10, 16, 8, 7, 6, 12])
5309
Vecsmall([15, 9, 14, 10, 12, 13, 16, 11, 1, 5, 7, 4, 3, 6, 2, 8])
5323
Vecsmall([6, 3, 7, 11, 16, 8, 12, 10, 5, 1, 14, 2, 9, 15, 4, 13])
5333
Vecsmall([11, 16, 4, 6, 3, 5, 9, 15, 8, 13, 2, 14, 12, 10, 7, 1])
5347
Vecsmall([3, 6, 8, 16, 11, 7, 10, 12, 4, 2, 13, 1, 15, 9, 5, 14])
5351
Vecsmall([5, 4, 9, 2, 1, 15, 14, 13, 3, 11, 10, 16, 8, 7, 6, 12])
5381
Vecsmall([11, 16, 4, 6, 3, 5, 9, 15, 8, 13, 2, 14, 12, 10, 7, 1])
5387
Vecsmall([6, 3, 7, 11, 16, 8, 12, 10, 5, 1, 14, 2, 9, 15, 4, 13])
5393
Vecsmall([1, 2, 3, 4, 5, 6, 7, 8, 9, 10, 11, 12, 13, 14, 15, 16])
5399
Vecsmall([5, 4, 9, 2, 1, 15, 14, 13, 3, 11, 10, 16, 8, 7, 6, 12])
5407
Vecsmall([13, 14, 16, 7, 8, 11, 4, 5, 12, 15, 6, 9, 1, 2, 10, 3])
5413
Vecsmall([9, 15, 13, 12, 10, 14, 11, 16, 2, 4, 8, 5, 6, 3, 1, 7])
5417
Vecsmall([2, 1, 6, 5, 4, 3, 8, 7, 15, 12, 16, 10, 14, 13, 9, 11])
5419
Vecsmall([12, 10, 1, 9, 15, 2, 6, 3, 14, 7, 5, 8, 11, 16, 13, 4])
5431
Vecsmall([5, 4, 9, 2, 1, 15, 14, 13, 3, 11, 10, 16, 8, 7, 6, 12])
5437
Vecsmall([15, 9, 14, 10, 12, 13, 16, 11, 1, 5, 7, 4, 3, 6, 2, 8])
5441
Vecsmall([7, 8, 10, 13, 14, 12, 1, 2, 11, 3, 9, 6, 4, 5, 16, 15])
5443
Vecsmall([3, 6, 8, 16, 11, 7, 10, 12, 4, 2, 13, 1, 15, 9, 5, 14])
5449
Vecsmall([2, 1, 6, 5, 4, 3, 8, 7, 15, 12, 16, 10, 14, 13, 9, 11])
5471
Vecsmall([4, 5, 15, 1, 2, 9, 13, 14, 6, 16, 12, 11, 7, 8, 3, 10])
5477
Vecsmall([11, 16, 4, 6, 3, 5, 9, 15, 8, 13, 2, 14, 12, 10, 7, 1])
5479
Vecsmall([5, 4, 9, 2, 1, 15, 14, 13, 3, 11, 10, 16, 8, 7, 6, 12])
5483
Vecsmall([6, 3, 7, 11, 16, 8, 12, 10, 5, 1, 14, 2, 9, 15, 4, 13])
5501
Vecsmall([16, 11, 5, 3, 6, 4, 15, 9, 7, 14, 1, 13, 10, 12, 8, 2])
5503
Vecsmall([13, 14, 16, 7, 8, 11, 4, 5, 12, 15, 6, 9, 1, 2, 10, 3])
5507
Vecsmall([3, 6, 8, 16, 11, 7, 10, 12, 4, 2, 13, 1, 15, 9, 5, 14])
5519
Vecsmall([13, 14, 16, 7, 8, 11, 4, 5, 12, 15, 6, 9, 1, 2, 10, 3])
5521
Vecsmall([7, 8, 10, 13, 14, 12, 1, 2, 11, 3, 9, 6, 4, 5, 16, 15])
5527
Vecsmall([14, 13, 11, 8, 7, 16, 5, 4, 10, 9, 3, 15, 2, 1, 12, 6])
5531
Vecsmall([12, 10, 1, 9, 15, 2, 6, 3, 14, 7, 5, 8, 11, 16, 13, 4])
5557
Vecsmall([11, 16, 4, 6, 3, 5, 9, 15, 8, 13, 2, 14, 12, 10, 7, 1])
5563
Vecsmall([6, 3, 7, 11, 16, 8, 12, 10, 5, 1, 14, 2, 9, 15, 4, 13])
5569
Vecsmall([1, 2, 3, 4, 5, 6, 7, 8, 9, 10, 11, 12, 13, 14, 15, 16])
5573
Vecsmall([9, 15, 13, 12, 10, 14, 11, 16, 2, 4, 8, 5, 6, 3, 1, 7])
5581
Vecsmall([16, 11, 5, 3, 6, 4, 15, 9, 7, 14, 1, 13, 10, 12, 8, 2])
5591
Vecsmall([14, 13, 11, 8, 7, 16, 5, 4, 10, 9, 3, 15, 2, 1, 12, 6])
5623
Vecsmall([5, 4, 9, 2, 1, 15, 14, 13, 3, 11, 10, 16, 8, 7, 6, 12])
5639
Vecsmall([14, 13, 11, 8, 7, 16, 5, 4, 10, 9, 3, 15, 2, 1, 12, 6])
5641
Vecsmall([2, 1, 6, 5, 4, 3, 8, 7, 15, 12, 16, 10, 14, 13, 9, 11])
5647
Vecsmall([4, 5, 15, 1, 2, 9, 13, 14, 6, 16, 12, 11, 7, 8, 3, 10])
5651
Vecsmall([10, 12, 2, 15, 9, 1, 3, 6, 13, 8, 4, 7, 16, 11, 14, 5])
5653
Vecsmall([9, 15, 13, 12, 10, 14, 11, 16, 2, 4, 8, 5, 6, 3, 1, 7])
5657
Vecsmall([2, 1, 6, 5, 4, 3, 8, 7, 15, 12, 16, 10, 14, 13, 9, 11])
5659
Vecsmall([12, 10, 1, 9, 15, 2, 6, 3, 14, 7, 5, 8, 11, 16, 13, 4])
5669
Vecsmall([11, 16, 4, 6, 3, 5, 9, 15, 8, 13, 2, 14, 12, 10, 7, 1])
5683
Vecsmall([10, 12, 2, 15, 9, 1, 3, 6, 13, 8, 4, 7, 16, 11, 14, 5])
5689
Vecsmall([8, 7, 12, 14, 13, 10, 2, 1, 16, 6, 15, 3, 5, 4, 11, 9])
5693
Vecsmall([16, 11, 5, 3, 6, 4, 15, 9, 7, 14, 1, 13, 10, 12, 8, 2])
5701
Vecsmall([9, 15, 13, 12, 10, 14, 11, 16, 2, 4, 8, 5, 6, 3, 1, 7])
5711
Vecsmall([4, 5, 15, 1, 2, 9, 13, 14, 6, 16, 12, 11, 7, 8, 3, 10])
5717
Vecsmall([11, 16, 4, 6, 3, 5, 9, 15, 8, 13, 2, 14, 12, 10, 7, 1])
5737
Vecsmall([8, 7, 12, 14, 13, 10, 2, 1, 16, 6, 15, 3, 5, 4, 11, 9])
5741
Vecsmall([16, 11, 5, 3, 6, 4, 15, 9, 7, 14, 1, 13, 10, 12, 8, 2])
5743
Vecsmall([13, 14, 16, 7, 8, 11, 4, 5, 12, 15, 6, 9, 1, 2, 10, 3])
5749
Vecsmall([11, 16, 4, 6, 3, 5, 9, 15, 8, 13, 2, 14, 12, 10, 7, 1])
5779
Vecsmall([3, 6, 8, 16, 11, 7, 10, 12, 4, 2, 13, 1, 15, 9, 5, 14])
5783
Vecsmall([5, 4, 9, 2, 1, 15, 14, 13, 3, 11, 10, 16, 8, 7, 6, 12])
5791
Vecsmall([4, 5, 15, 1, 2, 9, 13, 14, 6, 16, 12, 11, 7, 8, 3, 10])
5801
Vecsmall([2, 1, 6, 5, 4, 3, 8, 7, 15, 12, 16, 10, 14, 13, 9, 11])
5807
Vecsmall([4, 5, 15, 1, 2, 9, 13, 14, 6, 16, 12, 11, 7, 8, 3, 10])
5813
Vecsmall([9, 15, 13, 12, 10, 14, 11, 16, 2, 4, 8, 5, 6, 3, 1, 7])
5821
Vecsmall([16, 11, 5, 3, 6, 4, 15, 9, 7, 14, 1, 13, 10, 12, 8, 2])
5827
Vecsmall([10, 12, 2, 15, 9, 1, 3, 6, 13, 8, 4, 7, 16, 11, 14, 5])
5839
Vecsmall([4, 5, 15, 1, 2, 9, 13, 14, 6, 16, 12, 11, 7, 8, 3, 10])
5843
Vecsmall([10, 12, 2, 15, 9, 1, 3, 6, 13, 8, 4, 7, 16, 11, 14, 5])
5849
Vecsmall([2, 1, 6, 5, 4, 3, 8, 7, 15, 12, 16, 10, 14, 13, 9, 11])
5851
Vecsmall([6, 3, 7, 11, 16, 8, 12, 10, 5, 1, 14, 2, 9, 15, 4, 13])
5857
Vecsmall([7, 8, 10, 13, 14, 12, 1, 2, 11, 3, 9, 6, 4, 5, 16, 15])
5861
Vecsmall([11, 16, 4, 6, 3, 5, 9, 15, 8, 13, 2, 14, 12, 10, 7, 1])
5867
Vecsmall([12, 10, 1, 9, 15, 2, 6, 3, 14, 7, 5, 8, 11, 16, 13, 4])
5869
Vecsmall([15, 9, 14, 10, 12, 13, 16, 11, 1, 5, 7, 4, 3, 6, 2, 8])
5879
Vecsmall([14, 13, 11, 8, 7, 16, 5, 4, 10, 9, 3, 15, 2, 1, 12, 6])
5881
Vecsmall([8, 7, 12, 14, 13, 10, 2, 1, 16, 6, 15, 3, 5, 4, 11, 9])
5897
Vecsmall([2, 1, 6, 5, 4, 3, 8, 7, 15, 12, 16, 10, 14, 13, 9, 11])
5903
Vecsmall([4, 5, 15, 1, 2, 9, 13, 14, 6, 16, 12, 11, 7, 8, 3, 10])
5923
Vecsmall([3, 6, 8, 16, 11, 7, 10, 12, 4, 2, 13, 1, 15, 9, 5, 14])
5927
Vecsmall([14, 13, 11, 8, 7, 16, 5, 4, 10, 9, 3, 15, 2, 1, 12, 6])
5939
Vecsmall([10, 12, 2, 15, 9, 1, 3, 6, 13, 8, 4, 7, 16, 11, 14, 5])
5953
Vecsmall([7, 8, 10, 13, 14, 12, 1, 2, 11, 3, 9, 6, 4, 5, 16, 15])
5981
Vecsmall([16, 11, 5, 3, 6, 4, 15, 9, 7, 14, 1, 13, 10, 12, 8, 2])
5987
Vecsmall([10, 12, 2, 15, 9, 1, 3, 6, 13, 8, 4, 7, 16, 11, 14, 5])
6007
Vecsmall([14, 13, 11, 8, 7, 16, 5, 4, 10, 9, 3, 15, 2, 1, 12, 6])
6011
Vecsmall([12, 10, 1, 9, 15, 2, 6, 3, 14, 7, 5, 8, 11, 16, 13, 4])
6029
Vecsmall([16, 11, 5, 3, 6, 4, 15, 9, 7, 14, 1, 13, 10, 12, 8, 2])
6037
Vecsmall([9, 15, 13, 12, 10, 14, 11, 16, 2, 4, 8, 5, 6, 3, 1, 7])
6043
Vecsmall([12, 10, 1, 9, 15, 2, 6, 3, 14, 7, 5, 8, 11, 16, 13, 4])
6047
Vecsmall([13, 14, 16, 7, 8, 11, 4, 5, 12, 15, 6, 9, 1, 2, 10, 3])
6053
Vecsmall([11, 16, 4, 6, 3, 5, 9, 15, 8, 13, 2, 14, 12, 10, 7, 1])
6067
Vecsmall([3, 6, 8, 16, 11, 7, 10, 12, 4, 2, 13, 1, 15, 9, 5, 14])
6073
Vecsmall([2, 1, 6, 5, 4, 3, 8, 7, 15, 12, 16, 10, 14, 13, 9, 11])
6079
Vecsmall([4, 5, 15, 1, 2, 9, 13, 14, 6, 16, 12, 11, 7, 8, 3, 10])
6089
Vecsmall([8, 7, 12, 14, 13, 10, 2, 1, 16, 6, 15, 3, 5, 4, 11, 9])
6091
Vecsmall([6, 3, 7, 11, 16, 8, 12, 10, 5, 1, 14, 2, 9, 15, 4, 13])
6101
Vecsmall([11, 16, 4, 6, 3, 5, 9, 15, 8, 13, 2, 14, 12, 10, 7, 1])
6113
Vecsmall([7, 8, 10, 13, 14, 12, 1, 2, 11, 3, 9, 6, 4, 5, 16, 15])
6121
Vecsmall([8, 7, 12, 14, 13, 10, 2, 1, 16, 6, 15, 3, 5, 4, 11, 9])
6131
Vecsmall([10, 12, 2, 15, 9, 1, 3, 6, 13, 8, 4, 7, 16, 11, 14, 5])
6133
Vecsmall([11, 16, 4, 6, 3, 5, 9, 15, 8, 13, 2, 14, 12, 10, 7, 1])
6143
Vecsmall([13, 14, 16, 7, 8, 11, 4, 5, 12, 15, 6, 9, 1, 2, 10, 3])
6151
Vecsmall([5, 4, 9, 2, 1, 15, 14, 13, 3, 11, 10, 16, 8, 7, 6, 12])
6163
Vecsmall([3, 6, 8, 16, 11, 7, 10, 12, 4, 2, 13, 1, 15, 9, 5, 14])
6173
Vecsmall([16, 11, 5, 3, 6, 4, 15, 9, 7, 14, 1, 13, 10, 12, 8, 2])
6197
Vecsmall([9, 15, 13, 12, 10, 14, 11, 16, 2, 4, 8, 5, 6, 3, 1, 7])
6199
Vecsmall([5, 4, 9, 2, 1, 15, 14, 13, 3, 11, 10, 16, 8, 7, 6, 12])
6203
Vecsmall([6, 3, 7, 11, 16, 8, 12, 10, 5, 1, 14, 2, 9, 15, 4, 13])
6211
Vecsmall([3, 6, 8, 16, 11, 7, 10, 12, 4, 2, 13, 1, 15, 9, 5, 14])
6217
Vecsmall([2, 1, 6, 5, 4, 3, 8, 7, 15, 12, 16, 10, 14, 13, 9, 11])
6221
Vecsmall([15, 9, 14, 10, 12, 13, 16, 11, 1, 5, 7, 4, 3, 6, 2, 8])
6229
Vecsmall([9, 15, 13, 12, 10, 14, 11, 16, 2, 4, 8, 5, 6, 3, 1, 7])
6247
Vecsmall([5, 4, 9, 2, 1, 15, 14, 13, 3, 11, 10, 16, 8, 7, 6, 12])
6257
Vecsmall([7, 8, 10, 13, 14, 12, 1, 2, 11, 3, 9, 6, 4, 5, 16, 15])
6263
Vecsmall([5, 4, 9, 2, 1, 15, 14, 13, 3, 11, 10, 16, 8, 7, 6, 12])
6269
Vecsmall([15, 9, 14, 10, 12, 13, 16, 11, 1, 5, 7, 4, 3, 6, 2, 8])
6271
Vecsmall([4, 5, 15, 1, 2, 9, 13, 14, 6, 16, 12, 11, 7, 8, 3, 10])
6277
Vecsmall([9, 15, 13, 12, 10, 14, 11, 16, 2, 4, 8, 5, 6, 3, 1, 7])
6287
Vecsmall([13, 14, 16, 7, 8, 11, 4, 5, 12, 15, 6, 9, 1, 2, 10, 3])
6299
Vecsmall([6, 3, 7, 11, 16, 8, 12, 10, 5, 1, 14, 2, 9, 15, 4, 13])
6301
Vecsmall([15, 9, 14, 10, 12, 13, 16, 11, 1, 5, 7, 4, 3, 6, 2, 8])
6311
Vecsmall([5, 4, 9, 2, 1, 15, 14, 13, 3, 11, 10, 16, 8, 7, 6, 12])
6317
Vecsmall([16, 11, 5, 3, 6, 4, 15, 9, 7, 14, 1, 13, 10, 12, 8, 2])
6323
Vecsmall([10, 12, 2, 15, 9, 1, 3, 6, 13, 8, 4, 7, 16, 11, 14, 5])
6329
Vecsmall([2, 1, 6, 5, 4, 3, 8, 7, 15, 12, 16, 10, 14, 13, 9, 11])
6337
Vecsmall([7, 8, 10, 13, 14, 12, 1, 2, 11, 3, 9, 6, 4, 5, 16, 15])
6343
Vecsmall([5, 4, 9, 2, 1, 15, 14, 13, 3, 11, 10, 16, 8, 7, 6, 12])
6353
Vecsmall([1, 2, 3, 4, 5, 6, 7, 8, 9, 10, 11, 12, 13, 14, 15, 16])
6359
Vecsmall([5, 4, 9, 2, 1, 15, 14, 13, 3, 11, 10, 16, 8, 7, 6, 12])
6361
Vecsmall([8, 7, 12, 14, 13, 10, 2, 1, 16, 6, 15, 3, 5, 4, 11, 9])
6367
Vecsmall([13, 14, 16, 7, 8, 11, 4, 5, 12, 15, 6, 9, 1, 2, 10, 3])
6373
Vecsmall([9, 15, 13, 12, 10, 14, 11, 16, 2, 4, 8, 5, 6, 3, 1, 7])
6379
Vecsmall([12, 10, 1, 9, 15, 2, 6, 3, 14, 7, 5, 8, 11, 16, 13, 4])
6389
Vecsmall([9, 15, 13, 12, 10, 14, 11, 16, 2, 4, 8, 5, 6, 3, 1, 7])
6397
Vecsmall([16, 11, 5, 3, 6, 4, 15, 9, 7, 14, 1, 13, 10, 12, 8, 2])
6421
Vecsmall([9, 15, 13, 12, 10, 14, 11, 16, 2, 4, 8, 5, 6, 3, 1, 7])
6427
Vecsmall([12, 10, 1, 9, 15, 2, 6, 3, 14, 7, 5, 8, 11, 16, 13, 4])
6449
Vecsmall([1, 2, 3, 4, 5, 6, 7, 8, 9, 10, 11, 12, 13, 14, 15, 16])
6451
Vecsmall([10, 12, 2, 15, 9, 1, 3, 6, 13, 8, 4, 7, 16, 11, 14, 5])
6469
Vecsmall([9, 15, 13, 12, 10, 14, 11, 16, 2, 4, 8, 5, 6, 3, 1, 7])
6473
Vecsmall([2, 1, 6, 5, 4, 3, 8, 7, 15, 12, 16, 10, 14, 13, 9, 11])
6481
Vecsmall([1, 2, 3, 4, 5, 6, 7, 8, 9, 10, 11, 12, 13, 14, 15, 16])
6491
Vecsmall([12, 10, 1, 9, 15, 2, 6, 3, 14, 7, 5, 8, 11, 16, 13, 4])
6521
Vecsmall([8, 7, 12, 14, 13, 10, 2, 1, 16, 6, 15, 3, 5, 4, 11, 9])
6529
Vecsmall([1, 2, 3, 4, 5, 6, 7, 8, 9, 10, 11, 12, 13, 14, 15, 16])
6547
Vecsmall([3, 6, 8, 16, 11, 7, 10, 12, 4, 2, 13, 1, 15, 9, 5, 14])
6551
Vecsmall([5, 4, 9, 2, 1, 15, 14, 13, 3, 11, 10, 16, 8, 7, 6, 12])
6553
Vecsmall([8, 7, 12, 14, 13, 10, 2, 1, 16, 6, 15, 3, 5, 4, 11, 9])
6563
Vecsmall([10, 12, 2, 15, 9, 1, 3, 6, 13, 8, 4, 7, 16, 11, 14, 5])
6569
Vecsmall([8, 7, 12, 14, 13, 10, 2, 1, 16, 6, 15, 3, 5, 4, 11, 9])
6571
Vecsmall([12, 10, 1, 9, 15, 2, 6, 3, 14, 7, 5, 8, 11, 16, 13, 4])
6577
Vecsmall([7, 8, 10, 13, 14, 12, 1, 2, 11, 3, 9, 6, 4, 5, 16, 15])
6581
Vecsmall([9, 15, 13, 12, 10, 14, 11, 16, 2, 4, 8, 5, 6, 3, 1, 7])
6599
Vecsmall([14, 13, 11, 8, 7, 16, 5, 4, 10, 9, 3, 15, 2, 1, 12, 6])
6607
Vecsmall([4, 5, 15, 1, 2, 9, 13, 14, 6, 16, 12, 11, 7, 8, 3, 10])
6619
Vecsmall([6, 3, 7, 11, 16, 8, 12, 10, 5, 1, 14, 2, 9, 15, 4, 13])
6637
Vecsmall([16, 11, 5, 3, 6, 4, 15, 9, 7, 14, 1, 13, 10, 12, 8, 2])
6653
Vecsmall([15, 9, 14, 10, 12, 13, 16, 11, 1, 5, 7, 4, 3, 6, 2, 8])
6659
Vecsmall([10, 12, 2, 15, 9, 1, 3, 6, 13, 8, 4, 7, 16, 11, 14, 5])
6661
Vecsmall([11, 16, 4, 6, 3, 5, 9, 15, 8, 13, 2, 14, 12, 10, 7, 1])
6673
Vecsmall([7, 8, 10, 13, 14, 12, 1, 2, 11, 3, 9, 6, 4, 5, 16, 15])
6679
Vecsmall([14, 13, 11, 8, 7, 16, 5, 4, 10, 9, 3, 15, 2, 1, 12, 6])
6689
Vecsmall([1, 2, 3, 4, 5, 6, 7, 8, 9, 10, 11, 12, 13, 14, 15, 16])
6691
Vecsmall([3, 6, 8, 16, 11, 7, 10, 12, 4, 2, 13, 1, 15, 9, 5, 14])
6701
Vecsmall([16, 11, 5, 3, 6, 4, 15, 9, 7, 14, 1, 13, 10, 12, 8, 2])
6703
Vecsmall([13, 14, 16, 7, 8, 11, 4, 5, 12, 15, 6, 9, 1, 2, 10, 3])
6709
Vecsmall([9, 15, 13, 12, 10, 14, 11, 16, 2, 4, 8, 5, 6, 3, 1, 7])
6719
Vecsmall([4, 5, 15, 1, 2, 9, 13, 14, 6, 16, 12, 11, 7, 8, 3, 10])
6733
Vecsmall([15, 9, 14, 10, 12, 13, 16, 11, 1, 5, 7, 4, 3, 6, 2, 8])
6737
Vecsmall([7, 8, 10, 13, 14, 12, 1, 2, 11, 3, 9, 6, 4, 5, 16, 15])
6761
Vecsmall([8, 7, 12, 14, 13, 10, 2, 1, 16, 6, 15, 3, 5, 4, 11, 9])
6763
Vecsmall([6, 3, 7, 11, 16, 8, 12, 10, 5, 1, 14, 2, 9, 15, 4, 13])
6779
Vecsmall([6, 3, 7, 11, 16, 8, 12, 10, 5, 1, 14, 2, 9, 15, 4, 13])
6781
Vecsmall([15, 9, 14, 10, 12, 13, 16, 11, 1, 5, 7, 4, 3, 6, 2, 8])
6791
Vecsmall([5, 4, 9, 2, 1, 15, 14, 13, 3, 11, 10, 16, 8, 7, 6, 12])
6793
Vecsmall([8, 7, 12, 14, 13, 10, 2, 1, 16, 6, 15, 3, 5, 4, 11, 9])
6803
Vecsmall([10, 12, 2, 15, 9, 1, 3, 6, 13, 8, 4, 7, 16, 11, 14, 5])
6823
Vecsmall([5, 4, 9, 2, 1, 15, 14, 13, 3, 11, 10, 16, 8, 7, 6, 12])
6827
Vecsmall([12, 10, 1, 9, 15, 2, 6, 3, 14, 7, 5, 8, 11, 16, 13, 4])
6829
Vecsmall([15, 9, 14, 10, 12, 13, 16, 11, 1, 5, 7, 4, 3, 6, 2, 8])
6833
Vecsmall([7, 8, 10, 13, 14, 12, 1, 2, 11, 3, 9, 6, 4, 5, 16, 15])
6841
Vecsmall([8, 7, 12, 14, 13, 10, 2, 1, 16, 6, 15, 3, 5, 4, 11, 9])
6857
Vecsmall([8, 7, 12, 14, 13, 10, 2, 1, 16, 6, 15, 3, 5, 4, 11, 9])
6863
Vecsmall([4, 5, 15, 1, 2, 9, 13, 14, 6, 16, 12, 11, 7, 8, 3, 10])
6869
Vecsmall([11, 16, 4, 6, 3, 5, 9, 15, 8, 13, 2, 14, 12, 10, 7, 1])
6871
Vecsmall([14, 13, 11, 8, 7, 16, 5, 4, 10, 9, 3, 15, 2, 1, 12, 6])
6883
Vecsmall([10, 12, 2, 15, 9, 1, 3, 6, 13, 8, 4, 7, 16, 11, 14, 5])
6899
Vecsmall([3, 6, 8, 16, 11, 7, 10, 12, 4, 2, 13, 1, 15, 9, 5, 14])
6907
Vecsmall([6, 3, 7, 11, 16, 8, 12, 10, 5, 1, 14, 2, 9, 15, 4, 13])
6911
Vecsmall([13, 14, 16, 7, 8, 11, 4, 5, 12, 15, 6, 9, 1, 2, 10, 3])
6917
Vecsmall([9, 15, 13, 12, 10, 14, 11, 16, 2, 4, 8, 5, 6, 3, 1, 7])
6947
Vecsmall([3, 6, 8, 16, 11, 7, 10, 12, 4, 2, 13, 1, 15, 9, 5, 14])
6949
Vecsmall([11, 16, 4, 6, 3, 5, 9, 15, 8, 13, 2, 14, 12, 10, 7, 1])
6959
Vecsmall([4, 5, 15, 1, 2, 9, 13, 14, 6, 16, 12, 11, 7, 8, 3, 10])
6961
Vecsmall([7, 8, 10, 13, 14, 12, 1, 2, 11, 3, 9, 6, 4, 5, 16, 15])
6967
Vecsmall([5, 4, 9, 2, 1, 15, 14, 13, 3, 11, 10, 16, 8, 7, 6, 12])
6971
Vecsmall([6, 3, 7, 11, 16, 8, 12, 10, 5, 1, 14, 2, 9, 15, 4, 13])
6977
Vecsmall([7, 8, 10, 13, 14, 12, 1, 2, 11, 3, 9, 6, 4, 5, 16, 15])
6983
Vecsmall([5, 4, 9, 2, 1, 15, 14, 13, 3, 11, 10, 16, 8, 7, 6, 12])
6991
Vecsmall([4, 5, 15, 1, 2, 9, 13, 14, 6, 16, 12, 11, 7, 8, 3, 10])
6997
Vecsmall([9, 15, 13, 12, 10, 14, 11, 16, 2, 4, 8, 5, 6, 3, 1, 7])
7001
Vecsmall([2, 1, 6, 5, 4, 3, 8, 7, 15, 12, 16, 10, 14, 13, 9, 11])
7013
Vecsmall([11, 16, 4, 6, 3, 5, 9, 15, 8, 13, 2, 14, 12, 10, 7, 1])
7019
Vecsmall([6, 3, 7, 11, 16, 8, 12, 10, 5, 1, 14, 2, 9, 15, 4, 13])
7027
Vecsmall([3, 6, 8, 16, 11, 7, 10, 12, 4, 2, 13, 1, 15, 9, 5, 14])
7039
Vecsmall([13, 14, 16, 7, 8, 11, 4, 5, 12, 15, 6, 9, 1, 2, 10, 3])
7043
Vecsmall([10, 12, 2, 15, 9, 1, 3, 6, 13, 8, 4, 7, 16, 11, 14, 5])
7057
Vecsmall([7, 8, 10, 13, 14, 12, 1, 2, 11, 3, 9, 6, 4, 5, 16, 15])
7069
Vecsmall([16, 11, 5, 3, 6, 4, 15, 9, 7, 14, 1, 13, 10, 12, 8, 2])
7079
Vecsmall([5, 4, 9, 2, 1, 15, 14, 13, 3, 11, 10, 16, 8, 7, 6, 12])
7103
Vecsmall([13, 14, 16, 7, 8, 11, 4, 5, 12, 15, 6, 9, 1, 2, 10, 3])
7109
Vecsmall([9, 15, 13, 12, 10, 14, 11, 16, 2, 4, 8, 5, 6, 3, 1, 7])
7121
Vecsmall([1, 2, 3, 4, 5, 6, 7, 8, 9, 10, 11, 12, 13, 14, 15, 16])
7127
Vecsmall([5, 4, 9, 2, 1, 15, 14, 13, 3, 11, 10, 16, 8, 7, 6, 12])
7129
Vecsmall([8, 7, 12, 14, 13, 10, 2, 1, 16, 6, 15, 3, 5, 4, 11, 9])
7151
Vecsmall([4, 5, 15, 1, 2, 9, 13, 14, 6, 16, 12, 11, 7, 8, 3, 10])
7159
Vecsmall([14, 13, 11, 8, 7, 16, 5, 4, 10, 9, 3, 15, 2, 1, 12, 6])
7177
Vecsmall([2, 1, 6, 5, 4, 3, 8, 7, 15, 12, 16, 10, 14, 13, 9, 11])
7187
Vecsmall([10, 12, 2, 15, 9, 1, 3, 6, 13, 8, 4, 7, 16, 11, 14, 5])
7193
Vecsmall([2, 1, 6, 5, 4, 3, 8, 7, 15, 12, 16, 10, 14, 13, 9, 11])
7207
Vecsmall([5, 4, 9, 2, 1, 15, 14, 13, 3, 11, 10, 16, 8, 7, 6, 12])
7211
Vecsmall([6, 3, 7, 11, 16, 8, 12, 10, 5, 1, 14, 2, 9, 15, 4, 13])
7213
Vecsmall([15, 9, 14, 10, 12, 13, 16, 11, 1, 5, 7, 4, 3, 6, 2, 8])
7219
Vecsmall([3, 6, 8, 16, 11, 7, 10, 12, 4, 2, 13, 1, 15, 9, 5, 14])
7229
Vecsmall([15, 9, 14, 10, 12, 13, 16, 11, 1, 5, 7, 4, 3, 6, 2, 8])
7237
Vecsmall([11, 16, 4, 6, 3, 5, 9, 15, 8, 13, 2, 14, 12, 10, 7, 1])
7243
Vecsmall([12, 10, 1, 9, 15, 2, 6, 3, 14, 7, 5, 8, 11, 16, 13, 4])
7247
Vecsmall([13, 14, 16, 7, 8, 11, 4, 5, 12, 15, 6, 9, 1, 2, 10, 3])
7253
Vecsmall([9, 15, 13, 12, 10, 14, 11, 16, 2, 4, 8, 5, 6, 3, 1, 7])
7283
Vecsmall([10, 12, 2, 15, 9, 1, 3, 6, 13, 8, 4, 7, 16, 11, 14, 5])
7297
Vecsmall([7, 8, 10, 13, 14, 12, 1, 2, 11, 3, 9, 6, 4, 5, 16, 15])
7307
Vecsmall([6, 3, 7, 11, 16, 8, 12, 10, 5, 1, 14, 2, 9, 15, 4, 13])
7309
Vecsmall([15, 9, 14, 10, 12, 13, 16, 11, 1, 5, 7, 4, 3, 6, 2, 8])
7321
Vecsmall([2, 1, 6, 5, 4, 3, 8, 7, 15, 12, 16, 10, 14, 13, 9, 11])
7331
Vecsmall([10, 12, 2, 15, 9, 1, 3, 6, 13, 8, 4, 7, 16, 11, 14, 5])
7333
Vecsmall([9, 15, 13, 12, 10, 14, 11, 16, 2, 4, 8, 5, 6, 3, 1, 7])
7349
Vecsmall([9, 15, 13, 12, 10, 14, 11, 16, 2, 4, 8, 5, 6, 3, 1, 7])
7351
Vecsmall([14, 13, 11, 8, 7, 16, 5, 4, 10, 9, 3, 15, 2, 1, 12, 6])
7369
Vecsmall([2, 1, 6, 5, 4, 3, 8, 7, 15, 12, 16, 10, 14, 13, 9, 11])
7393
Vecsmall([1, 2, 3, 4, 5, 6, 7, 8, 9, 10, 11, 12, 13, 14, 15, 16])
7411
Vecsmall([10, 12, 2, 15, 9, 1, 3, 6, 13, 8, 4, 7, 16, 11, 14, 5])
7417
Vecsmall([2, 1, 6, 5, 4, 3, 8, 7, 15, 12, 16, 10, 14, 13, 9, 11])
7433
Vecsmall([2, 1, 6, 5, 4, 3, 8, 7, 15, 12, 16, 10, 14, 13, 9, 11])
7451
Vecsmall([6, 3, 7, 11, 16, 8, 12, 10, 5, 1, 14, 2, 9, 15, 4, 13])
7457
Vecsmall([7, 8, 10, 13, 14, 12, 1, 2, 11, 3, 9, 6, 4, 5, 16, 15])
7459
Vecsmall([10, 12, 2, 15, 9, 1, 3, 6, 13, 8, 4, 7, 16, 11, 14, 5])
7477
Vecsmall([9, 15, 13, 12, 10, 14, 11, 16, 2, 4, 8, 5, 6, 3, 1, 7])
7481
Vecsmall([8, 7, 12, 14, 13, 10, 2, 1, 16, 6, 15, 3, 5, 4, 11, 9])
7487
Vecsmall([4, 5, 15, 1, 2, 9, 13, 14, 6, 16, 12, 11, 7, 8, 3, 10])
7489
Vecsmall([1, 2, 3, 4, 5, 6, 7, 8, 9, 10, 11, 12, 13, 14, 15, 16])
7499
Vecsmall([12, 10, 1, 9, 15, 2, 6, 3, 14, 7, 5, 8, 11, 16, 13, 4])
7507
Vecsmall([3, 6, 8, 16, 11, 7, 10, 12, 4, 2, 13, 1, 15, 9, 5, 14])
7517
Vecsmall([16, 11, 5, 3, 6, 4, 15, 9, 7, 14, 1, 13, 10, 12, 8, 2])
7523
Vecsmall([10, 12, 2, 15, 9, 1, 3, 6, 13, 8, 4, 7, 16, 11, 14, 5])
7529
Vecsmall([8, 7, 12, 14, 13, 10, 2, 1, 16, 6, 15, 3, 5, 4, 11, 9])
7537
Vecsmall([7, 8, 10, 13, 14, 12, 1, 2, 11, 3, 9, 6, 4, 5, 16, 15])
7541
Vecsmall([9, 15, 13, 12, 10, 14, 11, 16, 2, 4, 8, 5, 6, 3, 1, 7])
7547
Vecsmall([12, 10, 1, 9, 15, 2, 6, 3, 14, 7, 5, 8, 11, 16, 13, 4])
7549
Vecsmall([16, 11, 5, 3, 6, 4, 15, 9, 7, 14, 1, 13, 10, 12, 8, 2])
7559
Vecsmall([14, 13, 11, 8, 7, 16, 5, 4, 10, 9, 3, 15, 2, 1, 12, 6])
7561
Vecsmall([2, 1, 6, 5, 4, 3, 8, 7, 15, 12, 16, 10, 14, 13, 9, 11])
7573
Vecsmall([11, 16, 4, 6, 3, 5, 9, 15, 8, 13, 2, 14, 12, 10, 7, 1])
7577
Vecsmall([8, 7, 12, 14, 13, 10, 2, 1, 16, 6, 15, 3, 5, 4, 11, 9])
7583
Vecsmall([4, 5, 15, 1, 2, 9, 13, 14, 6, 16, 12, 11, 7, 8, 3, 10])
7589
Vecsmall([9, 15, 13, 12, 10, 14, 11, 16, 2, 4, 8, 5, 6, 3, 1, 7])
7591
Vecsmall([5, 4, 9, 2, 1, 15, 14, 13, 3, 11, 10, 16, 8, 7, 6, 12])
7603
Vecsmall([10, 12, 2, 15, 9, 1, 3, 6, 13, 8, 4, 7, 16, 11, 14, 5])
7607
Vecsmall([14, 13, 11, 8, 7, 16, 5, 4, 10, 9, 3, 15, 2, 1, 12, 6])
7621
Vecsmall([11, 16, 4, 6, 3, 5, 9, 15, 8, 13, 2, 14, 12, 10, 7, 1])
7639
Vecsmall([14, 13, 11, 8, 7, 16, 5, 4, 10, 9, 3, 15, 2, 1, 12, 6])
7643
Vecsmall([12, 10, 1, 9, 15, 2, 6, 3, 14, 7, 5, 8, 11, 16, 13, 4])
7649
Vecsmall([7, 8, 10, 13, 14, 12, 1, 2, 11, 3, 9, 6, 4, 5, 16, 15])
7669
Vecsmall([9, 15, 13, 12, 10, 14, 11, 16, 2, 4, 8, 5, 6, 3, 1, 7])
7673
Vecsmall([2, 1, 6, 5, 4, 3, 8, 7, 15, 12, 16, 10, 14, 13, 9, 11])
7681
Vecsmall([7, 8, 10, 13, 14, 12, 1, 2, 11, 3, 9, 6, 4, 5, 16, 15])
7687
Vecsmall([5, 4, 9, 2, 1, 15, 14, 13, 3, 11, 10, 16, 8, 7, 6, 12])
7691
Vecsmall([6, 3, 7, 11, 16, 8, 12, 10, 5, 1, 14, 2, 9, 15, 4, 13])
7699
Vecsmall([10, 12, 2, 15, 9, 1, 3, 6, 13, 8, 4, 7, 16, 11, 14, 5])
7703
Vecsmall([5, 4, 9, 2, 1, 15, 14, 13, 3, 11, 10, 16, 8, 7, 6, 12])
7717
Vecsmall([11, 16, 4, 6, 3, 5, 9, 15, 8, 13, 2, 14, 12, 10, 7, 1])
7723
Vecsmall([6, 3, 7, 11, 16, 8, 12, 10, 5, 1, 14, 2, 9, 15, 4, 13])
7727
Vecsmall([4, 5, 15, 1, 2, 9, 13, 14, 6, 16, 12, 11, 7, 8, 3, 10])
7741
Vecsmall([16, 11, 5, 3, 6, 4, 15, 9, 7, 14, 1, 13, 10, 12, 8, 2])
7753
Vecsmall([8, 7, 12, 14, 13, 10, 2, 1, 16, 6, 15, 3, 5, 4, 11, 9])
7757
Vecsmall([16, 11, 5, 3, 6, 4, 15, 9, 7, 14, 1, 13, 10, 12, 8, 2])
7759
Vecsmall([13, 14, 16, 7, 8, 11, 4, 5, 12, 15, 6, 9, 1, 2, 10, 3])
7789
Vecsmall([15, 9, 14, 10, 12, 13, 16, 11, 1, 5, 7, 4, 3, 6, 2, 8])
7793
Vecsmall([1, 2, 3, 4, 5, 6, 7, 8, 9, 10, 11, 12, 13, 14, 15, 16])
7817
Vecsmall([8, 7, 12, 14, 13, 10, 2, 1, 16, 6, 15, 3, 5, 4, 11, 9])
7823
Vecsmall([4, 5, 15, 1, 2, 9, 13, 14, 6, 16, 12, 11, 7, 8, 3, 10])
7829
Vecsmall([9, 15, 13, 12, 10, 14, 11, 16, 2, 4, 8, 5, 6, 3, 1, 7])
7841
Vecsmall([1, 2, 3, 4, 5, 6, 7, 8, 9, 10, 11, 12, 13, 14, 15, 16])
7853
Vecsmall([15, 9, 14, 10, 12, 13, 16, 11, 1, 5, 7, 4, 3, 6, 2, 8])
7867
Vecsmall([12, 10, 1, 9, 15, 2, 6, 3, 14, 7, 5, 8, 11, 16, 13, 4])
7873
Vecsmall([7, 8, 10, 13, 14, 12, 1, 2, 11, 3, 9, 6, 4, 5, 16, 15])
7877
Vecsmall([9, 15, 13, 12, 10, 14, 11, 16, 2, 4, 8, 5, 6, 3, 1, 7])
7879
Vecsmall([14, 13, 11, 8, 7, 16, 5, 4, 10, 9, 3, 15, 2, 1, 12, 6])
7883
Vecsmall([12, 10, 1, 9, 15, 2, 6, 3, 14, 7, 5, 8, 11, 16, 13, 4])
7901
Vecsmall([15, 9, 14, 10, 12, 13, 16, 11, 1, 5, 7, 4, 3, 6, 2, 8])
7907
Vecsmall([3, 6, 8, 16, 11, 7, 10, 12, 4, 2, 13, 1, 15, 9, 5, 14])
7919
Vecsmall([4, 5, 15, 1, 2, 9, 13, 14, 6, 16, 12, 11, 7, 8, 3, 10])
7927
Vecsmall([14, 13, 11, 8, 7, 16, 5, 4, 10, 9, 3, 15, 2, 1, 12, 6])
7933
Vecsmall([16, 11, 5, 3, 6, 4, 15, 9, 7, 14, 1, 13, 10, 12, 8, 2])
7937
Vecsmall([7, 8, 10, 13, 14, 12, 1, 2, 11, 3, 9, 6, 4, 5, 16, 15])
7949
Vecsmall([15, 9, 14, 10, 12, 13, 16, 11, 1, 5, 7, 4, 3, 6, 2, 8])
7951
Vecsmall([4, 5, 15, 1, 2, 9, 13, 14, 6, 16, 12, 11, 7, 8, 3, 10])
7963
Vecsmall([12, 10, 1, 9, 15, 2, 6, 3, 14, 7, 5, 8, 11, 16, 13, 4])
7993
Vecsmall([8, 7, 12, 14, 13, 10, 2, 1, 16, 6, 15, 3, 5, 4, 11, 9])
8009
Vecsmall([2, 1, 6, 5, 4, 3, 8, 7, 15, 12, 16, 10, 14, 13, 9, 11])
8011
Vecsmall([12, 10, 1, 9, 15, 2, 6, 3, 14, 7, 5, 8, 11, 16, 13, 4])
8017
Vecsmall([7, 8, 10, 13, 14, 12, 1, 2, 11, 3, 9, 6, 4, 5, 16, 15])
8039
Vecsmall([5, 4, 9, 2, 1, 15, 14, 13, 3, 11, 10, 16, 8, 7, 6, 12])
8053
Vecsmall([9, 15, 13, 12, 10, 14, 11, 16, 2, 4, 8, 5, 6, 3, 1, 7])
8059
Vecsmall([6, 3, 7, 11, 16, 8, 12, 10, 5, 1, 14, 2, 9, 15, 4, 13])
8069
Vecsmall([9, 15, 13, 12, 10, 14, 11, 16, 2, 4, 8, 5, 6, 3, 1, 7])
8081
Vecsmall([1, 2, 3, 4, 5, 6, 7, 8, 9, 10, 11, 12, 13, 14, 15, 16])
8087
Vecsmall([14, 13, 11, 8, 7, 16, 5, 4, 10, 9, 3, 15, 2, 1, 12, 6])
8089
Vecsmall([2, 1, 6, 5, 4, 3, 8, 7, 15, 12, 16, 10, 14, 13, 9, 11])
8093
Vecsmall([15, 9, 14, 10, 12, 13, 16, 11, 1, 5, 7, 4, 3, 6, 2, 8])
8101
Vecsmall([9, 15, 13, 12, 10, 14, 11, 16, 2, 4, 8, 5, 6, 3, 1, 7])
8111
Vecsmall([4, 5, 15, 1, 2, 9, 13, 14, 6, 16, 12, 11, 7, 8, 3, 10])
8117
Vecsmall([11, 16, 4, 6, 3, 5, 9, 15, 8, 13, 2, 14, 12, 10, 7, 1])
8123
Vecsmall([12, 10, 1, 9, 15, 2, 6, 3, 14, 7, 5, 8, 11, 16, 13, 4])
8147
Vecsmall([3, 6, 8, 16, 11, 7, 10, 12, 4, 2, 13, 1, 15, 9, 5, 14])
8161
Vecsmall([1, 2, 3, 4, 5, 6, 7, 8, 9, 10, 11, 12, 13, 14, 15, 16])
8167
Vecsmall([5, 4, 9, 2, 1, 15, 14, 13, 3, 11, 10, 16, 8, 7, 6, 12])
8171
Vecsmall([12, 10, 1, 9, 15, 2, 6, 3, 14, 7, 5, 8, 11, 16, 13, 4])
8179
Vecsmall([10, 12, 2, 15, 9, 1, 3, 6, 13, 8, 4, 7, 16, 11, 14, 5])
8191
Vecsmall([13, 14, 16, 7, 8, 11, 4, 5, 12, 15, 6, 9, 1, 2, 10, 3])
8209
Vecsmall([1, 2, 3, 4, 5, 6, 7, 8, 9, 10, 11, 12, 13, 14, 15, 16])
8219
Vecsmall([12, 10, 1, 9, 15, 2, 6, 3, 14, 7, 5, 8, 11, 16, 13, 4])
8221
Vecsmall([15, 9, 14, 10, 12, 13, 16, 11, 1, 5, 7, 4, 3, 6, 2, 8])
8231
Vecsmall([5, 4, 9, 2, 1, 15, 14, 13, 3, 11, 10, 16, 8, 7, 6, 12])
8233
Vecsmall([8, 7, 12, 14, 13, 10, 2, 1, 16, 6, 15, 3, 5, 4, 11, 9])
8237
Vecsmall([15, 9, 14, 10, 12, 13, 16, 11, 1, 5, 7, 4, 3, 6, 2, 8])
8243
Vecsmall([3, 6, 8, 16, 11, 7, 10, 12, 4, 2, 13, 1, 15, 9, 5, 14])
8263
Vecsmall([5, 4, 9, 2, 1, 15, 14, 13, 3, 11, 10, 16, 8, 7, 6, 12])
8269
Vecsmall([15, 9, 14, 10, 12, 13, 16, 11, 1, 5, 7, 4, 3, 6, 2, 8])
8273
Vecsmall([1, 2, 3, 4, 5, 6, 7, 8, 9, 10, 11, 12, 13, 14, 15, 16])
8287
Vecsmall([13, 14, 16, 7, 8, 11, 4, 5, 12, 15, 6, 9, 1, 2, 10, 3])
8291
Vecsmall([3, 6, 8, 16, 11, 7, 10, 12, 4, 2, 13, 1, 15, 9, 5, 14])
8293
Vecsmall([11, 16, 4, 6, 3, 5, 9, 15, 8, 13, 2, 14, 12, 10, 7, 1])
8297
Vecsmall([2, 1, 6, 5, 4, 3, 8, 7, 15, 12, 16, 10, 14, 13, 9, 11])
8311
Vecsmall([14, 13, 11, 8, 7, 16, 5, 4, 10, 9, 3, 15, 2, 1, 12, 6])
8317
Vecsmall([16, 11, 5, 3, 6, 4, 15, 9, 7, 14, 1, 13, 10, 12, 8, 2])
8329
Vecsmall([2, 1, 6, 5, 4, 3, 8, 7, 15, 12, 16, 10, 14, 13, 9, 11])
8353
Vecsmall([7, 8, 10, 13, 14, 12, 1, 2, 11, 3, 9, 6, 4, 5, 16, 15])
8363
Vecsmall([6, 3, 7, 11, 16, 8, 12, 10, 5, 1, 14, 2, 9, 15, 4, 13])
8369
Vecsmall([1, 2, 3, 4, 5, 6, 7, 8, 9, 10, 11, 12, 13, 14, 15, 16])
8377
Vecsmall([2, 1, 6, 5, 4, 3, 8, 7, 15, 12, 16, 10, 14, 13, 9, 11])
8387
Vecsmall([3, 6, 8, 16, 11, 7, 10, 12, 4, 2, 13, 1, 15, 9, 5, 14])
8389
Vecsmall([11, 16, 4, 6, 3, 5, 9, 15, 8, 13, 2, 14, 12, 10, 7, 1])
8419
Vecsmall([10, 12, 2, 15, 9, 1, 3, 6, 13, 8, 4, 7, 16, 11, 14, 5])
8423
Vecsmall([5, 4, 9, 2, 1, 15, 14, 13, 3, 11, 10, 16, 8, 7, 6, 12])
8429
Vecsmall([16, 11, 5, 3, 6, 4, 15, 9, 7, 14, 1, 13, 10, 12, 8, 2])
8431
Vecsmall([13, 14, 16, 7, 8, 11, 4, 5, 12, 15, 6, 9, 1, 2, 10, 3])
8443
Vecsmall([12, 10, 1, 9, 15, 2, 6, 3, 14, 7, 5, 8, 11, 16, 13, 4])
8447
Vecsmall([13, 14, 16, 7, 8, 11, 4, 5, 12, 15, 6, 9, 1, 2, 10, 3])
8461
Vecsmall([15, 9, 14, 10, 12, 13, 16, 11, 1, 5, 7, 4, 3, 6, 2, 8])
8467
Vecsmall([10, 12, 2, 15, 9, 1, 3, 6, 13, 8, 4, 7, 16, 11, 14, 5])
8501
Vecsmall([11, 16, 4, 6, 3, 5, 9, 15, 8, 13, 2, 14, 12, 10, 7, 1])
8513
Vecsmall([7, 8, 10, 13, 14, 12, 1, 2, 11, 3, 9, 6, 4, 5, 16, 15])
8521
Vecsmall([2, 1, 6, 5, 4, 3, 8, 7, 15, 12, 16, 10, 14, 13, 9, 11])
8527
Vecsmall([13, 14, 16, 7, 8, 11, 4, 5, 12, 15, 6, 9, 1, 2, 10, 3])
8537
Vecsmall([8, 7, 12, 14, 13, 10, 2, 1, 16, 6, 15, 3, 5, 4, 11, 9])
8539
Vecsmall([12, 10, 1, 9, 15, 2, 6, 3, 14, 7, 5, 8, 11, 16, 13, 4])
8543
Vecsmall([4, 5, 15, 1, 2, 9, 13, 14, 6, 16, 12, 11, 7, 8, 3, 10])
8563
Vecsmall([10, 12, 2, 15, 9, 1, 3, 6, 13, 8, 4, 7, 16, 11, 14, 5])
8573
Vecsmall([16, 11, 5, 3, 6, 4, 15, 9, 7, 14, 1, 13, 10, 12, 8, 2])
8581
Vecsmall([9, 15, 13, 12, 10, 14, 11, 16, 2, 4, 8, 5, 6, 3, 1, 7])
8597
Vecsmall([11, 16, 4, 6, 3, 5, 9, 15, 8, 13, 2, 14, 12, 10, 7, 1])
8599
Vecsmall([14, 13, 11, 8, 7, 16, 5, 4, 10, 9, 3, 15, 2, 1, 12, 6])
8609
Vecsmall([1, 2, 3, 4, 5, 6, 7, 8, 9, 10, 11, 12, 13, 14, 15, 16])
8623
Vecsmall([13, 14, 16, 7, 8, 11, 4, 5, 12, 15, 6, 9, 1, 2, 10, 3])
8627
Vecsmall([10, 12, 2, 15, 9, 1, 3, 6, 13, 8, 4, 7, 16, 11, 14, 5])
8629
Vecsmall([11, 16, 4, 6, 3, 5, 9, 15, 8, 13, 2, 14, 12, 10, 7, 1])
8641
Vecsmall([7, 8, 10, 13, 14, 12, 1, 2, 11, 3, 9, 6, 4, 5, 16, 15])
8647
Vecsmall([5, 4, 9, 2, 1, 15, 14, 13, 3, 11, 10, 16, 8, 7, 6, 12])
8663
Vecsmall([5, 4, 9, 2, 1, 15, 14, 13, 3, 11, 10, 16, 8, 7, 6, 12])
8669
Vecsmall([15, 9, 14, 10, 12, 13, 16, 11, 1, 5, 7, 4, 3, 6, 2, 8])
8677
Vecsmall([11, 16, 4, 6, 3, 5, 9, 15, 8, 13, 2, 14, 12, 10, 7, 1])
8681
Vecsmall([2, 1, 6, 5, 4, 3, 8, 7, 15, 12, 16, 10, 14, 13, 9, 11])
8689
Vecsmall([7, 8, 10, 13, 14, 12, 1, 2, 11, 3, 9, 6, 4, 5, 16, 15])
8693
Vecsmall([9, 15, 13, 12, 10, 14, 11, 16, 2, 4, 8, 5, 6, 3, 1, 7])
8699
Vecsmall([12, 10, 1, 9, 15, 2, 6, 3, 14, 7, 5, 8, 11, 16, 13, 4])
8707
Vecsmall([10, 12, 2, 15, 9, 1, 3, 6, 13, 8, 4, 7, 16, 11, 14, 5])
8713
Vecsmall([8, 7, 12, 14, 13, 10, 2, 1, 16, 6, 15, 3, 5, 4, 11, 9])
8719
Vecsmall([4, 5, 15, 1, 2, 9, 13, 14, 6, 16, 12, 11, 7, 8, 3, 10])
8731
Vecsmall([12, 10, 1, 9, 15, 2, 6, 3, 14, 7, 5, 8, 11, 16, 13, 4])
8737
Vecsmall([7, 8, 10, 13, 14, 12, 1, 2, 11, 3, 9, 6, 4, 5, 16, 15])
8741
Vecsmall([11, 16, 4, 6, 3, 5, 9, 15, 8, 13, 2, 14, 12, 10, 7, 1])
8747
Vecsmall([6, 3, 7, 11, 16, 8, 12, 10, 5, 1, 14, 2, 9, 15, 4, 13])
8753
Vecsmall([7, 8, 10, 13, 14, 12, 1, 2, 11, 3, 9, 6, 4, 5, 16, 15])
8761
Vecsmall([8, 7, 12, 14, 13, 10, 2, 1, 16, 6, 15, 3, 5, 4, 11, 9])
8779
Vecsmall([12, 10, 1, 9, 15, 2, 6, 3, 14, 7, 5, 8, 11, 16, 13, 4])
8783
Vecsmall([4, 5, 15, 1, 2, 9, 13, 14, 6, 16, 12, 11, 7, 8, 3, 10])
8803
Vecsmall([3, 6, 8, 16, 11, 7, 10, 12, 4, 2, 13, 1, 15, 9, 5, 14])
8807
Vecsmall([14, 13, 11, 8, 7, 16, 5, 4, 10, 9, 3, 15, 2, 1, 12, 6])
8819
Vecsmall([10, 12, 2, 15, 9, 1, 3, 6, 13, 8, 4, 7, 16, 11, 14, 5])
8821
Vecsmall([9, 15, 13, 12, 10, 14, 11, 16, 2, 4, 8, 5, 6, 3, 1, 7])
8831
Vecsmall([4, 5, 15, 1, 2, 9, 13, 14, 6, 16, 12, 11, 7, 8, 3, 10])
8837
Vecsmall([11, 16, 4, 6, 3, 5, 9, 15, 8, 13, 2, 14, 12, 10, 7, 1])
8839
Vecsmall([5, 4, 9, 2, 1, 15, 14, 13, 3, 11, 10, 16, 8, 7, 6, 12])
8849
Vecsmall([7, 8, 10, 13, 14, 12, 1, 2, 11, 3, 9, 6, 4, 5, 16, 15])
8861
Vecsmall([15, 9, 14, 10, 12, 13, 16, 11, 1, 5, 7, 4, 3, 6, 2, 8])
8863
Vecsmall([4, 5, 15, 1, 2, 9, 13, 14, 6, 16, 12, 11, 7, 8, 3, 10])
8867
Vecsmall([3, 6, 8, 16, 11, 7, 10, 12, 4, 2, 13, 1, 15, 9, 5, 14])
8887
Vecsmall([14, 13, 11, 8, 7, 16, 5, 4, 10, 9, 3, 15, 2, 1, 12, 6])
8893
Vecsmall([15, 9, 14, 10, 12, 13, 16, 11, 1, 5, 7, 4, 3, 6, 2, 8])
8923
Vecsmall([6, 3, 7, 11, 16, 8, 12, 10, 5, 1, 14, 2, 9, 15, 4, 13])
8929
Vecsmall([7, 8, 10, 13, 14, 12, 1, 2, 11, 3, 9, 6, 4, 5, 16, 15])
8933
Vecsmall([9, 15, 13, 12, 10, 14, 11, 16, 2, 4, 8, 5, 6, 3, 1, 7])
8941
Vecsmall([16, 11, 5, 3, 6, 4, 15, 9, 7, 14, 1, 13, 10, 12, 8, 2])
8951
Vecsmall([5, 4, 9, 2, 1, 15, 14, 13, 3, 11, 10, 16, 8, 7, 6, 12])
8963
Vecsmall([3, 6, 8, 16, 11, 7, 10, 12, 4, 2, 13, 1, 15, 9, 5, 14])
8969
Vecsmall([8, 7, 12, 14, 13, 10, 2, 1, 16, 6, 15, 3, 5, 4, 11, 9])
8971
Vecsmall([6, 3, 7, 11, 16, 8, 12, 10, 5, 1, 14, 2, 9, 15, 4, 13])
8999
Vecsmall([5, 4, 9, 2, 1, 15, 14, 13, 3, 11, 10, 16, 8, 7, 6, 12])
9001
Vecsmall([8, 7, 12, 14, 13, 10, 2, 1, 16, 6, 15, 3, 5, 4, 11, 9])
9007
Vecsmall([4, 5, 15, 1, 2, 9, 13, 14, 6, 16, 12, 11, 7, 8, 3, 10])
9011
Vecsmall([10, 12, 2, 15, 9, 1, 3, 6, 13, 8, 4, 7, 16, 11, 14, 5])
9013
Vecsmall([9, 15, 13, 12, 10, 14, 11, 16, 2, 4, 8, 5, 6, 3, 1, 7])
9029
Vecsmall([9, 15, 13, 12, 10, 14, 11, 16, 2, 4, 8, 5, 6, 3, 1, 7])
9041
Vecsmall([7, 8, 10, 13, 14, 12, 1, 2, 11, 3, 9, 6, 4, 5, 16, 15])
9043
Vecsmall([3, 6, 8, 16, 11, 7, 10, 12, 4, 2, 13, 1, 15, 9, 5, 14])
9049
Vecsmall([2, 1, 6, 5, 4, 3, 8, 7, 15, 12, 16, 10, 14, 13, 9, 11])
9059
Vecsmall([10, 12, 2, 15, 9, 1, 3, 6, 13, 8, 4, 7, 16, 11, 14, 5])
9067
Vecsmall([6, 3, 7, 11, 16, 8, 12, 10, 5, 1, 14, 2, 9, 15, 4, 13])
9091
Vecsmall([10, 12, 2, 15, 9, 1, 3, 6, 13, 8, 4, 7, 16, 11, 14, 5])
9103
Vecsmall([13, 14, 16, 7, 8, 11, 4, 5, 12, 15, 6, 9, 1, 2, 10, 3])
9109
Vecsmall([11, 16, 4, 6, 3, 5, 9, 15, 8, 13, 2, 14, 12, 10, 7, 1])
9127
Vecsmall([5, 4, 9, 2, 1, 15, 14, 13, 3, 11, 10, 16, 8, 7, 6, 12])
9133
Vecsmall([15, 9, 14, 10, 12, 13, 16, 11, 1, 5, 7, 4, 3, 6, 2, 8])
9137
Vecsmall([1, 2, 3, 4, 5, 6, 7, 8, 9, 10, 11, 12, 13, 14, 15, 16])
9151
Vecsmall([13, 14, 16, 7, 8, 11, 4, 5, 12, 15, 6, 9, 1, 2, 10, 3])
9157
Vecsmall([9, 15, 13, 12, 10, 14, 11, 16, 2, 4, 8, 5, 6, 3, 1, 7])
9161
Vecsmall([2, 1, 6, 5, 4, 3, 8, 7, 15, 12, 16, 10, 14, 13, 9, 11])
9173
Vecsmall([9, 15, 13, 12, 10, 14, 11, 16, 2, 4, 8, 5, 6, 3, 1, 7])
9181
Vecsmall([15, 9, 14, 10, 12, 13, 16, 11, 1, 5, 7, 4, 3, 6, 2, 8])
9187
Vecsmall([3, 6, 8, 16, 11, 7, 10, 12, 4, 2, 13, 1, 15, 9, 5, 14])
9199
Vecsmall([13, 14, 16, 7, 8, 11, 4, 5, 12, 15, 6, 9, 1, 2, 10, 3])
9203
Vecsmall([10, 12, 2, 15, 9, 1, 3, 6, 13, 8, 4, 7, 16, 11, 14, 5])
9209
Vecsmall([8, 7, 12, 14, 13, 10, 2, 1, 16, 6, 15, 3, 5, 4, 11, 9])
9221
Vecsmall([9, 15, 13, 12, 10, 14, 11, 16, 2, 4, 8, 5, 6, 3, 1, 7])
9227
Vecsmall([6, 3, 7, 11, 16, 8, 12, 10, 5, 1, 14, 2, 9, 15, 4, 13])
9239
Vecsmall([14, 13, 11, 8, 7, 16, 5, 4, 10, 9, 3, 15, 2, 1, 12, 6])
9241
Vecsmall([8, 7, 12, 14, 13, 10, 2, 1, 16, 6, 15, 3, 5, 4, 11, 9])
9257
Vecsmall([2, 1, 6, 5, 4, 3, 8, 7, 15, 12, 16, 10, 14, 13, 9, 11])
9277
Vecsmall([16, 11, 5, 3, 6, 4, 15, 9, 7, 14, 1, 13, 10, 12, 8, 2])
9281
Vecsmall([1, 2, 3, 4, 5, 6, 7, 8, 9, 10, 11, 12, 13, 14, 15, 16])
9283
Vecsmall([3, 6, 8, 16, 11, 7, 10, 12, 4, 2, 13, 1, 15, 9, 5, 14])
9293
Vecsmall([15, 9, 14, 10, 12, 13, 16, 11, 1, 5, 7, 4, 3, 6, 2, 8])
9311
Vecsmall([13, 14, 16, 7, 8, 11, 4, 5, 12, 15, 6, 9, 1, 2, 10, 3])
9319
Vecsmall([5, 4, 9, 2, 1, 15, 14, 13, 3, 11, 10, 16, 8, 7, 6, 12])
9323
Vecsmall([12, 10, 1, 9, 15, 2, 6, 3, 14, 7, 5, 8, 11, 16, 13, 4])
9337
Vecsmall([8, 7, 12, 14, 13, 10, 2, 1, 16, 6, 15, 3, 5, 4, 11, 9])
9341
Vecsmall([15, 9, 14, 10, 12, 13, 16, 11, 1, 5, 7, 4, 3, 6, 2, 8])
9343
Vecsmall([13, 14, 16, 7, 8, 11, 4, 5, 12, 15, 6, 9, 1, 2, 10, 3])
9349
Vecsmall([9, 15, 13, 12, 10, 14, 11, 16, 2, 4, 8, 5, 6, 3, 1, 7])
9371
Vecsmall([12, 10, 1, 9, 15, 2, 6, 3, 14, 7, 5, 8, 11, 16, 13, 4])
9377
Vecsmall([1, 2, 3, 4, 5, 6, 7, 8, 9, 10, 11, 12, 13, 14, 15, 16])
9391
Vecsmall([4, 5, 15, 1, 2, 9, 13, 14, 6, 16, 12, 11, 7, 8, 3, 10])
9397
Vecsmall([9, 15, 13, 12, 10, 14, 11, 16, 2, 4, 8, 5, 6, 3, 1, 7])
9403
Vecsmall([12, 10, 1, 9, 15, 2, 6, 3, 14, 7, 5, 8, 11, 16, 13, 4])
9413
Vecsmall([9, 15, 13, 12, 10, 14, 11, 16, 2, 4, 8, 5, 6, 3, 1, 7])
9419
Vecsmall([12, 10, 1, 9, 15, 2, 6, 3, 14, 7, 5, 8, 11, 16, 13, 4])
9421
Vecsmall([16, 11, 5, 3, 6, 4, 15, 9, 7, 14, 1, 13, 10, 12, 8, 2])
9431
Vecsmall([5, 4, 9, 2, 1, 15, 14, 13, 3, 11, 10, 16, 8, 7, 6, 12])
9433
Vecsmall([2, 1, 6, 5, 4, 3, 8, 7, 15, 12, 16, 10, 14, 13, 9, 11])
9437
Vecsmall([15, 9, 14, 10, 12, 13, 16, 11, 1, 5, 7, 4, 3, 6, 2, 8])
9439
Vecsmall([13, 14, 16, 7, 8, 11, 4, 5, 12, 15, 6, 9, 1, 2, 10, 3])
9461
Vecsmall([9, 15, 13, 12, 10, 14, 11, 16, 2, 4, 8, 5, 6, 3, 1, 7])
9463
Vecsmall([5, 4, 9, 2, 1, 15, 14, 13, 3, 11, 10, 16, 8, 7, 6, 12])
9467
Vecsmall([12, 10, 1, 9, 15, 2, 6, 3, 14, 7, 5, 8, 11, 16, 13, 4])
9473
Vecsmall([1, 2, 3, 4, 5, 6, 7, 8, 9, 10, 11, 12, 13, 14, 15, 16])
9479
Vecsmall([5, 4, 9, 2, 1, 15, 14, 13, 3, 11, 10, 16, 8, 7, 6, 12])
9491
Vecsmall([3, 6, 8, 16, 11, 7, 10, 12, 4, 2, 13, 1, 15, 9, 5, 14])
9497
Vecsmall([2, 1, 6, 5, 4, 3, 8, 7, 15, 12, 16, 10, 14, 13, 9, 11])
9511
Vecsmall([14, 13, 11, 8, 7, 16, 5, 4, 10, 9, 3, 15, 2, 1, 12, 6])
9521
Vecsmall([1, 2, 3, 4, 5, 6, 7, 8, 9, 10, 11, 12, 13, 14, 15, 16])
9533
Vecsmall([15, 9, 14, 10, 12, 13, 16, 11, 1, 5, 7, 4, 3, 6, 2, 8])
9539
Vecsmall([3, 6, 8, 16, 11, 7, 10, 12, 4, 2, 13, 1, 15, 9, 5, 14])
9547
Vecsmall([12, 10, 1, 9, 15, 2, 6, 3, 14, 7, 5, 8, 11, 16, 13, 4])
9551
Vecsmall([4, 5, 15, 1, 2, 9, 13, 14, 6, 16, 12, 11, 7, 8, 3, 10])
9587
Vecsmall([10, 12, 2, 15, 9, 1, 3, 6, 13, 8, 4, 7, 16, 11, 14, 5])
9601
Vecsmall([1, 2, 3, 4, 5, 6, 7, 8, 9, 10, 11, 12, 13, 14, 15, 16])
9613
Vecsmall([15, 9, 14, 10, 12, 13, 16, 11, 1, 5, 7, 4, 3, 6, 2, 8])
9619
Vecsmall([10, 12, 2, 15, 9, 1, 3, 6, 13, 8, 4, 7, 16, 11, 14, 5])
9623
Vecsmall([5, 4, 9, 2, 1, 15, 14, 13, 3, 11, 10, 16, 8, 7, 6, 12])
9629
Vecsmall([15, 9, 14, 10, 12, 13, 16, 11, 1, 5, 7, 4, 3, 6, 2, 8])
9631
Vecsmall([13, 14, 16, 7, 8, 11, 4, 5, 12, 15, 6, 9, 1, 2, 10, 3])
9643
Vecsmall([6, 3, 7, 11, 16, 8, 12, 10, 5, 1, 14, 2, 9, 15, 4, 13])
9649
Vecsmall([1, 2, 3, 4, 5, 6, 7, 8, 9, 10, 11, 12, 13, 14, 15, 16])
9661
Vecsmall([16, 11, 5, 3, 6, 4, 15, 9, 7, 14, 1, 13, 10, 12, 8, 2])
9677
Vecsmall([15, 9, 14, 10, 12, 13, 16, 11, 1, 5, 7, 4, 3, 6, 2, 8])
9679
Vecsmall([13, 14, 16, 7, 8, 11, 4, 5, 12, 15, 6, 9, 1, 2, 10, 3])
9689
Vecsmall([2, 1, 6, 5, 4, 3, 8, 7, 15, 12, 16, 10, 14, 13, 9, 11])
9697
Vecsmall([1, 2, 3, 4, 5, 6, 7, 8, 9, 10, 11, 12, 13, 14, 15, 16])
9719
Vecsmall([5, 4, 9, 2, 1, 15, 14, 13, 3, 11, 10, 16, 8, 7, 6, 12])
9721
Vecsmall([8, 7, 12, 14, 13, 10, 2, 1, 16, 6, 15, 3, 5, 4, 11, 9])
9733
Vecsmall([11, 16, 4, 6, 3, 5, 9, 15, 8, 13, 2, 14, 12, 10, 7, 1])
9739
Vecsmall([12, 10, 1, 9, 15, 2, 6, 3, 14, 7, 5, 8, 11, 16, 13, 4])
9743
Vecsmall([13, 14, 16, 7, 8, 11, 4, 5, 12, 15, 6, 9, 1, 2, 10, 3])
9749
Vecsmall([11, 16, 4, 6, 3, 5, 9, 15, 8, 13, 2, 14, 12, 10, 7, 1])
9767
Vecsmall([5, 4, 9, 2, 1, 15, 14, 13, 3, 11, 10, 16, 8, 7, 6, 12])
9769
Vecsmall([8, 7, 12, 14, 13, 10, 2, 1, 16, 6, 15, 3, 5, 4, 11, 9])
9781
Vecsmall([11, 16, 4, 6, 3, 5, 9, 15, 8, 13, 2, 14, 12, 10, 7, 1])
9787
Vecsmall([6, 3, 7, 11, 16, 8, 12, 10, 5, 1, 14, 2, 9, 15, 4, 13])
9791
Vecsmall([4, 5, 15, 1, 2, 9, 13, 14, 6, 16, 12, 11, 7, 8, 3, 10])
9803
Vecsmall([6, 3, 7, 11, 16, 8, 12, 10, 5, 1, 14, 2, 9, 15, 4, 13])
9811
Vecsmall([3, 6, 8, 16, 11, 7, 10, 12, 4, 2, 13, 1, 15, 9, 5, 14])
9817
Vecsmall([2, 1, 6, 5, 4, 3, 8, 7, 15, 12, 16, 10, 14, 13, 9, 11])
9829
Vecsmall([9, 15, 13, 12, 10, 14, 11, 16, 2, 4, 8, 5, 6, 3, 1, 7])
9833
Vecsmall([2, 1, 6, 5, 4, 3, 8, 7, 15, 12, 16, 10, 14, 13, 9, 11])
9839
Vecsmall([4, 5, 15, 1, 2, 9, 13, 14, 6, 16, 12, 11, 7, 8, 3, 10])
9851
Vecsmall([6, 3, 7, 11, 16, 8, 12, 10, 5, 1, 14, 2, 9, 15, 4, 13])
9857
Vecsmall([7, 8, 10, 13, 14, 12, 1, 2, 11, 3, 9, 6, 4, 5, 16, 15])
9859
Vecsmall([10, 12, 2, 15, 9, 1, 3, 6, 13, 8, 4, 7, 16, 11, 14, 5])
9871
Vecsmall([4, 5, 15, 1, 2, 9, 13, 14, 6, 16, 12, 11, 7, 8, 3, 10])
9883
Vecsmall([6, 3, 7, 11, 16, 8, 12, 10, 5, 1, 14, 2, 9, 15, 4, 13])
9887
Vecsmall([13, 14, 16, 7, 8, 11, 4, 5, 12, 15, 6, 9, 1, 2, 10, 3])
9901
Vecsmall([15, 9, 14, 10, 12, 13, 16, 11, 1, 5, 7, 4, 3, 6, 2, 8])
9907
Vecsmall([10, 12, 2, 15, 9, 1, 3, 6, 13, 8, 4, 7, 16, 11, 14, 5])
9923
Vecsmall([3, 6, 8, 16, 11, 7, 10, 12, 4, 2, 13, 1, 15, 9, 5, 14])
9929
Vecsmall([2, 1, 6, 5, 4, 3, 8, 7, 15, 12, 16, 10, 14, 13, 9, 11])
9931
Vecsmall([12, 10, 1, 9, 15, 2, 6, 3, 14, 7, 5, 8, 11, 16, 13, 4])
9941
Vecsmall([11, 16, 4, 6, 3, 5, 9, 15, 8, 13, 2, 14, 12, 10, 7, 1])
9949
Vecsmall([16, 11, 5, 3, 6, 4, 15, 9, 7, 14, 1, 13, 10, 12, 8, 2])
9967
Vecsmall([13, 14, 16, 7, 8, 11, 4, 5, 12, 15, 6, 9, 1, 2, 10, 3])
9973
Vecsmall([9, 15, 13, 12, 10, 14, 11, 16, 2, 4, 8, 5, 6, 3, 1, 7])
