Galois conjug classes
[[Vecsmall([1, 2, 3, 4, 5, 6, 7, 8, 9, 10, 11, 12, 13, 14, 15, 16])], [Vecsmall([3, 14, 8, 15, 7, 5, 11, 2, 16, 12, 9, 13, 1, 10, 6, 4]), Vecsmall([2, 12, 14, 5, 9, 11, 16, 10, 15, 1, 4, 3, 8, 13, 7, 6])], [Vecsmall([9, 16, 15, 12, 13, 14, 8, 7, 1, 11, 10, 4, 5, 6, 3, 2]), Vecsmall([7, 11, 16, 14, 10, 8, 1, 6, 12, 5, 2, 9, 15, 4, 13, 3]), Vecsmall([6, 5, 11, 8, 2, 1, 12, 4, 14, 15, 3, 7, 16, 9, 10, 13]), Vecsmall([4, 15, 5, 1, 3, 12, 14, 9, 8, 16, 13, 6, 11, 7, 2, 10])], [Vecsmall([16, 4, 6, 13, 1, 10, 2, 11, 3, 9, 12, 15, 7, 5, 8, 14]), Vecsmall([15, 6, 7, 3, 8, 13, 10, 16, 2, 4, 1, 5, 9, 11, 14, 12]), Vecsmall([11, 9, 4, 10, 12, 2, 3, 5, 13, 7, 14, 16, 6, 15, 1, 8]), Vecsmall([5, 7, 9, 2, 14, 3, 13, 15, 10, 6, 8, 11, 4, 16, 12, 1])], [Vecsmall([12, 3, 13, 9, 15, 4, 6, 1, 7, 2, 5, 14, 10, 8, 16, 11]), Vecsmall([8, 10, 2, 6, 11, 7, 9, 14, 4, 13, 16, 1, 3, 12, 5, 15])], [Vecsmall([13, 8, 1, 16, 6, 15, 5, 3, 11, 14, 7, 10, 12, 2, 4, 9]), Vecsmall([10, 1, 12, 11, 4, 16, 15, 13, 5, 8, 6, 2, 14, 3, 9, 7])], [Vecsmall([14, 13, 10, 7, 16, 9, 4, 12, 6, 3, 15, 8, 2, 1, 11, 5])]]


3
Vecsmall([2, 12, 14, 5, 9, 11, 16, 10, 15, 1, 4, 3, 8, 13, 7, 6])
5
Vecsmall([15, 6, 7, 3, 8, 13, 10, 16, 2, 4, 1, 5, 9, 11, 14, 12])
7
Vecsmall([9, 16, 15, 12, 13, 14, 8, 7, 1, 11, 10, 4, 5, 6, 3, 2])
11
Vecsmall([3, 14, 8, 15, 7, 5, 11, 2, 16, 12, 9, 13, 1, 10, 6, 4])
13
Vecsmall([5, 7, 9, 2, 14, 3, 13, 15, 10, 6, 8, 11, 4, 16, 12, 1])
17
Vecsmall([8, 10, 2, 6, 11, 7, 9, 14, 4, 13, 16, 1, 3, 12, 5, 15])
19
Vecsmall([13, 8, 1, 16, 6, 15, 5, 3, 11, 14, 7, 10, 12, 2, 4, 9])
23
Vecsmall([7, 11, 16, 14, 10, 8, 1, 6, 12, 5, 2, 9, 15, 4, 13, 3])
29
Vecsmall([15, 6, 7, 3, 8, 13, 10, 16, 2, 4, 1, 5, 9, 11, 14, 12])
31
Vecsmall([6, 5, 11, 8, 2, 1, 12, 4, 14, 15, 3, 7, 16, 9, 10, 13])
37
Vecsmall([15, 6, 7, 3, 8, 13, 10, 16, 2, 4, 1, 5, 9, 11, 14, 12])
41
Vecsmall([1, 2, 3, 4, 5, 6, 7, 8, 9, 10, 11, 12, 13, 14, 15, 16])
43
Vecsmall([10, 1, 12, 11, 4, 16, 15, 13, 5, 8, 6, 2, 14, 3, 9, 7])
47
Vecsmall([9, 16, 15, 12, 13, 14, 8, 7, 1, 11, 10, 4, 5, 6, 3, 2])
53
Vecsmall([15, 6, 7, 3, 8, 13, 10, 16, 2, 4, 1, 5, 9, 11, 14, 12])
59
Vecsmall([10, 1, 12, 11, 4, 16, 15, 13, 5, 8, 6, 2, 14, 3, 9, 7])
61
Vecsmall([11, 9, 4, 10, 12, 2, 3, 5, 13, 7, 14, 16, 6, 15, 1, 8])
67
Vecsmall([10, 1, 12, 11, 4, 16, 15, 13, 5, 8, 6, 2, 14, 3, 9, 7])
71
Vecsmall([9, 16, 15, 12, 13, 14, 8, 7, 1, 11, 10, 4, 5, 6, 3, 2])
73
Vecsmall([8, 10, 2, 6, 11, 7, 9, 14, 4, 13, 16, 1, 3, 12, 5, 15])
79
Vecsmall([4, 15, 5, 1, 3, 12, 14, 9, 8, 16, 13, 6, 11, 7, 2, 10])
83
Vecsmall([2, 12, 14, 5, 9, 11, 16, 10, 15, 1, 4, 3, 8, 13, 7, 6])
89
Vecsmall([12, 3, 13, 9, 15, 4, 6, 1, 7, 2, 5, 14, 10, 8, 16, 11])
97
Vecsmall([12, 3, 13, 9, 15, 4, 6, 1, 7, 2, 5, 14, 10, 8, 16, 11])
101
Vecsmall([5, 7, 9, 2, 14, 3, 13, 15, 10, 6, 8, 11, 4, 16, 12, 1])
103
Vecsmall([6, 5, 11, 8, 2, 1, 12, 4, 14, 15, 3, 7, 16, 9, 10, 13])
107
Vecsmall([2, 12, 14, 5, 9, 11, 16, 10, 15, 1, 4, 3, 8, 13, 7, 6])
109
Vecsmall([15, 6, 7, 3, 8, 13, 10, 16, 2, 4, 1, 5, 9, 11, 14, 12])
113
Vecsmall([14, 13, 10, 7, 16, 9, 4, 12, 6, 3, 15, 8, 2, 1, 11, 5])
127
Vecsmall([6, 5, 11, 8, 2, 1, 12, 4, 14, 15, 3, 7, 16, 9, 10, 13])
131
Vecsmall([10, 1, 12, 11, 4, 16, 15, 13, 5, 8, 6, 2, 14, 3, 9, 7])
137
Vecsmall([14, 13, 10, 7, 16, 9, 4, 12, 6, 3, 15, 8, 2, 1, 11, 5])
139
Vecsmall([13, 8, 1, 16, 6, 15, 5, 3, 11, 14, 7, 10, 12, 2, 4, 9])
149
Vecsmall([11, 9, 4, 10, 12, 2, 3, 5, 13, 7, 14, 16, 6, 15, 1, 8])
151
Vecsmall([7, 11, 16, 14, 10, 8, 1, 6, 12, 5, 2, 9, 15, 4, 13, 3])
157
Vecsmall([11, 9, 4, 10, 12, 2, 3, 5, 13, 7, 14, 16, 6, 15, 1, 8])
163
Vecsmall([3, 14, 8, 15, 7, 5, 11, 2, 16, 12, 9, 13, 1, 10, 6, 4])
167
Vecsmall([9, 16, 15, 12, 13, 14, 8, 7, 1, 11, 10, 4, 5, 6, 3, 2])
173
Vecsmall([15, 6, 7, 3, 8, 13, 10, 16, 2, 4, 1, 5, 9, 11, 14, 12])
179
Vecsmall([2, 12, 14, 5, 9, 11, 16, 10, 15, 1, 4, 3, 8, 13, 7, 6])
181
Vecsmall([15, 6, 7, 3, 8, 13, 10, 16, 2, 4, 1, 5, 9, 11, 14, 12])
191
Vecsmall([7, 11, 16, 14, 10, 8, 1, 6, 12, 5, 2, 9, 15, 4, 13, 3])
193
Vecsmall([8, 10, 2, 6, 11, 7, 9, 14, 4, 13, 16, 1, 3, 12, 5, 15])
197
Vecsmall([15, 6, 7, 3, 8, 13, 10, 16, 2, 4, 1, 5, 9, 11, 14, 12])
199
Vecsmall([9, 16, 15, 12, 13, 14, 8, 7, 1, 11, 10, 4, 5, 6, 3, 2])
211
Vecsmall([3, 14, 8, 15, 7, 5, 11, 2, 16, 12, 9, 13, 1, 10, 6, 4])
223
Vecsmall([6, 5, 11, 8, 2, 1, 12, 4, 14, 15, 3, 7, 16, 9, 10, 13])
227
Vecsmall([3, 14, 8, 15, 7, 5, 11, 2, 16, 12, 9, 13, 1, 10, 6, 4])
229
Vecsmall([11, 9, 4, 10, 12, 2, 3, 5, 13, 7, 14, 16, 6, 15, 1, 8])
233
Vecsmall([8, 10, 2, 6, 11, 7, 9, 14, 4, 13, 16, 1, 3, 12, 5, 15])
239
Vecsmall([6, 5, 11, 8, 2, 1, 12, 4, 14, 15, 3, 7, 16, 9, 10, 13])
241
Vecsmall([12, 3, 13, 9, 15, 4, 6, 1, 7, 2, 5, 14, 10, 8, 16, 11])
251
Vecsmall([10, 1, 12, 11, 4, 16, 15, 13, 5, 8, 6, 2, 14, 3, 9, 7])
257
Vecsmall([14, 13, 10, 7, 16, 9, 4, 12, 6, 3, 15, 8, 2, 1, 11, 5])
263
Vecsmall([7, 11, 16, 14, 10, 8, 1, 6, 12, 5, 2, 9, 15, 4, 13, 3])
269
Vecsmall([5, 7, 9, 2, 14, 3, 13, 15, 10, 6, 8, 11, 4, 16, 12, 1])
271
Vecsmall([7, 11, 16, 14, 10, 8, 1, 6, 12, 5, 2, 9, 15, 4, 13, 3])
277
Vecsmall([11, 9, 4, 10, 12, 2, 3, 5, 13, 7, 14, 16, 6, 15, 1, 8])
281
Vecsmall([8, 10, 2, 6, 11, 7, 9, 14, 4, 13, 16, 1, 3, 12, 5, 15])
283
Vecsmall([2, 12, 14, 5, 9, 11, 16, 10, 15, 1, 4, 3, 8, 13, 7, 6])
293
Vecsmall([15, 6, 7, 3, 8, 13, 10, 16, 2, 4, 1, 5, 9, 11, 14, 12])
307
Vecsmall([10, 1, 12, 11, 4, 16, 15, 13, 5, 8, 6, 2, 14, 3, 9, 7])
311
Vecsmall([4, 15, 5, 1, 3, 12, 14, 9, 8, 16, 13, 6, 11, 7, 2, 10])
313
Vecsmall([1, 2, 3, 4, 5, 6, 7, 8, 9, 10, 11, 12, 13, 14, 15, 16])
317
Vecsmall([15, 6, 7, 3, 8, 13, 10, 16, 2, 4, 1, 5, 9, 11, 14, 12])
331
Vecsmall([3, 14, 8, 15, 7, 5, 11, 2, 16, 12, 9, 13, 1, 10, 6, 4])
337
Vecsmall([14, 13, 10, 7, 16, 9, 4, 12, 6, 3, 15, 8, 2, 1, 11, 5])
347
Vecsmall([10, 1, 12, 11, 4, 16, 15, 13, 5, 8, 6, 2, 14, 3, 9, 7])
349
Vecsmall([11, 9, 4, 10, 12, 2, 3, 5, 13, 7, 14, 16, 6, 15, 1, 8])
353
Vecsmall([1, 2, 3, 4, 5, 6, 7, 8, 9, 10, 11, 12, 13, 14, 15, 16])
359
Vecsmall([6, 5, 11, 8, 2, 1, 12, 4, 14, 15, 3, 7, 16, 9, 10, 13])
367
Vecsmall([7, 11, 16, 14, 10, 8, 1, 6, 12, 5, 2, 9, 15, 4, 13, 3])
373
Vecsmall([11, 9, 4, 10, 12, 2, 3, 5, 13, 7, 14, 16, 6, 15, 1, 8])
379
Vecsmall([10, 1, 12, 11, 4, 16, 15, 13, 5, 8, 6, 2, 14, 3, 9, 7])
383
Vecsmall([9, 16, 15, 12, 13, 14, 8, 7, 1, 11, 10, 4, 5, 6, 3, 2])
389
Vecsmall([5, 7, 9, 2, 14, 3, 13, 15, 10, 6, 8, 11, 4, 16, 12, 1])
397
Vecsmall([16, 4, 6, 13, 1, 10, 2, 11, 3, 9, 12, 15, 7, 5, 8, 14])
401
Vecsmall([8, 10, 2, 6, 11, 7, 9, 14, 4, 13, 16, 1, 3, 12, 5, 15])
409
Vecsmall([1, 2, 3, 4, 5, 6, 7, 8, 9, 10, 11, 12, 13, 14, 15, 16])
419
Vecsmall([10, 1, 12, 11, 4, 16, 15, 13, 5, 8, 6, 2, 14, 3, 9, 7])
421
Vecsmall([11, 9, 4, 10, 12, 2, 3, 5, 13, 7, 14, 16, 6, 15, 1, 8])
431
Vecsmall([7, 11, 16, 14, 10, 8, 1, 6, 12, 5, 2, 9, 15, 4, 13, 3])
433
Vecsmall([8, 10, 2, 6, 11, 7, 9, 14, 4, 13, 16, 1, 3, 12, 5, 15])
439
Vecsmall([9, 16, 15, 12, 13, 14, 8, 7, 1, 11, 10, 4, 5, 6, 3, 2])
443
Vecsmall([2, 12, 14, 5, 9, 11, 16, 10, 15, 1, 4, 3, 8, 13, 7, 6])
449
Vecsmall([12, 3, 13, 9, 15, 4, 6, 1, 7, 2, 5, 14, 10, 8, 16, 11])
457
Vecsmall([1, 2, 3, 4, 5, 6, 7, 8, 9, 10, 11, 12, 13, 14, 15, 16])
461
Vecsmall([11, 9, 4, 10, 12, 2, 3, 5, 13, 7, 14, 16, 6, 15, 1, 8])
463
Vecsmall([9, 16, 15, 12, 13, 14, 8, 7, 1, 11, 10, 4, 5, 6, 3, 2])
467
Vecsmall([13, 8, 1, 16, 6, 15, 5, 3, 11, 14, 7, 10, 12, 2, 4, 9])
479
Vecsmall([9, 16, 15, 12, 13, 14, 8, 7, 1, 11, 10, 4, 5, 6, 3, 2])
487
Vecsmall([7, 11, 16, 14, 10, 8, 1, 6, 12, 5, 2, 9, 15, 4, 13, 3])
491
Vecsmall([13, 8, 1, 16, 6, 15, 5, 3, 11, 14, 7, 10, 12, 2, 4, 9])
499
Vecsmall([3, 14, 8, 15, 7, 5, 11, 2, 16, 12, 9, 13, 1, 10, 6, 4])
503
Vecsmall([9, 16, 15, 12, 13, 14, 8, 7, 1, 11, 10, 4, 5, 6, 3, 2])
509
Vecsmall([16, 4, 6, 13, 1, 10, 2, 11, 3, 9, 12, 15, 7, 5, 8, 14])
521
Vecsmall([14, 13, 10, 7, 16, 9, 4, 12, 6, 3, 15, 8, 2, 1, 11, 5])
523
Vecsmall([2, 12, 14, 5, 9, 11, 16, 10, 15, 1, 4, 3, 8, 13, 7, 6])
541
Vecsmall([15, 6, 7, 3, 8, 13, 10, 16, 2, 4, 1, 5, 9, 11, 14, 12])
547
Vecsmall([13, 8, 1, 16, 6, 15, 5, 3, 11, 14, 7, 10, 12, 2, 4, 9])
557
Vecsmall([11, 9, 4, 10, 12, 2, 3, 5, 13, 7, 14, 16, 6, 15, 1, 8])
563
Vecsmall([13, 8, 1, 16, 6, 15, 5, 3, 11, 14, 7, 10, 12, 2, 4, 9])
569
Vecsmall([14, 13, 10, 7, 16, 9, 4, 12, 6, 3, 15, 8, 2, 1, 11, 5])
571
Vecsmall([3, 14, 8, 15, 7, 5, 11, 2, 16, 12, 9, 13, 1, 10, 6, 4])
577
Vecsmall([14, 13, 10, 7, 16, 9, 4, 12, 6, 3, 15, 8, 2, 1, 11, 5])
587
Vecsmall([2, 12, 14, 5, 9, 11, 16, 10, 15, 1, 4, 3, 8, 13, 7, 6])
593
Vecsmall([1, 2, 3, 4, 5, 6, 7, 8, 9, 10, 11, 12, 13, 14, 15, 16])
599
Vecsmall([6, 5, 11, 8, 2, 1, 12, 4, 14, 15, 3, 7, 16, 9, 10, 13])
601
Vecsmall([12, 3, 13, 9, 15, 4, 6, 1, 7, 2, 5, 14, 10, 8, 16, 11])
607
Vecsmall([9, 16, 15, 12, 13, 14, 8, 7, 1, 11, 10, 4, 5, 6, 3, 2])
613
Vecsmall([15, 6, 7, 3, 8, 13, 10, 16, 2, 4, 1, 5, 9, 11, 14, 12])
617
Vecsmall([12, 3, 13, 9, 15, 4, 6, 1, 7, 2, 5, 14, 10, 8, 16, 11])
619
Vecsmall([3, 14, 8, 15, 7, 5, 11, 2, 16, 12, 9, 13, 1, 10, 6, 4])
631
Vecsmall([4, 15, 5, 1, 3, 12, 14, 9, 8, 16, 13, 6, 11, 7, 2, 10])
641
Vecsmall([8, 10, 2, 6, 11, 7, 9, 14, 4, 13, 16, 1, 3, 12, 5, 15])
643
Vecsmall([13, 8, 1, 16, 6, 15, 5, 3, 11, 14, 7, 10, 12, 2, 4, 9])
647
Vecsmall([7, 11, 16, 14, 10, 8, 1, 6, 12, 5, 2, 9, 15, 4, 13, 3])
653
Vecsmall([5, 7, 9, 2, 14, 3, 13, 15, 10, 6, 8, 11, 4, 16, 12, 1])
659
Vecsmall([3, 14, 8, 15, 7, 5, 11, 2, 16, 12, 9, 13, 1, 10, 6, 4])
661
Vecsmall([16, 4, 6, 13, 1, 10, 2, 11, 3, 9, 12, 15, 7, 5, 8, 14])
673
Vecsmall([8, 10, 2, 6, 11, 7, 9, 14, 4, 13, 16, 1, 3, 12, 5, 15])
677
Vecsmall([5, 7, 9, 2, 14, 3, 13, 15, 10, 6, 8, 11, 4, 16, 12, 1])
683
Vecsmall([10, 1, 12, 11, 4, 16, 15, 13, 5, 8, 6, 2, 14, 3, 9, 7])
691
Vecsmall([3, 14, 8, 15, 7, 5, 11, 2, 16, 12, 9, 13, 1, 10, 6, 4])
701
Vecsmall([16, 4, 6, 13, 1, 10, 2, 11, 3, 9, 12, 15, 7, 5, 8, 14])
709
Vecsmall([5, 7, 9, 2, 14, 3, 13, 15, 10, 6, 8, 11, 4, 16, 12, 1])
719
Vecsmall([9, 16, 15, 12, 13, 14, 8, 7, 1, 11, 10, 4, 5, 6, 3, 2])
727
Vecsmall([6, 5, 11, 8, 2, 1, 12, 4, 14, 15, 3, 7, 16, 9, 10, 13])
733
Vecsmall([16, 4, 6, 13, 1, 10, 2, 11, 3, 9, 12, 15, 7, 5, 8, 14])
739
Vecsmall([2, 12, 14, 5, 9, 11, 16, 10, 15, 1, 4, 3, 8, 13, 7, 6])
743
Vecsmall([4, 15, 5, 1, 3, 12, 14, 9, 8, 16, 13, 6, 11, 7, 2, 10])
751
Vecsmall([9, 16, 15, 12, 13, 14, 8, 7, 1, 11, 10, 4, 5, 6, 3, 2])
757
Vecsmall([15, 6, 7, 3, 8, 13, 10, 16, 2, 4, 1, 5, 9, 11, 14, 12])
761
Vecsmall([1, 2, 3, 4, 5, 6, 7, 8, 9, 10, 11, 12, 13, 14, 15, 16])
769
Vecsmall([12, 3, 13, 9, 15, 4, 6, 1, 7, 2, 5, 14, 10, 8, 16, 11])
773
Vecsmall([11, 9, 4, 10, 12, 2, 3, 5, 13, 7, 14, 16, 6, 15, 1, 8])
787
Vecsmall([2, 12, 14, 5, 9, 11, 16, 10, 15, 1, 4, 3, 8, 13, 7, 6])
797
Vecsmall([5, 7, 9, 2, 14, 3, 13, 15, 10, 6, 8, 11, 4, 16, 12, 1])
809
Vecsmall([1, 2, 3, 4, 5, 6, 7, 8, 9, 10, 11, 12, 13, 14, 15, 16])
811
Vecsmall([2, 12, 14, 5, 9, 11, 16, 10, 15, 1, 4, 3, 8, 13, 7, 6])
821
Vecsmall([15, 6, 7, 3, 8, 13, 10, 16, 2, 4, 1, 5, 9, 11, 14, 12])
823
Vecsmall([4, 15, 5, 1, 3, 12, 14, 9, 8, 16, 13, 6, 11, 7, 2, 10])
827
Vecsmall([3, 14, 8, 15, 7, 5, 11, 2, 16, 12, 9, 13, 1, 10, 6, 4])
829
Vecsmall([5, 7, 9, 2, 14, 3, 13, 15, 10, 6, 8, 11, 4, 16, 12, 1])
839
Vecsmall([9, 16, 15, 12, 13, 14, 8, 7, 1, 11, 10, 4, 5, 6, 3, 2])
853
Vecsmall([11, 9, 4, 10, 12, 2, 3, 5, 13, 7, 14, 16, 6, 15, 1, 8])
857
Vecsmall([14, 13, 10, 7, 16, 9, 4, 12, 6, 3, 15, 8, 2, 1, 11, 5])
859
Vecsmall([10, 1, 12, 11, 4, 16, 15, 13, 5, 8, 6, 2, 14, 3, 9, 7])
863
Vecsmall([9, 16, 15, 12, 13, 14, 8, 7, 1, 11, 10, 4, 5, 6, 3, 2])
877
Vecsmall([15, 6, 7, 3, 8, 13, 10, 16, 2, 4, 1, 5, 9, 11, 14, 12])
881
Vecsmall([14, 13, 10, 7, 16, 9, 4, 12, 6, 3, 15, 8, 2, 1, 11, 5])
883
Vecsmall([10, 1, 12, 11, 4, 16, 15, 13, 5, 8, 6, 2, 14, 3, 9, 7])
887
Vecsmall([4, 15, 5, 1, 3, 12, 14, 9, 8, 16, 13, 6, 11, 7, 2, 10])
907
Vecsmall([10, 1, 12, 11, 4, 16, 15, 13, 5, 8, 6, 2, 14, 3, 9, 7])
911
Vecsmall([4, 15, 5, 1, 3, 12, 14, 9, 8, 16, 13, 6, 11, 7, 2, 10])
919
Vecsmall([9, 16, 15, 12, 13, 14, 8, 7, 1, 11, 10, 4, 5, 6, 3, 2])
929
Vecsmall([12, 3, 13, 9, 15, 4, 6, 1, 7, 2, 5, 14, 10, 8, 16, 11])
937
Vecsmall([8, 10, 2, 6, 11, 7, 9, 14, 4, 13, 16, 1, 3, 12, 5, 15])
941
Vecsmall([11, 9, 4, 10, 12, 2, 3, 5, 13, 7, 14, 16, 6, 15, 1, 8])
947
Vecsmall([10, 1, 12, 11, 4, 16, 15, 13, 5, 8, 6, 2, 14, 3, 9, 7])
953
Vecsmall([14, 13, 10, 7, 16, 9, 4, 12, 6, 3, 15, 8, 2, 1, 11, 5])
967
Vecsmall([9, 16, 15, 12, 13, 14, 8, 7, 1, 11, 10, 4, 5, 6, 3, 2])
971
Vecsmall([10, 1, 12, 11, 4, 16, 15, 13, 5, 8, 6, 2, 14, 3, 9, 7])
977
Vecsmall([12, 3, 13, 9, 15, 4, 6, 1, 7, 2, 5, 14, 10, 8, 16, 11])
983
Vecsmall([9, 16, 15, 12, 13, 14, 8, 7, 1, 11, 10, 4, 5, 6, 3, 2])
991
Vecsmall([4, 15, 5, 1, 3, 12, 14, 9, 8, 16, 13, 6, 11, 7, 2, 10])
997
Vecsmall([11, 9, 4, 10, 12, 2, 3, 5, 13, 7, 14, 16, 6, 15, 1, 8])
1009
Vecsmall([12, 3, 13, 9, 15, 4, 6, 1, 7, 2, 5, 14, 10, 8, 16, 11])
1013
Vecsmall([11, 9, 4, 10, 12, 2, 3, 5, 13, 7, 14, 16, 6, 15, 1, 8])
1019
Vecsmall([2, 12, 14, 5, 9, 11, 16, 10, 15, 1, 4, 3, 8, 13, 7, 6])
1021
Vecsmall([11, 9, 4, 10, 12, 2, 3, 5, 13, 7, 14, 16, 6, 15, 1, 8])
1031
Vecsmall([6, 5, 11, 8, 2, 1, 12, 4, 14, 15, 3, 7, 16, 9, 10, 13])
1033
Vecsmall([8, 10, 2, 6, 11, 7, 9, 14, 4, 13, 16, 1, 3, 12, 5, 15])
1039
Vecsmall([7, 11, 16, 14, 10, 8, 1, 6, 12, 5, 2, 9, 15, 4, 13, 3])
1049
Vecsmall([12, 3, 13, 9, 15, 4, 6, 1, 7, 2, 5, 14, 10, 8, 16, 11])
1051
Vecsmall([10, 1, 12, 11, 4, 16, 15, 13, 5, 8, 6, 2, 14, 3, 9, 7])
1061
Vecsmall([11, 9, 4, 10, 12, 2, 3, 5, 13, 7, 14, 16, 6, 15, 1, 8])
1063
Vecsmall([7, 11, 16, 14, 10, 8, 1, 6, 12, 5, 2, 9, 15, 4, 13, 3])
1069
Vecsmall([15, 6, 7, 3, 8, 13, 10, 16, 2, 4, 1, 5, 9, 11, 14, 12])
1087
Vecsmall([6, 5, 11, 8, 2, 1, 12, 4, 14, 15, 3, 7, 16, 9, 10, 13])
1091
Vecsmall([2, 12, 14, 5, 9, 11, 16, 10, 15, 1, 4, 3, 8, 13, 7, 6])
1093
Vecsmall([15, 6, 7, 3, 8, 13, 10, 16, 2, 4, 1, 5, 9, 11, 14, 12])
1097
Vecsmall([12, 3, 13, 9, 15, 4, 6, 1, 7, 2, 5, 14, 10, 8, 16, 11])
1103
Vecsmall([9, 16, 15, 12, 13, 14, 8, 7, 1, 11, 10, 4, 5, 6, 3, 2])
1109
Vecsmall([16, 4, 6, 13, 1, 10, 2, 11, 3, 9, 12, 15, 7, 5, 8, 14])
1117
Vecsmall([11, 9, 4, 10, 12, 2, 3, 5, 13, 7, 14, 16, 6, 15, 1, 8])
1123
Vecsmall([2, 12, 14, 5, 9, 11, 16, 10, 15, 1, 4, 3, 8, 13, 7, 6])
1129
Vecsmall([1, 2, 3, 4, 5, 6, 7, 8, 9, 10, 11, 12, 13, 14, 15, 16])
1151
Vecsmall([9, 16, 15, 12, 13, 14, 8, 7, 1, 11, 10, 4, 5, 6, 3, 2])
1153
Vecsmall([1, 2, 3, 4, 5, 6, 7, 8, 9, 10, 11, 12, 13, 14, 15, 16])
1163
Vecsmall([13, 8, 1, 16, 6, 15, 5, 3, 11, 14, 7, 10, 12, 2, 4, 9])
1171
Vecsmall([10, 1, 12, 11, 4, 16, 15, 13, 5, 8, 6, 2, 14, 3, 9, 7])
1181
Vecsmall([11, 9, 4, 10, 12, 2, 3, 5, 13, 7, 14, 16, 6, 15, 1, 8])
1187
Vecsmall([3, 14, 8, 15, 7, 5, 11, 2, 16, 12, 9, 13, 1, 10, 6, 4])
1193
Vecsmall([8, 10, 2, 6, 11, 7, 9, 14, 4, 13, 16, 1, 3, 12, 5, 15])
1201
Vecsmall([1, 2, 3, 4, 5, 6, 7, 8, 9, 10, 11, 12, 13, 14, 15, 16])
1213
Vecsmall([5, 7, 9, 2, 14, 3, 13, 15, 10, 6, 8, 11, 4, 16, 12, 1])
1217
Vecsmall([1, 2, 3, 4, 5, 6, 7, 8, 9, 10, 11, 12, 13, 14, 15, 16])
1223
Vecsmall([7, 11, 16, 14, 10, 8, 1, 6, 12, 5, 2, 9, 15, 4, 13, 3])
1229
Vecsmall([15, 6, 7, 3, 8, 13, 10, 16, 2, 4, 1, 5, 9, 11, 14, 12])
1231
Vecsmall([9, 16, 15, 12, 13, 14, 8, 7, 1, 11, 10, 4, 5, 6, 3, 2])
1237
Vecsmall([5, 7, 9, 2, 14, 3, 13, 15, 10, 6, 8, 11, 4, 16, 12, 1])
1249
Vecsmall([14, 13, 10, 7, 16, 9, 4, 12, 6, 3, 15, 8, 2, 1, 11, 5])
1259
Vecsmall([3, 14, 8, 15, 7, 5, 11, 2, 16, 12, 9, 13, 1, 10, 6, 4])
1277
Vecsmall([15, 6, 7, 3, 8, 13, 10, 16, 2, 4, 1, 5, 9, 11, 14, 12])
1279
Vecsmall([7, 11, 16, 14, 10, 8, 1, 6, 12, 5, 2, 9, 15, 4, 13, 3])
1283
Vecsmall([3, 14, 8, 15, 7, 5, 11, 2, 16, 12, 9, 13, 1, 10, 6, 4])
1289
Vecsmall([12, 3, 13, 9, 15, 4, 6, 1, 7, 2, 5, 14, 10, 8, 16, 11])
1291
Vecsmall([3, 14, 8, 15, 7, 5, 11, 2, 16, 12, 9, 13, 1, 10, 6, 4])
1297
Vecsmall([8, 10, 2, 6, 11, 7, 9, 14, 4, 13, 16, 1, 3, 12, 5, 15])
1301
Vecsmall([15, 6, 7, 3, 8, 13, 10, 16, 2, 4, 1, 5, 9, 11, 14, 12])
1303
Vecsmall([4, 15, 5, 1, 3, 12, 14, 9, 8, 16, 13, 6, 11, 7, 2, 10])
1307
Vecsmall([3, 14, 8, 15, 7, 5, 11, 2, 16, 12, 9, 13, 1, 10, 6, 4])
1319
Vecsmall([6, 5, 11, 8, 2, 1, 12, 4, 14, 15, 3, 7, 16, 9, 10, 13])
1321
Vecsmall([14, 13, 10, 7, 16, 9, 4, 12, 6, 3, 15, 8, 2, 1, 11, 5])
1327
Vecsmall([9, 16, 15, 12, 13, 14, 8, 7, 1, 11, 10, 4, 5, 6, 3, 2])
1361
Vecsmall([8, 10, 2, 6, 11, 7, 9, 14, 4, 13, 16, 1, 3, 12, 5, 15])
1367
Vecsmall([4, 15, 5, 1, 3, 12, 14, 9, 8, 16, 13, 6, 11, 7, 2, 10])
1373
Vecsmall([11, 9, 4, 10, 12, 2, 3, 5, 13, 7, 14, 16, 6, 15, 1, 8])
1381
Vecsmall([11, 9, 4, 10, 12, 2, 3, 5, 13, 7, 14, 16, 6, 15, 1, 8])
1399
Vecsmall([9, 16, 15, 12, 13, 14, 8, 7, 1, 11, 10, 4, 5, 6, 3, 2])
1409
Vecsmall([8, 10, 2, 6, 11, 7, 9, 14, 4, 13, 16, 1, 3, 12, 5, 15])
1423
Vecsmall([6, 5, 11, 8, 2, 1, 12, 4, 14, 15, 3, 7, 16, 9, 10, 13])
1427
Vecsmall([13, 8, 1, 16, 6, 15, 5, 3, 11, 14, 7, 10, 12, 2, 4, 9])
1429
Vecsmall([15, 6, 7, 3, 8, 13, 10, 16, 2, 4, 1, 5, 9, 11, 14, 12])
1433
Vecsmall([12, 3, 13, 9, 15, 4, 6, 1, 7, 2, 5, 14, 10, 8, 16, 11])
1439
Vecsmall([6, 5, 11, 8, 2, 1, 12, 4, 14, 15, 3, 7, 16, 9, 10, 13])
1447
Vecsmall([4, 15, 5, 1, 3, 12, 14, 9, 8, 16, 13, 6, 11, 7, 2, 10])
1451
Vecsmall([13, 8, 1, 16, 6, 15, 5, 3, 11, 14, 7, 10, 12, 2, 4, 9])
1453
Vecsmall([16, 4, 6, 13, 1, 10, 2, 11, 3, 9, 12, 15, 7, 5, 8, 14])
1459
Vecsmall([13, 8, 1, 16, 6, 15, 5, 3, 11, 14, 7, 10, 12, 2, 4, 9])
1471
Vecsmall([4, 15, 5, 1, 3, 12, 14, 9, 8, 16, 13, 6, 11, 7, 2, 10])
1481
Vecsmall([12, 3, 13, 9, 15, 4, 6, 1, 7, 2, 5, 14, 10, 8, 16, 11])
1483
Vecsmall([10, 1, 12, 11, 4, 16, 15, 13, 5, 8, 6, 2, 14, 3, 9, 7])
1487
Vecsmall([6, 5, 11, 8, 2, 1, 12, 4, 14, 15, 3, 7, 16, 9, 10, 13])
1489
Vecsmall([8, 10, 2, 6, 11, 7, 9, 14, 4, 13, 16, 1, 3, 12, 5, 15])
1493
Vecsmall([11, 9, 4, 10, 12, 2, 3, 5, 13, 7, 14, 16, 6, 15, 1, 8])
1499
Vecsmall([3, 14, 8, 15, 7, 5, 11, 2, 16, 12, 9, 13, 1, 10, 6, 4])
1511
Vecsmall([9, 16, 15, 12, 13, 14, 8, 7, 1, 11, 10, 4, 5, 6, 3, 2])
1523
Vecsmall([3, 14, 8, 15, 7, 5, 11, 2, 16, 12, 9, 13, 1, 10, 6, 4])
1531
Vecsmall([3, 14, 8, 15, 7, 5, 11, 2, 16, 12, 9, 13, 1, 10, 6, 4])
1543
Vecsmall([7, 11, 16, 14, 10, 8, 1, 6, 12, 5, 2, 9, 15, 4, 13, 3])
1549
Vecsmall([5, 7, 9, 2, 14, 3, 13, 15, 10, 6, 8, 11, 4, 16, 12, 1])
1553
Vecsmall([14, 13, 10, 7, 16, 9, 4, 12, 6, 3, 15, 8, 2, 1, 11, 5])
1559
Vecsmall([7, 11, 16, 14, 10, 8, 1, 6, 12, 5, 2, 9, 15, 4, 13, 3])
1567
Vecsmall([7, 11, 16, 14, 10, 8, 1, 6, 12, 5, 2, 9, 15, 4, 13, 3])
1571
Vecsmall([13, 8, 1, 16, 6, 15, 5, 3, 11, 14, 7, 10, 12, 2, 4, 9])
1579
Vecsmall([13, 8, 1, 16, 6, 15, 5, 3, 11, 14, 7, 10, 12, 2, 4, 9])
1583
Vecsmall([6, 5, 11, 8, 2, 1, 12, 4, 14, 15, 3, 7, 16, 9, 10, 13])
1597
Vecsmall([11, 9, 4, 10, 12, 2, 3, 5, 13, 7, 14, 16, 6, 15, 1, 8])
1601
Vecsmall([1, 2, 3, 4, 5, 6, 7, 8, 9, 10, 11, 12, 13, 14, 15, 16])
1607
Vecsmall([4, 15, 5, 1, 3, 12, 14, 9, 8, 16, 13, 6, 11, 7, 2, 10])
1609
Vecsmall([8, 10, 2, 6, 11, 7, 9, 14, 4, 13, 16, 1, 3, 12, 5, 15])
1613
Vecsmall([11, 9, 4, 10, 12, 2, 3, 5, 13, 7, 14, 16, 6, 15, 1, 8])
1619
Vecsmall([3, 14, 8, 15, 7, 5, 11, 2, 16, 12, 9, 13, 1, 10, 6, 4])
1621
Vecsmall([15, 6, 7, 3, 8, 13, 10, 16, 2, 4, 1, 5, 9, 11, 14, 12])
1627
Vecsmall([10, 1, 12, 11, 4, 16, 15, 13, 5, 8, 6, 2, 14, 3, 9, 7])
1637
Vecsmall([5, 7, 9, 2, 14, 3, 13, 15, 10, 6, 8, 11, 4, 16, 12, 1])
1657
Vecsmall([1, 2, 3, 4, 5, 6, 7, 8, 9, 10, 11, 12, 13, 14, 15, 16])
1663
Vecsmall([9, 16, 15, 12, 13, 14, 8, 7, 1, 11, 10, 4, 5, 6, 3, 2])
1667
Vecsmall([2, 12, 14, 5, 9, 11, 16, 10, 15, 1, 4, 3, 8, 13, 7, 6])
1669
Vecsmall([15, 6, 7, 3, 8, 13, 10, 16, 2, 4, 1, 5, 9, 11, 14, 12])
1693
Vecsmall([11, 9, 4, 10, 12, 2, 3, 5, 13, 7, 14, 16, 6, 15, 1, 8])
1697
Vecsmall([12, 3, 13, 9, 15, 4, 6, 1, 7, 2, 5, 14, 10, 8, 16, 11])
1699
Vecsmall([10, 1, 12, 11, 4, 16, 15, 13, 5, 8, 6, 2, 14, 3, 9, 7])
1709
Vecsmall([11, 9, 4, 10, 12, 2, 3, 5, 13, 7, 14, 16, 6, 15, 1, 8])
1721
Vecsmall([12, 3, 13, 9, 15, 4, 6, 1, 7, 2, 5, 14, 10, 8, 16, 11])
1723
Vecsmall([13, 8, 1, 16, 6, 15, 5, 3, 11, 14, 7, 10, 12, 2, 4, 9])
1733
Vecsmall([11, 9, 4, 10, 12, 2, 3, 5, 13, 7, 14, 16, 6, 15, 1, 8])
1741
Vecsmall([11, 9, 4, 10, 12, 2, 3, 5, 13, 7, 14, 16, 6, 15, 1, 8])
1747
Vecsmall([13, 8, 1, 16, 6, 15, 5, 3, 11, 14, 7, 10, 12, 2, 4, 9])
1753
Vecsmall([8, 10, 2, 6, 11, 7, 9, 14, 4, 13, 16, 1, 3, 12, 5, 15])
1759
Vecsmall([6, 5, 11, 8, 2, 1, 12, 4, 14, 15, 3, 7, 16, 9, 10, 13])
1777
Vecsmall([1, 2, 3, 4, 5, 6, 7, 8, 9, 10, 11, 12, 13, 14, 15, 16])
1783
Vecsmall([4, 15, 5, 1, 3, 12, 14, 9, 8, 16, 13, 6, 11, 7, 2, 10])
1787
Vecsmall([2, 12, 14, 5, 9, 11, 16, 10, 15, 1, 4, 3, 8, 13, 7, 6])
1789
Vecsmall([11, 9, 4, 10, 12, 2, 3, 5, 13, 7, 14, 16, 6, 15, 1, 8])
1801
Vecsmall([12, 3, 13, 9, 15, 4, 6, 1, 7, 2, 5, 14, 10, 8, 16, 11])
1811
Vecsmall([13, 8, 1, 16, 6, 15, 5, 3, 11, 14, 7, 10, 12, 2, 4, 9])
1823
Vecsmall([6, 5, 11, 8, 2, 1, 12, 4, 14, 15, 3, 7, 16, 9, 10, 13])
1831
Vecsmall([6, 5, 11, 8, 2, 1, 12, 4, 14, 15, 3, 7, 16, 9, 10, 13])
1847
Vecsmall([6, 5, 11, 8, 2, 1, 12, 4, 14, 15, 3, 7, 16, 9, 10, 13])
1861
Vecsmall([15, 6, 7, 3, 8, 13, 10, 16, 2, 4, 1, 5, 9, 11, 14, 12])
1867
Vecsmall([10, 1, 12, 11, 4, 16, 15, 13, 5, 8, 6, 2, 14, 3, 9, 7])
1871
Vecsmall([7, 11, 16, 14, 10, 8, 1, 6, 12, 5, 2, 9, 15, 4, 13, 3])
1873
Vecsmall([12, 3, 13, 9, 15, 4, 6, 1, 7, 2, 5, 14, 10, 8, 16, 11])
1877
Vecsmall([11, 9, 4, 10, 12, 2, 3, 5, 13, 7, 14, 16, 6, 15, 1, 8])
1879
Vecsmall([9, 16, 15, 12, 13, 14, 8, 7, 1, 11, 10, 4, 5, 6, 3, 2])
1889
Vecsmall([14, 13, 10, 7, 16, 9, 4, 12, 6, 3, 15, 8, 2, 1, 11, 5])
1901
Vecsmall([15, 6, 7, 3, 8, 13, 10, 16, 2, 4, 1, 5, 9, 11, 14, 12])
1907
Vecsmall([13, 8, 1, 16, 6, 15, 5, 3, 11, 14, 7, 10, 12, 2, 4, 9])
1913
Vecsmall([8, 10, 2, 6, 11, 7, 9, 14, 4, 13, 16, 1, 3, 12, 5, 15])
1931
Vecsmall([2, 12, 14, 5, 9, 11, 16, 10, 15, 1, 4, 3, 8, 13, 7, 6])
1933
Vecsmall([15, 6, 7, 3, 8, 13, 10, 16, 2, 4, 1, 5, 9, 11, 14, 12])
1949
Vecsmall([11, 9, 4, 10, 12, 2, 3, 5, 13, 7, 14, 16, 6, 15, 1, 8])
1951
Vecsmall([7, 11, 16, 14, 10, 8, 1, 6, 12, 5, 2, 9, 15, 4, 13, 3])
1973
Vecsmall([5, 7, 9, 2, 14, 3, 13, 15, 10, 6, 8, 11, 4, 16, 12, 1])
1979
Vecsmall([3, 14, 8, 15, 7, 5, 11, 2, 16, 12, 9, 13, 1, 10, 6, 4])
1987
Vecsmall([10, 1, 12, 11, 4, 16, 15, 13, 5, 8, 6, 2, 14, 3, 9, 7])
1993
Vecsmall([14, 13, 10, 7, 16, 9, 4, 12, 6, 3, 15, 8, 2, 1, 11, 5])
1997
Vecsmall([15, 6, 7, 3, 8, 13, 10, 16, 2, 4, 1, 5, 9, 11, 14, 12])
1999
Vecsmall([9, 16, 15, 12, 13, 14, 8, 7, 1, 11, 10, 4, 5, 6, 3, 2])
2003
Vecsmall([3, 14, 8, 15, 7, 5, 11, 2, 16, 12, 9, 13, 1, 10, 6, 4])
2011
Vecsmall([3, 14, 8, 15, 7, 5, 11, 2, 16, 12, 9, 13, 1, 10, 6, 4])
2017
Vecsmall([8, 10, 2, 6, 11, 7, 9, 14, 4, 13, 16, 1, 3, 12, 5, 15])
2027
Vecsmall([2, 12, 14, 5, 9, 11, 16, 10, 15, 1, 4, 3, 8, 13, 7, 6])
2029
Vecsmall([16, 4, 6, 13, 1, 10, 2, 11, 3, 9, 12, 15, 7, 5, 8, 14])
2039
Vecsmall([9, 16, 15, 12, 13, 14, 8, 7, 1, 11, 10, 4, 5, 6, 3, 2])
2053
Vecsmall([15, 6, 7, 3, 8, 13, 10, 16, 2, 4, 1, 5, 9, 11, 14, 12])
2063
Vecsmall([4, 15, 5, 1, 3, 12, 14, 9, 8, 16, 13, 6, 11, 7, 2, 10])
2069
Vecsmall([11, 9, 4, 10, 12, 2, 3, 5, 13, 7, 14, 16, 6, 15, 1, 8])
2081
Vecsmall([12, 3, 13, 9, 15, 4, 6, 1, 7, 2, 5, 14, 10, 8, 16, 11])
2083
Vecsmall([13, 8, 1, 16, 6, 15, 5, 3, 11, 14, 7, 10, 12, 2, 4, 9])
2087
Vecsmall([9, 16, 15, 12, 13, 14, 8, 7, 1, 11, 10, 4, 5, 6, 3, 2])
2089
Vecsmall([12, 3, 13, 9, 15, 4, 6, 1, 7, 2, 5, 14, 10, 8, 16, 11])
2099
Vecsmall([3, 14, 8, 15, 7, 5, 11, 2, 16, 12, 9, 13, 1, 10, 6, 4])
2111
Vecsmall([6, 5, 11, 8, 2, 1, 12, 4, 14, 15, 3, 7, 16, 9, 10, 13])
2113
Vecsmall([1, 2, 3, 4, 5, 6, 7, 8, 9, 10, 11, 12, 13, 14, 15, 16])
2129
Vecsmall([1, 2, 3, 4, 5, 6, 7, 8, 9, 10, 11, 12, 13, 14, 15, 16])
2131
Vecsmall([2, 12, 14, 5, 9, 11, 16, 10, 15, 1, 4, 3, 8, 13, 7, 6])
2137
Vecsmall([1, 2, 3, 4, 5, 6, 7, 8, 9, 10, 11, 12, 13, 14, 15, 16])
2141
Vecsmall([16, 4, 6, 13, 1, 10, 2, 11, 3, 9, 12, 15, 7, 5, 8, 14])
2143
Vecsmall([7, 11, 16, 14, 10, 8, 1, 6, 12, 5, 2, 9, 15, 4, 13, 3])
2153
Vecsmall([14, 13, 10, 7, 16, 9, 4, 12, 6, 3, 15, 8, 2, 1, 11, 5])
2161
Vecsmall([8, 10, 2, 6, 11, 7, 9, 14, 4, 13, 16, 1, 3, 12, 5, 15])
2179
Vecsmall([3, 14, 8, 15, 7, 5, 11, 2, 16, 12, 9, 13, 1, 10, 6, 4])
2203
Vecsmall([3, 14, 8, 15, 7, 5, 11, 2, 16, 12, 9, 13, 1, 10, 6, 4])
2207
Vecsmall([6, 5, 11, 8, 2, 1, 12, 4, 14, 15, 3, 7, 16, 9, 10, 13])
2213
Vecsmall([11, 9, 4, 10, 12, 2, 3, 5, 13, 7, 14, 16, 6, 15, 1, 8])
2221
Vecsmall([5, 7, 9, 2, 14, 3, 13, 15, 10, 6, 8, 11, 4, 16, 12, 1])
2237
Vecsmall([11, 9, 4, 10, 12, 2, 3, 5, 13, 7, 14, 16, 6, 15, 1, 8])
2239
Vecsmall([6, 5, 11, 8, 2, 1, 12, 4, 14, 15, 3, 7, 16, 9, 10, 13])
2243
Vecsmall([10, 1, 12, 11, 4, 16, 15, 13, 5, 8, 6, 2, 14, 3, 9, 7])
2251
Vecsmall([13, 8, 1, 16, 6, 15, 5, 3, 11, 14, 7, 10, 12, 2, 4, 9])
2267
Vecsmall([13, 8, 1, 16, 6, 15, 5, 3, 11, 14, 7, 10, 12, 2, 4, 9])
2269
Vecsmall([15, 6, 7, 3, 8, 13, 10, 16, 2, 4, 1, 5, 9, 11, 14, 12])
2273
Vecsmall([1, 2, 3, 4, 5, 6, 7, 8, 9, 10, 11, 12, 13, 14, 15, 16])
2281
Vecsmall([12, 3, 13, 9, 15, 4, 6, 1, 7, 2, 5, 14, 10, 8, 16, 11])
2287
Vecsmall([9, 16, 15, 12, 13, 14, 8, 7, 1, 11, 10, 4, 5, 6, 3, 2])
2293
Vecsmall([11, 9, 4, 10, 12, 2, 3, 5, 13, 7, 14, 16, 6, 15, 1, 8])
2297
Vecsmall([1, 2, 3, 4, 5, 6, 7, 8, 9, 10, 11, 12, 13, 14, 15, 16])
2309
Vecsmall([11, 9, 4, 10, 12, 2, 3, 5, 13, 7, 14, 16, 6, 15, 1, 8])
2311
Vecsmall([9, 16, 15, 12, 13, 14, 8, 7, 1, 11, 10, 4, 5, 6, 3, 2])
2333
Vecsmall([15, 6, 7, 3, 8, 13, 10, 16, 2, 4, 1, 5, 9, 11, 14, 12])
2339
Vecsmall([2, 12, 14, 5, 9, 11, 16, 10, 15, 1, 4, 3, 8, 13, 7, 6])
2341
Vecsmall([5, 7, 9, 2, 14, 3, 13, 15, 10, 6, 8, 11, 4, 16, 12, 1])
2347
Vecsmall([3, 14, 8, 15, 7, 5, 11, 2, 16, 12, 9, 13, 1, 10, 6, 4])
2351
Vecsmall([7, 11, 16, 14, 10, 8, 1, 6, 12, 5, 2, 9, 15, 4, 13, 3])
2357
Vecsmall([15, 6, 7, 3, 8, 13, 10, 16, 2, 4, 1, 5, 9, 11, 14, 12])
2371
Vecsmall([2, 12, 14, 5, 9, 11, 16, 10, 15, 1, 4, 3, 8, 13, 7, 6])
2377
Vecsmall([14, 13, 10, 7, 16, 9, 4, 12, 6, 3, 15, 8, 2, 1, 11, 5])
2381
Vecsmall([11, 9, 4, 10, 12, 2, 3, 5, 13, 7, 14, 16, 6, 15, 1, 8])
2383
Vecsmall([4, 15, 5, 1, 3, 12, 14, 9, 8, 16, 13, 6, 11, 7, 2, 10])
2389
Vecsmall([16, 4, 6, 13, 1, 10, 2, 11, 3, 9, 12, 15, 7, 5, 8, 14])
2393
Vecsmall([12, 3, 13, 9, 15, 4, 6, 1, 7, 2, 5, 14, 10, 8, 16, 11])
2399
Vecsmall([7, 11, 16, 14, 10, 8, 1, 6, 12, 5, 2, 9, 15, 4, 13, 3])
2411
Vecsmall([13, 8, 1, 16, 6, 15, 5, 3, 11, 14, 7, 10, 12, 2, 4, 9])
2417
Vecsmall([12, 3, 13, 9, 15, 4, 6, 1, 7, 2, 5, 14, 10, 8, 16, 11])
2423
Vecsmall([6, 5, 11, 8, 2, 1, 12, 4, 14, 15, 3, 7, 16, 9, 10, 13])
2437
Vecsmall([11, 9, 4, 10, 12, 2, 3, 5, 13, 7, 14, 16, 6, 15, 1, 8])
2441
Vecsmall([12, 3, 13, 9, 15, 4, 6, 1, 7, 2, 5, 14, 10, 8, 16, 11])
2447
Vecsmall([7, 11, 16, 14, 10, 8, 1, 6, 12, 5, 2, 9, 15, 4, 13, 3])
2459
Vecsmall([10, 1, 12, 11, 4, 16, 15, 13, 5, 8, 6, 2, 14, 3, 9, 7])
2467
Vecsmall([3, 14, 8, 15, 7, 5, 11, 2, 16, 12, 9, 13, 1, 10, 6, 4])
2473
Vecsmall([12, 3, 13, 9, 15, 4, 6, 1, 7, 2, 5, 14, 10, 8, 16, 11])
2477
Vecsmall([5, 7, 9, 2, 14, 3, 13, 15, 10, 6, 8, 11, 4, 16, 12, 1])
2503
Vecsmall([4, 15, 5, 1, 3, 12, 14, 9, 8, 16, 13, 6, 11, 7, 2, 10])
2521
Vecsmall([14, 13, 10, 7, 16, 9, 4, 12, 6, 3, 15, 8, 2, 1, 11, 5])
2531
Vecsmall([13, 8, 1, 16, 6, 15, 5, 3, 11, 14, 7, 10, 12, 2, 4, 9])
2539
Vecsmall([3, 14, 8, 15, 7, 5, 11, 2, 16, 12, 9, 13, 1, 10, 6, 4])
2543
Vecsmall([6, 5, 11, 8, 2, 1, 12, 4, 14, 15, 3, 7, 16, 9, 10, 13])
2549
Vecsmall([16, 4, 6, 13, 1, 10, 2, 11, 3, 9, 12, 15, 7, 5, 8, 14])
2551
Vecsmall([6, 5, 11, 8, 2, 1, 12, 4, 14, 15, 3, 7, 16, 9, 10, 13])
2557
Vecsmall([11, 9, 4, 10, 12, 2, 3, 5, 13, 7, 14, 16, 6, 15, 1, 8])
2579
Vecsmall([3, 14, 8, 15, 7, 5, 11, 2, 16, 12, 9, 13, 1, 10, 6, 4])
2591
Vecsmall([4, 15, 5, 1, 3, 12, 14, 9, 8, 16, 13, 6, 11, 7, 2, 10])
2593
Vecsmall([14, 13, 10, 7, 16, 9, 4, 12, 6, 3, 15, 8, 2, 1, 11, 5])
2609
Vecsmall([12, 3, 13, 9, 15, 4, 6, 1, 7, 2, 5, 14, 10, 8, 16, 11])
2617
Vecsmall([1, 2, 3, 4, 5, 6, 7, 8, 9, 10, 11, 12, 13, 14, 15, 16])
2621
Vecsmall([11, 9, 4, 10, 12, 2, 3, 5, 13, 7, 14, 16, 6, 15, 1, 8])
2633
Vecsmall([1, 2, 3, 4, 5, 6, 7, 8, 9, 10, 11, 12, 13, 14, 15, 16])
2647
Vecsmall([9, 16, 15, 12, 13, 14, 8, 7, 1, 11, 10, 4, 5, 6, 3, 2])
2657
Vecsmall([14, 13, 10, 7, 16, 9, 4, 12, 6, 3, 15, 8, 2, 1, 11, 5])
2659
Vecsmall([3, 14, 8, 15, 7, 5, 11, 2, 16, 12, 9, 13, 1, 10, 6, 4])
2663
Vecsmall([7, 11, 16, 14, 10, 8, 1, 6, 12, 5, 2, 9, 15, 4, 13, 3])
2671
Vecsmall([9, 16, 15, 12, 13, 14, 8, 7, 1, 11, 10, 4, 5, 6, 3, 2])
2677
Vecsmall([11, 9, 4, 10, 12, 2, 3, 5, 13, 7, 14, 16, 6, 15, 1, 8])
2683
Vecsmall([13, 8, 1, 16, 6, 15, 5, 3, 11, 14, 7, 10, 12, 2, 4, 9])
2687
Vecsmall([4, 15, 5, 1, 3, 12, 14, 9, 8, 16, 13, 6, 11, 7, 2, 10])
2689
Vecsmall([14, 13, 10, 7, 16, 9, 4, 12, 6, 3, 15, 8, 2, 1, 11, 5])
2693
Vecsmall([11, 9, 4, 10, 12, 2, 3, 5, 13, 7, 14, 16, 6, 15, 1, 8])
2699
Vecsmall([3, 14, 8, 15, 7, 5, 11, 2, 16, 12, 9, 13, 1, 10, 6, 4])
2707
Vecsmall([3, 14, 8, 15, 7, 5, 11, 2, 16, 12, 9, 13, 1, 10, 6, 4])
2711
Vecsmall([7, 11, 16, 14, 10, 8, 1, 6, 12, 5, 2, 9, 15, 4, 13, 3])
2713
Vecsmall([1, 2, 3, 4, 5, 6, 7, 8, 9, 10, 11, 12, 13, 14, 15, 16])
2719
Vecsmall([7, 11, 16, 14, 10, 8, 1, 6, 12, 5, 2, 9, 15, 4, 13, 3])
2729
Vecsmall([14, 13, 10, 7, 16, 9, 4, 12, 6, 3, 15, 8, 2, 1, 11, 5])
2731
Vecsmall([13, 8, 1, 16, 6, 15, 5, 3, 11, 14, 7, 10, 12, 2, 4, 9])
2741
Vecsmall([5, 7, 9, 2, 14, 3, 13, 15, 10, 6, 8, 11, 4, 16, 12, 1])
2749
Vecsmall([11, 9, 4, 10, 12, 2, 3, 5, 13, 7, 14, 16, 6, 15, 1, 8])
2753
Vecsmall([12, 3, 13, 9, 15, 4, 6, 1, 7, 2, 5, 14, 10, 8, 16, 11])
2767
Vecsmall([9, 16, 15, 12, 13, 14, 8, 7, 1, 11, 10, 4, 5, 6, 3, 2])
2777
Vecsmall([14, 13, 10, 7, 16, 9, 4, 12, 6, 3, 15, 8, 2, 1, 11, 5])
2789
Vecsmall([5, 7, 9, 2, 14, 3, 13, 15, 10, 6, 8, 11, 4, 16, 12, 1])
2791
Vecsmall([6, 5, 11, 8, 2, 1, 12, 4, 14, 15, 3, 7, 16, 9, 10, 13])
2797
Vecsmall([11, 9, 4, 10, 12, 2, 3, 5, 13, 7, 14, 16, 6, 15, 1, 8])
2801
Vecsmall([12, 3, 13, 9, 15, 4, 6, 1, 7, 2, 5, 14, 10, 8, 16, 11])
2803
Vecsmall([3, 14, 8, 15, 7, 5, 11, 2, 16, 12, 9, 13, 1, 10, 6, 4])
2819
Vecsmall([13, 8, 1, 16, 6, 15, 5, 3, 11, 14, 7, 10, 12, 2, 4, 9])
2833
Vecsmall([1, 2, 3, 4, 5, 6, 7, 8, 9, 10, 11, 12, 13, 14, 15, 16])
2837
Vecsmall([11, 9, 4, 10, 12, 2, 3, 5, 13, 7, 14, 16, 6, 15, 1, 8])
2843
Vecsmall([13, 8, 1, 16, 6, 15, 5, 3, 11, 14, 7, 10, 12, 2, 4, 9])
2851
Vecsmall([3, 14, 8, 15, 7, 5, 11, 2, 16, 12, 9, 13, 1, 10, 6, 4])
2857
Vecsmall([8, 10, 2, 6, 11, 7, 9, 14, 4, 13, 16, 1, 3, 12, 5, 15])
2861
Vecsmall([15, 6, 7, 3, 8, 13, 10, 16, 2, 4, 1, 5, 9, 11, 14, 12])
2879
Vecsmall([9, 16, 15, 12, 13, 14, 8, 7, 1, 11, 10, 4, 5, 6, 3, 2])
2887
Vecsmall([9, 16, 15, 12, 13, 14, 8, 7, 1, 11, 10, 4, 5, 6, 3, 2])
2897
Vecsmall([8, 10, 2, 6, 11, 7, 9, 14, 4, 13, 16, 1, 3, 12, 5, 15])
2903
Vecsmall([9, 16, 15, 12, 13, 14, 8, 7, 1, 11, 10, 4, 5, 6, 3, 2])
2909
Vecsmall([15, 6, 7, 3, 8, 13, 10, 16, 2, 4, 1, 5, 9, 11, 14, 12])
2917
Vecsmall([5, 7, 9, 2, 14, 3, 13, 15, 10, 6, 8, 11, 4, 16, 12, 1])
2927
Vecsmall([6, 5, 11, 8, 2, 1, 12, 4, 14, 15, 3, 7, 16, 9, 10, 13])
2939
Vecsmall([10, 1, 12, 11, 4, 16, 15, 13, 5, 8, 6, 2, 14, 3, 9, 7])
2953
Vecsmall([1, 2, 3, 4, 5, 6, 7, 8, 9, 10, 11, 12, 13, 14, 15, 16])
2957
Vecsmall([11, 9, 4, 10, 12, 2, 3, 5, 13, 7, 14, 16, 6, 15, 1, 8])
2963
Vecsmall([10, 1, 12, 11, 4, 16, 15, 13, 5, 8, 6, 2, 14, 3, 9, 7])
2969
Vecsmall([12, 3, 13, 9, 15, 4, 6, 1, 7, 2, 5, 14, 10, 8, 16, 11])
2971
Vecsmall([2, 12, 14, 5, 9, 11, 16, 10, 15, 1, 4, 3, 8, 13, 7, 6])
2999
Vecsmall([6, 5, 11, 8, 2, 1, 12, 4, 14, 15, 3, 7, 16, 9, 10, 13])
3001
Vecsmall([14, 13, 10, 7, 16, 9, 4, 12, 6, 3, 15, 8, 2, 1, 11, 5])
3011
Vecsmall([3, 14, 8, 15, 7, 5, 11, 2, 16, 12, 9, 13, 1, 10, 6, 4])
3019
Vecsmall([3, 14, 8, 15, 7, 5, 11, 2, 16, 12, 9, 13, 1, 10, 6, 4])
3023
Vecsmall([7, 11, 16, 14, 10, 8, 1, 6, 12, 5, 2, 9, 15, 4, 13, 3])
3037
Vecsmall([15, 6, 7, 3, 8, 13, 10, 16, 2, 4, 1, 5, 9, 11, 14, 12])
3041
Vecsmall([8, 10, 2, 6, 11, 7, 9, 14, 4, 13, 16, 1, 3, 12, 5, 15])
3049
Vecsmall([12, 3, 13, 9, 15, 4, 6, 1, 7, 2, 5, 14, 10, 8, 16, 11])
3061
Vecsmall([15, 6, 7, 3, 8, 13, 10, 16, 2, 4, 1, 5, 9, 11, 14, 12])
3067
Vecsmall([3, 14, 8, 15, 7, 5, 11, 2, 16, 12, 9, 13, 1, 10, 6, 4])
3079
Vecsmall([7, 11, 16, 14, 10, 8, 1, 6, 12, 5, 2, 9, 15, 4, 13, 3])
3083
Vecsmall([3, 14, 8, 15, 7, 5, 11, 2, 16, 12, 9, 13, 1, 10, 6, 4])
3089
Vecsmall([14, 13, 10, 7, 16, 9, 4, 12, 6, 3, 15, 8, 2, 1, 11, 5])
3109
Vecsmall([5, 7, 9, 2, 14, 3, 13, 15, 10, 6, 8, 11, 4, 16, 12, 1])
3119
Vecsmall([9, 16, 15, 12, 13, 14, 8, 7, 1, 11, 10, 4, 5, 6, 3, 2])
3121
Vecsmall([14, 13, 10, 7, 16, 9, 4, 12, 6, 3, 15, 8, 2, 1, 11, 5])
3137
Vecsmall([1, 2, 3, 4, 5, 6, 7, 8, 9, 10, 11, 12, 13, 14, 15, 16])
3163
Vecsmall([3, 14, 8, 15, 7, 5, 11, 2, 16, 12, 9, 13, 1, 10, 6, 4])
3167
Vecsmall([4, 15, 5, 1, 3, 12, 14, 9, 8, 16, 13, 6, 11, 7, 2, 10])
3169
Vecsmall([12, 3, 13, 9, 15, 4, 6, 1, 7, 2, 5, 14, 10, 8, 16, 11])
3181
Vecsmall([11, 9, 4, 10, 12, 2, 3, 5, 13, 7, 14, 16, 6, 15, 1, 8])
3187
Vecsmall([2, 12, 14, 5, 9, 11, 16, 10, 15, 1, 4, 3, 8, 13, 7, 6])
3191
Vecsmall([7, 11, 16, 14, 10, 8, 1, 6, 12, 5, 2, 9, 15, 4, 13, 3])
3203
Vecsmall([13, 8, 1, 16, 6, 15, 5, 3, 11, 14, 7, 10, 12, 2, 4, 9])
3209
Vecsmall([14, 13, 10, 7, 16, 9, 4, 12, 6, 3, 15, 8, 2, 1, 11, 5])
3217
Vecsmall([14, 13, 10, 7, 16, 9, 4, 12, 6, 3, 15, 8, 2, 1, 11, 5])
3221
Vecsmall([5, 7, 9, 2, 14, 3, 13, 15, 10, 6, 8, 11, 4, 16, 12, 1])
3229
Vecsmall([5, 7, 9, 2, 14, 3, 13, 15, 10, 6, 8, 11, 4, 16, 12, 1])
3251
Vecsmall([3, 14, 8, 15, 7, 5, 11, 2, 16, 12, 9, 13, 1, 10, 6, 4])
3253
Vecsmall([15, 6, 7, 3, 8, 13, 10, 16, 2, 4, 1, 5, 9, 11, 14, 12])
3257
Vecsmall([12, 3, 13, 9, 15, 4, 6, 1, 7, 2, 5, 14, 10, 8, 16, 11])
3259
Vecsmall([3, 14, 8, 15, 7, 5, 11, 2, 16, 12, 9, 13, 1, 10, 6, 4])
3271
Vecsmall([6, 5, 11, 8, 2, 1, 12, 4, 14, 15, 3, 7, 16, 9, 10, 13])
3299
Vecsmall([10, 1, 12, 11, 4, 16, 15, 13, 5, 8, 6, 2, 14, 3, 9, 7])
3301
Vecsmall([15, 6, 7, 3, 8, 13, 10, 16, 2, 4, 1, 5, 9, 11, 14, 12])
3307
Vecsmall([10, 1, 12, 11, 4, 16, 15, 13, 5, 8, 6, 2, 14, 3, 9, 7])
3313
Vecsmall([14, 13, 10, 7, 16, 9, 4, 12, 6, 3, 15, 8, 2, 1, 11, 5])
3319
Vecsmall([9, 16, 15, 12, 13, 14, 8, 7, 1, 11, 10, 4, 5, 6, 3, 2])
3323
Vecsmall([13, 8, 1, 16, 6, 15, 5, 3, 11, 14, 7, 10, 12, 2, 4, 9])
3329
Vecsmall([12, 3, 13, 9, 15, 4, 6, 1, 7, 2, 5, 14, 10, 8, 16, 11])
3331
Vecsmall([2, 12, 14, 5, 9, 11, 16, 10, 15, 1, 4, 3, 8, 13, 7, 6])
3343
Vecsmall([6, 5, 11, 8, 2, 1, 12, 4, 14, 15, 3, 7, 16, 9, 10, 13])
3347
Vecsmall([3, 14, 8, 15, 7, 5, 11, 2, 16, 12, 9, 13, 1, 10, 6, 4])
3359
Vecsmall([6, 5, 11, 8, 2, 1, 12, 4, 14, 15, 3, 7, 16, 9, 10, 13])
3361
Vecsmall([1, 2, 3, 4, 5, 6, 7, 8, 9, 10, 11, 12, 13, 14, 15, 16])
3371
Vecsmall([2, 12, 14, 5, 9, 11, 16, 10, 15, 1, 4, 3, 8, 13, 7, 6])
3373
Vecsmall([11, 9, 4, 10, 12, 2, 3, 5, 13, 7, 14, 16, 6, 15, 1, 8])
3389
Vecsmall([15, 6, 7, 3, 8, 13, 10, 16, 2, 4, 1, 5, 9, 11, 14, 12])
3391
Vecsmall([7, 11, 16, 14, 10, 8, 1, 6, 12, 5, 2, 9, 15, 4, 13, 3])
3407
Vecsmall([7, 11, 16, 14, 10, 8, 1, 6, 12, 5, 2, 9, 15, 4, 13, 3])
3413
Vecsmall([5, 7, 9, 2, 14, 3, 13, 15, 10, 6, 8, 11, 4, 16, 12, 1])
3433
Vecsmall([1, 2, 3, 4, 5, 6, 7, 8, 9, 10, 11, 12, 13, 14, 15, 16])
3449
Vecsmall([12, 3, 13, 9, 15, 4, 6, 1, 7, 2, 5, 14, 10, 8, 16, 11])
3457
Vecsmall([12, 3, 13, 9, 15, 4, 6, 1, 7, 2, 5, 14, 10, 8, 16, 11])
3461
Vecsmall([15, 6, 7, 3, 8, 13, 10, 16, 2, 4, 1, 5, 9, 11, 14, 12])
3463
Vecsmall([6, 5, 11, 8, 2, 1, 12, 4, 14, 15, 3, 7, 16, 9, 10, 13])
3467
Vecsmall([13, 8, 1, 16, 6, 15, 5, 3, 11, 14, 7, 10, 12, 2, 4, 9])
3469
Vecsmall([15, 6, 7, 3, 8, 13, 10, 16, 2, 4, 1, 5, 9, 11, 14, 12])
3491
Vecsmall([13, 8, 1, 16, 6, 15, 5, 3, 11, 14, 7, 10, 12, 2, 4, 9])
3499
Vecsmall([13, 8, 1, 16, 6, 15, 5, 3, 11, 14, 7, 10, 12, 2, 4, 9])
3511
Vecsmall([7, 11, 16, 14, 10, 8, 1, 6, 12, 5, 2, 9, 15, 4, 13, 3])
3517
Vecsmall([11, 9, 4, 10, 12, 2, 3, 5, 13, 7, 14, 16, 6, 15, 1, 8])
3527
Vecsmall([7, 11, 16, 14, 10, 8, 1, 6, 12, 5, 2, 9, 15, 4, 13, 3])
3529
Vecsmall([8, 10, 2, 6, 11, 7, 9, 14, 4, 13, 16, 1, 3, 12, 5, 15])
3533
Vecsmall([5, 7, 9, 2, 14, 3, 13, 15, 10, 6, 8, 11, 4, 16, 12, 1])
3539
Vecsmall([13, 8, 1, 16, 6, 15, 5, 3, 11, 14, 7, 10, 12, 2, 4, 9])
3541
Vecsmall([16, 4, 6, 13, 1, 10, 2, 11, 3, 9, 12, 15, 7, 5, 8, 14])
3547
Vecsmall([2, 12, 14, 5, 9, 11, 16, 10, 15, 1, 4, 3, 8, 13, 7, 6])
3557
Vecsmall([16, 4, 6, 13, 1, 10, 2, 11, 3, 9, 12, 15, 7, 5, 8, 14])
3559
Vecsmall([4, 15, 5, 1, 3, 12, 14, 9, 8, 16, 13, 6, 11, 7, 2, 10])
3571
Vecsmall([2, 12, 14, 5, 9, 11, 16, 10, 15, 1, 4, 3, 8, 13, 7, 6])
3581
Vecsmall([11, 9, 4, 10, 12, 2, 3, 5, 13, 7, 14, 16, 6, 15, 1, 8])
3583
Vecsmall([6, 5, 11, 8, 2, 1, 12, 4, 14, 15, 3, 7, 16, 9, 10, 13])
3593
Vecsmall([1, 2, 3, 4, 5, 6, 7, 8, 9, 10, 11, 12, 13, 14, 15, 16])
3607
Vecsmall([4, 15, 5, 1, 3, 12, 14, 9, 8, 16, 13, 6, 11, 7, 2, 10])
3613
Vecsmall([5, 7, 9, 2, 14, 3, 13, 15, 10, 6, 8, 11, 4, 16, 12, 1])
3617
Vecsmall([12, 3, 13, 9, 15, 4, 6, 1, 7, 2, 5, 14, 10, 8, 16, 11])
3623
Vecsmall([4, 15, 5, 1, 3, 12, 14, 9, 8, 16, 13, 6, 11, 7, 2, 10])
3631
Vecsmall([7, 11, 16, 14, 10, 8, 1, 6, 12, 5, 2, 9, 15, 4, 13, 3])
3637
Vecsmall([16, 4, 6, 13, 1, 10, 2, 11, 3, 9, 12, 15, 7, 5, 8, 14])
3643
Vecsmall([3, 14, 8, 15, 7, 5, 11, 2, 16, 12, 9, 13, 1, 10, 6, 4])
3659
Vecsmall([3, 14, 8, 15, 7, 5, 11, 2, 16, 12, 9, 13, 1, 10, 6, 4])
3671
Vecsmall([9, 16, 15, 12, 13, 14, 8, 7, 1, 11, 10, 4, 5, 6, 3, 2])
3673
Vecsmall([8, 10, 2, 6, 11, 7, 9, 14, 4, 13, 16, 1, 3, 12, 5, 15])
3677
Vecsmall([15, 6, 7, 3, 8, 13, 10, 16, 2, 4, 1, 5, 9, 11, 14, 12])
3691
Vecsmall([10, 1, 12, 11, 4, 16, 15, 13, 5, 8, 6, 2, 14, 3, 9, 7])
3697
Vecsmall([12, 3, 13, 9, 15, 4, 6, 1, 7, 2, 5, 14, 10, 8, 16, 11])
3701
Vecsmall([15, 6, 7, 3, 8, 13, 10, 16, 2, 4, 1, 5, 9, 11, 14, 12])
3709
Vecsmall([15, 6, 7, 3, 8, 13, 10, 16, 2, 4, 1, 5, 9, 11, 14, 12])
3719
Vecsmall([4, 15, 5, 1, 3, 12, 14, 9, 8, 16, 13, 6, 11, 7, 2, 10])
3727
Vecsmall([6, 5, 11, 8, 2, 1, 12, 4, 14, 15, 3, 7, 16, 9, 10, 13])
3733
Vecsmall([15, 6, 7, 3, 8, 13, 10, 16, 2, 4, 1, 5, 9, 11, 14, 12])
3739
Vecsmall([13, 8, 1, 16, 6, 15, 5, 3, 11, 14, 7, 10, 12, 2, 4, 9])
3761
Vecsmall([1, 2, 3, 4, 5, 6, 7, 8, 9, 10, 11, 12, 13, 14, 15, 16])
3767
Vecsmall([7, 11, 16, 14, 10, 8, 1, 6, 12, 5, 2, 9, 15, 4, 13, 3])
3769
Vecsmall([1, 2, 3, 4, 5, 6, 7, 8, 9, 10, 11, 12, 13, 14, 15, 16])
3779
Vecsmall([13, 8, 1, 16, 6, 15, 5, 3, 11, 14, 7, 10, 12, 2, 4, 9])
3793
Vecsmall([8, 10, 2, 6, 11, 7, 9, 14, 4, 13, 16, 1, 3, 12, 5, 15])
3797
Vecsmall([16, 4, 6, 13, 1, 10, 2, 11, 3, 9, 12, 15, 7, 5, 8, 14])
3803
Vecsmall([3, 14, 8, 15, 7, 5, 11, 2, 16, 12, 9, 13, 1, 10, 6, 4])
3821
Vecsmall([11, 9, 4, 10, 12, 2, 3, 5, 13, 7, 14, 16, 6, 15, 1, 8])
3823
Vecsmall([6, 5, 11, 8, 2, 1, 12, 4, 14, 15, 3, 7, 16, 9, 10, 13])
3833
Vecsmall([12, 3, 13, 9, 15, 4, 6, 1, 7, 2, 5, 14, 10, 8, 16, 11])
3847
Vecsmall([7, 11, 16, 14, 10, 8, 1, 6, 12, 5, 2, 9, 15, 4, 13, 3])
3851
Vecsmall([2, 12, 14, 5, 9, 11, 16, 10, 15, 1, 4, 3, 8, 13, 7, 6])
3853
Vecsmall([11, 9, 4, 10, 12, 2, 3, 5, 13, 7, 14, 16, 6, 15, 1, 8])
3863
Vecsmall([4, 15, 5, 1, 3, 12, 14, 9, 8, 16, 13, 6, 11, 7, 2, 10])
3877
Vecsmall([11, 9, 4, 10, 12, 2, 3, 5, 13, 7, 14, 16, 6, 15, 1, 8])
3881
Vecsmall([1, 2, 3, 4, 5, 6, 7, 8, 9, 10, 11, 12, 13, 14, 15, 16])
3889
Vecsmall([12, 3, 13, 9, 15, 4, 6, 1, 7, 2, 5, 14, 10, 8, 16, 11])
3907
Vecsmall([13, 8, 1, 16, 6, 15, 5, 3, 11, 14, 7, 10, 12, 2, 4, 9])
3911
Vecsmall([7, 11, 16, 14, 10, 8, 1, 6, 12, 5, 2, 9, 15, 4, 13, 3])
3917
Vecsmall([5, 7, 9, 2, 14, 3, 13, 15, 10, 6, 8, 11, 4, 16, 12, 1])
3919
Vecsmall([4, 15, 5, 1, 3, 12, 14, 9, 8, 16, 13, 6, 11, 7, 2, 10])
3923
Vecsmall([10, 1, 12, 11, 4, 16, 15, 13, 5, 8, 6, 2, 14, 3, 9, 7])
3929
Vecsmall([14, 13, 10, 7, 16, 9, 4, 12, 6, 3, 15, 8, 2, 1, 11, 5])
3931
Vecsmall([2, 12, 14, 5, 9, 11, 16, 10, 15, 1, 4, 3, 8, 13, 7, 6])
3943
Vecsmall([7, 11, 16, 14, 10, 8, 1, 6, 12, 5, 2, 9, 15, 4, 13, 3])
3947
Vecsmall([3, 14, 8, 15, 7, 5, 11, 2, 16, 12, 9, 13, 1, 10, 6, 4])
3967
Vecsmall([6, 5, 11, 8, 2, 1, 12, 4, 14, 15, 3, 7, 16, 9, 10, 13])
3989
Vecsmall([11, 9, 4, 10, 12, 2, 3, 5, 13, 7, 14, 16, 6, 15, 1, 8])
4001
Vecsmall([14, 13, 10, 7, 16, 9, 4, 12, 6, 3, 15, 8, 2, 1, 11, 5])
4003
Vecsmall([3, 14, 8, 15, 7, 5, 11, 2, 16, 12, 9, 13, 1, 10, 6, 4])
4007
Vecsmall([4, 15, 5, 1, 3, 12, 14, 9, 8, 16, 13, 6, 11, 7, 2, 10])
4013
Vecsmall([15, 6, 7, 3, 8, 13, 10, 16, 2, 4, 1, 5, 9, 11, 14, 12])
4019
Vecsmall([10, 1, 12, 11, 4, 16, 15, 13, 5, 8, 6, 2, 14, 3, 9, 7])
4021
Vecsmall([15, 6, 7, 3, 8, 13, 10, 16, 2, 4, 1, 5, 9, 11, 14, 12])
4027
Vecsmall([2, 12, 14, 5, 9, 11, 16, 10, 15, 1, 4, 3, 8, 13, 7, 6])
4049
Vecsmall([14, 13, 10, 7, 16, 9, 4, 12, 6, 3, 15, 8, 2, 1, 11, 5])
4051
Vecsmall([10, 1, 12, 11, 4, 16, 15, 13, 5, 8, 6, 2, 14, 3, 9, 7])
4057
Vecsmall([12, 3, 13, 9, 15, 4, 6, 1, 7, 2, 5, 14, 10, 8, 16, 11])
4073
Vecsmall([14, 13, 10, 7, 16, 9, 4, 12, 6, 3, 15, 8, 2, 1, 11, 5])
4079
Vecsmall([4, 15, 5, 1, 3, 12, 14, 9, 8, 16, 13, 6, 11, 7, 2, 10])
4091
Vecsmall([3, 14, 8, 15, 7, 5, 11, 2, 16, 12, 9, 13, 1, 10, 6, 4])
4093
Vecsmall([15, 6, 7, 3, 8, 13, 10, 16, 2, 4, 1, 5, 9, 11, 14, 12])
4099
Vecsmall([13, 8, 1, 16, 6, 15, 5, 3, 11, 14, 7, 10, 12, 2, 4, 9])
4111
Vecsmall([6, 5, 11, 8, 2, 1, 12, 4, 14, 15, 3, 7, 16, 9, 10, 13])
4127
Vecsmall([6, 5, 11, 8, 2, 1, 12, 4, 14, 15, 3, 7, 16, 9, 10, 13])
4129
Vecsmall([8, 10, 2, 6, 11, 7, 9, 14, 4, 13, 16, 1, 3, 12, 5, 15])
4133
Vecsmall([11, 9, 4, 10, 12, 2, 3, 5, 13, 7, 14, 16, 6, 15, 1, 8])
4139
Vecsmall([10, 1, 12, 11, 4, 16, 15, 13, 5, 8, 6, 2, 14, 3, 9, 7])
4153
Vecsmall([12, 3, 13, 9, 15, 4, 6, 1, 7, 2, 5, 14, 10, 8, 16, 11])
4157
Vecsmall([11, 9, 4, 10, 12, 2, 3, 5, 13, 7, 14, 16, 6, 15, 1, 8])
4159
Vecsmall([6, 5, 11, 8, 2, 1, 12, 4, 14, 15, 3, 7, 16, 9, 10, 13])
4177
Vecsmall([1, 2, 3, 4, 5, 6, 7, 8, 9, 10, 11, 12, 13, 14, 15, 16])
4201
Vecsmall([8, 10, 2, 6, 11, 7, 9, 14, 4, 13, 16, 1, 3, 12, 5, 15])
4211
Vecsmall([13, 8, 1, 16, 6, 15, 5, 3, 11, 14, 7, 10, 12, 2, 4, 9])
4217
Vecsmall([12, 3, 13, 9, 15, 4, 6, 1, 7, 2, 5, 14, 10, 8, 16, 11])
4219
Vecsmall([13, 8, 1, 16, 6, 15, 5, 3, 11, 14, 7, 10, 12, 2, 4, 9])
4229
Vecsmall([15, 6, 7, 3, 8, 13, 10, 16, 2, 4, 1, 5, 9, 11, 14, 12])
4231
Vecsmall([7, 11, 16, 14, 10, 8, 1, 6, 12, 5, 2, 9, 15, 4, 13, 3])
4241
Vecsmall([8, 10, 2, 6, 11, 7, 9, 14, 4, 13, 16, 1, 3, 12, 5, 15])
4243
Vecsmall([10, 1, 12, 11, 4, 16, 15, 13, 5, 8, 6, 2, 14, 3, 9, 7])
4253
Vecsmall([11, 9, 4, 10, 12, 2, 3, 5, 13, 7, 14, 16, 6, 15, 1, 8])
4259
Vecsmall([10, 1, 12, 11, 4, 16, 15, 13, 5, 8, 6, 2, 14, 3, 9, 7])
4261
Vecsmall([11, 9, 4, 10, 12, 2, 3, 5, 13, 7, 14, 16, 6, 15, 1, 8])
4271
Vecsmall([9, 16, 15, 12, 13, 14, 8, 7, 1, 11, 10, 4, 5, 6, 3, 2])
4273
Vecsmall([14, 13, 10, 7, 16, 9, 4, 12, 6, 3, 15, 8, 2, 1, 11, 5])
4283
Vecsmall([10, 1, 12, 11, 4, 16, 15, 13, 5, 8, 6, 2, 14, 3, 9, 7])
4289
Vecsmall([1, 2, 3, 4, 5, 6, 7, 8, 9, 10, 11, 12, 13, 14, 15, 16])
4297
Vecsmall([8, 10, 2, 6, 11, 7, 9, 14, 4, 13, 16, 1, 3, 12, 5, 15])
4327
Vecsmall([7, 11, 16, 14, 10, 8, 1, 6, 12, 5, 2, 9, 15, 4, 13, 3])
4337
Vecsmall([12, 3, 13, 9, 15, 4, 6, 1, 7, 2, 5, 14, 10, 8, 16, 11])
4339
Vecsmall([13, 8, 1, 16, 6, 15, 5, 3, 11, 14, 7, 10, 12, 2, 4, 9])
4349
Vecsmall([15, 6, 7, 3, 8, 13, 10, 16, 2, 4, 1, 5, 9, 11, 14, 12])
4357
Vecsmall([15, 6, 7, 3, 8, 13, 10, 16, 2, 4, 1, 5, 9, 11, 14, 12])
4363
Vecsmall([13, 8, 1, 16, 6, 15, 5, 3, 11, 14, 7, 10, 12, 2, 4, 9])
4373
Vecsmall([11, 9, 4, 10, 12, 2, 3, 5, 13, 7, 14, 16, 6, 15, 1, 8])
4391
Vecsmall([7, 11, 16, 14, 10, 8, 1, 6, 12, 5, 2, 9, 15, 4, 13, 3])
4397
Vecsmall([15, 6, 7, 3, 8, 13, 10, 16, 2, 4, 1, 5, 9, 11, 14, 12])
4409
Vecsmall([8, 10, 2, 6, 11, 7, 9, 14, 4, 13, 16, 1, 3, 12, 5, 15])
4421
Vecsmall([15, 6, 7, 3, 8, 13, 10, 16, 2, 4, 1, 5, 9, 11, 14, 12])
4423
Vecsmall([9, 16, 15, 12, 13, 14, 8, 7, 1, 11, 10, 4, 5, 6, 3, 2])
4441
Vecsmall([1, 2, 3, 4, 5, 6, 7, 8, 9, 10, 11, 12, 13, 14, 15, 16])
4447
Vecsmall([6, 5, 11, 8, 2, 1, 12, 4, 14, 15, 3, 7, 16, 9, 10, 13])
4451
Vecsmall([3, 14, 8, 15, 7, 5, 11, 2, 16, 12, 9, 13, 1, 10, 6, 4])
4457
Vecsmall([12, 3, 13, 9, 15, 4, 6, 1, 7, 2, 5, 14, 10, 8, 16, 11])
4463
Vecsmall([7, 11, 16, 14, 10, 8, 1, 6, 12, 5, 2, 9, 15, 4, 13, 3])
4481
Vecsmall([1, 2, 3, 4, 5, 6, 7, 8, 9, 10, 11, 12, 13, 14, 15, 16])
4483
Vecsmall([10, 1, 12, 11, 4, 16, 15, 13, 5, 8, 6, 2, 14, 3, 9, 7])
4493
Vecsmall([11, 9, 4, 10, 12, 2, 3, 5, 13, 7, 14, 16, 6, 15, 1, 8])
4507
Vecsmall([10, 1, 12, 11, 4, 16, 15, 13, 5, 8, 6, 2, 14, 3, 9, 7])
4513
Vecsmall([14, 13, 10, 7, 16, 9, 4, 12, 6, 3, 15, 8, 2, 1, 11, 5])
4517
Vecsmall([11, 9, 4, 10, 12, 2, 3, 5, 13, 7, 14, 16, 6, 15, 1, 8])
4519
Vecsmall([4, 15, 5, 1, 3, 12, 14, 9, 8, 16, 13, 6, 11, 7, 2, 10])
4523
Vecsmall([2, 12, 14, 5, 9, 11, 16, 10, 15, 1, 4, 3, 8, 13, 7, 6])
4547
Vecsmall([2, 12, 14, 5, 9, 11, 16, 10, 15, 1, 4, 3, 8, 13, 7, 6])
4549
Vecsmall([5, 7, 9, 2, 14, 3, 13, 15, 10, 6, 8, 11, 4, 16, 12, 1])
4561
Vecsmall([12, 3, 13, 9, 15, 4, 6, 1, 7, 2, 5, 14, 10, 8, 16, 11])
4567
Vecsmall([4, 15, 5, 1, 3, 12, 14, 9, 8, 16, 13, 6, 11, 7, 2, 10])
4583
Vecsmall([9, 16, 15, 12, 13, 14, 8, 7, 1, 11, 10, 4, 5, 6, 3, 2])
4591
Vecsmall([6, 5, 11, 8, 2, 1, 12, 4, 14, 15, 3, 7, 16, 9, 10, 13])
4597
Vecsmall([15, 6, 7, 3, 8, 13, 10, 16, 2, 4, 1, 5, 9, 11, 14, 12])
4603
Vecsmall([13, 8, 1, 16, 6, 15, 5, 3, 11, 14, 7, 10, 12, 2, 4, 9])
4621
Vecsmall([5, 7, 9, 2, 14, 3, 13, 15, 10, 6, 8, 11, 4, 16, 12, 1])
4637
Vecsmall([11, 9, 4, 10, 12, 2, 3, 5, 13, 7, 14, 16, 6, 15, 1, 8])
4639
Vecsmall([7, 11, 16, 14, 10, 8, 1, 6, 12, 5, 2, 9, 15, 4, 13, 3])
4643
Vecsmall([2, 12, 14, 5, 9, 11, 16, 10, 15, 1, 4, 3, 8, 13, 7, 6])
4649
Vecsmall([14, 13, 10, 7, 16, 9, 4, 12, 6, 3, 15, 8, 2, 1, 11, 5])
4651
Vecsmall([2, 12, 14, 5, 9, 11, 16, 10, 15, 1, 4, 3, 8, 13, 7, 6])
4657
Vecsmall([1, 2, 3, 4, 5, 6, 7, 8, 9, 10, 11, 12, 13, 14, 15, 16])
4663
Vecsmall([6, 5, 11, 8, 2, 1, 12, 4, 14, 15, 3, 7, 16, 9, 10, 13])
4673
Vecsmall([12, 3, 13, 9, 15, 4, 6, 1, 7, 2, 5, 14, 10, 8, 16, 11])
4679
Vecsmall([4, 15, 5, 1, 3, 12, 14, 9, 8, 16, 13, 6, 11, 7, 2, 10])
4691
Vecsmall([10, 1, 12, 11, 4, 16, 15, 13, 5, 8, 6, 2, 14, 3, 9, 7])
4703
Vecsmall([6, 5, 11, 8, 2, 1, 12, 4, 14, 15, 3, 7, 16, 9, 10, 13])
4721
Vecsmall([1, 2, 3, 4, 5, 6, 7, 8, 9, 10, 11, 12, 13, 14, 15, 16])
4723
Vecsmall([3, 14, 8, 15, 7, 5, 11, 2, 16, 12, 9, 13, 1, 10, 6, 4])
4729
Vecsmall([14, 13, 10, 7, 16, 9, 4, 12, 6, 3, 15, 8, 2, 1, 11, 5])
4733
Vecsmall([15, 6, 7, 3, 8, 13, 10, 16, 2, 4, 1, 5, 9, 11, 14, 12])
4751
Vecsmall([4, 15, 5, 1, 3, 12, 14, 9, 8, 16, 13, 6, 11, 7, 2, 10])
4759
Vecsmall([6, 5, 11, 8, 2, 1, 12, 4, 14, 15, 3, 7, 16, 9, 10, 13])
4783
Vecsmall([6, 5, 11, 8, 2, 1, 12, 4, 14, 15, 3, 7, 16, 9, 10, 13])
4787
Vecsmall([10, 1, 12, 11, 4, 16, 15, 13, 5, 8, 6, 2, 14, 3, 9, 7])
4789
Vecsmall([11, 9, 4, 10, 12, 2, 3, 5, 13, 7, 14, 16, 6, 15, 1, 8])
4793
Vecsmall([1, 2, 3, 4, 5, 6, 7, 8, 9, 10, 11, 12, 13, 14, 15, 16])
4799
Vecsmall([9, 16, 15, 12, 13, 14, 8, 7, 1, 11, 10, 4, 5, 6, 3, 2])
4801
Vecsmall([14, 13, 10, 7, 16, 9, 4, 12, 6, 3, 15, 8, 2, 1, 11, 5])
4813
Vecsmall([11, 9, 4, 10, 12, 2, 3, 5, 13, 7, 14, 16, 6, 15, 1, 8])
4817
Vecsmall([14, 13, 10, 7, 16, 9, 4, 12, 6, 3, 15, 8, 2, 1, 11, 5])
4831
Vecsmall([4, 15, 5, 1, 3, 12, 14, 9, 8, 16, 13, 6, 11, 7, 2, 10])
4861
Vecsmall([15, 6, 7, 3, 8, 13, 10, 16, 2, 4, 1, 5, 9, 11, 14, 12])
4871
Vecsmall([7, 11, 16, 14, 10, 8, 1, 6, 12, 5, 2, 9, 15, 4, 13, 3])
4877
Vecsmall([11, 9, 4, 10, 12, 2, 3, 5, 13, 7, 14, 16, 6, 15, 1, 8])
4889
Vecsmall([14, 13, 10, 7, 16, 9, 4, 12, 6, 3, 15, 8, 2, 1, 11, 5])
4903
Vecsmall([6, 5, 11, 8, 2, 1, 12, 4, 14, 15, 3, 7, 16, 9, 10, 13])
4909
Vecsmall([15, 6, 7, 3, 8, 13, 10, 16, 2, 4, 1, 5, 9, 11, 14, 12])
4919
Vecsmall([4, 15, 5, 1, 3, 12, 14, 9, 8, 16, 13, 6, 11, 7, 2, 10])
4931
Vecsmall([13, 8, 1, 16, 6, 15, 5, 3, 11, 14, 7, 10, 12, 2, 4, 9])
4933
Vecsmall([15, 6, 7, 3, 8, 13, 10, 16, 2, 4, 1, 5, 9, 11, 14, 12])
4937
Vecsmall([8, 10, 2, 6, 11, 7, 9, 14, 4, 13, 16, 1, 3, 12, 5, 15])
4943
Vecsmall([6, 5, 11, 8, 2, 1, 12, 4, 14, 15, 3, 7, 16, 9, 10, 13])
4951
Vecsmall([7, 11, 16, 14, 10, 8, 1, 6, 12, 5, 2, 9, 15, 4, 13, 3])
4957
Vecsmall([11, 9, 4, 10, 12, 2, 3, 5, 13, 7, 14, 16, 6, 15, 1, 8])
4967
Vecsmall([7, 11, 16, 14, 10, 8, 1, 6, 12, 5, 2, 9, 15, 4, 13, 3])
4969
Vecsmall([14, 13, 10, 7, 16, 9, 4, 12, 6, 3, 15, 8, 2, 1, 11, 5])
4973
Vecsmall([11, 9, 4, 10, 12, 2, 3, 5, 13, 7, 14, 16, 6, 15, 1, 8])
4987
Vecsmall([2, 12, 14, 5, 9, 11, 16, 10, 15, 1, 4, 3, 8, 13, 7, 6])
4993
Vecsmall([14, 13, 10, 7, 16, 9, 4, 12, 6, 3, 15, 8, 2, 1, 11, 5])
4999
Vecsmall([4, 15, 5, 1, 3, 12, 14, 9, 8, 16, 13, 6, 11, 7, 2, 10])
5003
Vecsmall([13, 8, 1, 16, 6, 15, 5, 3, 11, 14, 7, 10, 12, 2, 4, 9])
5009
Vecsmall([12, 3, 13, 9, 15, 4, 6, 1, 7, 2, 5, 14, 10, 8, 16, 11])
5011
Vecsmall([13, 8, 1, 16, 6, 15, 5, 3, 11, 14, 7, 10, 12, 2, 4, 9])
5021
Vecsmall([11, 9, 4, 10, 12, 2, 3, 5, 13, 7, 14, 16, 6, 15, 1, 8])
5023
Vecsmall([7, 11, 16, 14, 10, 8, 1, 6, 12, 5, 2, 9, 15, 4, 13, 3])
5039
Vecsmall([7, 11, 16, 14, 10, 8, 1, 6, 12, 5, 2, 9, 15, 4, 13, 3])
5051
Vecsmall([10, 1, 12, 11, 4, 16, 15, 13, 5, 8, 6, 2, 14, 3, 9, 7])
5059
Vecsmall([13, 8, 1, 16, 6, 15, 5, 3, 11, 14, 7, 10, 12, 2, 4, 9])
5077
Vecsmall([15, 6, 7, 3, 8, 13, 10, 16, 2, 4, 1, 5, 9, 11, 14, 12])
5081
Vecsmall([12, 3, 13, 9, 15, 4, 6, 1, 7, 2, 5, 14, 10, 8, 16, 11])
5087
Vecsmall([9, 16, 15, 12, 13, 14, 8, 7, 1, 11, 10, 4, 5, 6, 3, 2])
5099
Vecsmall([13, 8, 1, 16, 6, 15, 5, 3, 11, 14, 7, 10, 12, 2, 4, 9])
5101
Vecsmall([16, 4, 6, 13, 1, 10, 2, 11, 3, 9, 12, 15, 7, 5, 8, 14])
5107
Vecsmall([10, 1, 12, 11, 4, 16, 15, 13, 5, 8, 6, 2, 14, 3, 9, 7])
5113
Vecsmall([12, 3, 13, 9, 15, 4, 6, 1, 7, 2, 5, 14, 10, 8, 16, 11])
5119
Vecsmall([4, 15, 5, 1, 3, 12, 14, 9, 8, 16, 13, 6, 11, 7, 2, 10])
5147
Vecsmall([2, 12, 14, 5, 9, 11, 16, 10, 15, 1, 4, 3, 8, 13, 7, 6])
5153
Vecsmall([8, 10, 2, 6, 11, 7, 9, 14, 4, 13, 16, 1, 3, 12, 5, 15])
5167
Vecsmall([7, 11, 16, 14, 10, 8, 1, 6, 12, 5, 2, 9, 15, 4, 13, 3])
5171
Vecsmall([3, 14, 8, 15, 7, 5, 11, 2, 16, 12, 9, 13, 1, 10, 6, 4])
5179
Vecsmall([10, 1, 12, 11, 4, 16, 15, 13, 5, 8, 6, 2, 14, 3, 9, 7])
5189
Vecsmall([11, 9, 4, 10, 12, 2, 3, 5, 13, 7, 14, 16, 6, 15, 1, 8])
5197
Vecsmall([11, 9, 4, 10, 12, 2, 3, 5, 13, 7, 14, 16, 6, 15, 1, 8])
5209
Vecsmall([12, 3, 13, 9, 15, 4, 6, 1, 7, 2, 5, 14, 10, 8, 16, 11])
5227
Vecsmall([13, 8, 1, 16, 6, 15, 5, 3, 11, 14, 7, 10, 12, 2, 4, 9])
5231
Vecsmall([9, 16, 15, 12, 13, 14, 8, 7, 1, 11, 10, 4, 5, 6, 3, 2])
5233
Vecsmall([1, 2, 3, 4, 5, 6, 7, 8, 9, 10, 11, 12, 13, 14, 15, 16])
5237
Vecsmall([11, 9, 4, 10, 12, 2, 3, 5, 13, 7, 14, 16, 6, 15, 1, 8])
5261
Vecsmall([15, 6, 7, 3, 8, 13, 10, 16, 2, 4, 1, 5, 9, 11, 14, 12])
5273
Vecsmall([14, 13, 10, 7, 16, 9, 4, 12, 6, 3, 15, 8, 2, 1, 11, 5])
5279
Vecsmall([4, 15, 5, 1, 3, 12, 14, 9, 8, 16, 13, 6, 11, 7, 2, 10])
5281
Vecsmall([12, 3, 13, 9, 15, 4, 6, 1, 7, 2, 5, 14, 10, 8, 16, 11])
5297
Vecsmall([1, 2, 3, 4, 5, 6, 7, 8, 9, 10, 11, 12, 13, 14, 15, 16])
5303
Vecsmall([9, 16, 15, 12, 13, 14, 8, 7, 1, 11, 10, 4, 5, 6, 3, 2])
5309
Vecsmall([11, 9, 4, 10, 12, 2, 3, 5, 13, 7, 14, 16, 6, 15, 1, 8])
5323
Vecsmall([10, 1, 12, 11, 4, 16, 15, 13, 5, 8, 6, 2, 14, 3, 9, 7])
5333
Vecsmall([5, 7, 9, 2, 14, 3, 13, 15, 10, 6, 8, 11, 4, 16, 12, 1])
5347
Vecsmall([13, 8, 1, 16, 6, 15, 5, 3, 11, 14, 7, 10, 12, 2, 4, 9])
5351
Vecsmall([7, 11, 16, 14, 10, 8, 1, 6, 12, 5, 2, 9, 15, 4, 13, 3])
5381
Vecsmall([11, 9, 4, 10, 12, 2, 3, 5, 13, 7, 14, 16, 6, 15, 1, 8])
5387
Vecsmall([2, 12, 14, 5, 9, 11, 16, 10, 15, 1, 4, 3, 8, 13, 7, 6])
5393
Vecsmall([14, 13, 10, 7, 16, 9, 4, 12, 6, 3, 15, 8, 2, 1, 11, 5])
5399
Vecsmall([6, 5, 11, 8, 2, 1, 12, 4, 14, 15, 3, 7, 16, 9, 10, 13])
5407
Vecsmall([9, 16, 15, 12, 13, 14, 8, 7, 1, 11, 10, 4, 5, 6, 3, 2])
5413
Vecsmall([15, 6, 7, 3, 8, 13, 10, 16, 2, 4, 1, 5, 9, 11, 14, 12])
5417
Vecsmall([1, 2, 3, 4, 5, 6, 7, 8, 9, 10, 11, 12, 13, 14, 15, 16])
5419
Vecsmall([10, 1, 12, 11, 4, 16, 15, 13, 5, 8, 6, 2, 14, 3, 9, 7])
5431
Vecsmall([7, 11, 16, 14, 10, 8, 1, 6, 12, 5, 2, 9, 15, 4, 13, 3])
5437
Vecsmall([11, 9, 4, 10, 12, 2, 3, 5, 13, 7, 14, 16, 6, 15, 1, 8])
5441
Vecsmall([8, 10, 2, 6, 11, 7, 9, 14, 4, 13, 16, 1, 3, 12, 5, 15])
5443
Vecsmall([2, 12, 14, 5, 9, 11, 16, 10, 15, 1, 4, 3, 8, 13, 7, 6])
5449
Vecsmall([14, 13, 10, 7, 16, 9, 4, 12, 6, 3, 15, 8, 2, 1, 11, 5])
5471
Vecsmall([6, 5, 11, 8, 2, 1, 12, 4, 14, 15, 3, 7, 16, 9, 10, 13])
5477
Vecsmall([11, 9, 4, 10, 12, 2, 3, 5, 13, 7, 14, 16, 6, 15, 1, 8])
5479
Vecsmall([6, 5, 11, 8, 2, 1, 12, 4, 14, 15, 3, 7, 16, 9, 10, 13])
5483
Vecsmall([10, 1, 12, 11, 4, 16, 15, 13, 5, 8, 6, 2, 14, 3, 9, 7])
5501
Vecsmall([11, 9, 4, 10, 12, 2, 3, 5, 13, 7, 14, 16, 6, 15, 1, 8])
5503
Vecsmall([4, 15, 5, 1, 3, 12, 14, 9, 8, 16, 13, 6, 11, 7, 2, 10])
5507
Vecsmall([3, 14, 8, 15, 7, 5, 11, 2, 16, 12, 9, 13, 1, 10, 6, 4])
5519
Vecsmall([4, 15, 5, 1, 3, 12, 14, 9, 8, 16, 13, 6, 11, 7, 2, 10])
5521
Vecsmall([8, 10, 2, 6, 11, 7, 9, 14, 4, 13, 16, 1, 3, 12, 5, 15])
5527
Vecsmall([6, 5, 11, 8, 2, 1, 12, 4, 14, 15, 3, 7, 16, 9, 10, 13])
5531
Vecsmall([3, 14, 8, 15, 7, 5, 11, 2, 16, 12, 9, 13, 1, 10, 6, 4])
5557
Vecsmall([15, 6, 7, 3, 8, 13, 10, 16, 2, 4, 1, 5, 9, 11, 14, 12])
5563
Vecsmall([10, 1, 12, 11, 4, 16, 15, 13, 5, 8, 6, 2, 14, 3, 9, 7])
5569
Vecsmall([1, 2, 3, 4, 5, 6, 7, 8, 9, 10, 11, 12, 13, 14, 15, 16])
5573
Vecsmall([15, 6, 7, 3, 8, 13, 10, 16, 2, 4, 1, 5, 9, 11, 14, 12])
5581
Vecsmall([16, 4, 6, 13, 1, 10, 2, 11, 3, 9, 12, 15, 7, 5, 8, 14])
5591
Vecsmall([4, 15, 5, 1, 3, 12, 14, 9, 8, 16, 13, 6, 11, 7, 2, 10])
5623
Vecsmall([4, 15, 5, 1, 3, 12, 14, 9, 8, 16, 13, 6, 11, 7, 2, 10])
5639
Vecsmall([4, 15, 5, 1, 3, 12, 14, 9, 8, 16, 13, 6, 11, 7, 2, 10])
5641
Vecsmall([14, 13, 10, 7, 16, 9, 4, 12, 6, 3, 15, 8, 2, 1, 11, 5])
5647
Vecsmall([6, 5, 11, 8, 2, 1, 12, 4, 14, 15, 3, 7, 16, 9, 10, 13])
5651
Vecsmall([10, 1, 12, 11, 4, 16, 15, 13, 5, 8, 6, 2, 14, 3, 9, 7])
5653
Vecsmall([16, 4, 6, 13, 1, 10, 2, 11, 3, 9, 12, 15, 7, 5, 8, 14])
5657
Vecsmall([1, 2, 3, 4, 5, 6, 7, 8, 9, 10, 11, 12, 13, 14, 15, 16])
5659
Vecsmall([3, 14, 8, 15, 7, 5, 11, 2, 16, 12, 9, 13, 1, 10, 6, 4])
5669
Vecsmall([11, 9, 4, 10, 12, 2, 3, 5, 13, 7, 14, 16, 6, 15, 1, 8])
5683
Vecsmall([10, 1, 12, 11, 4, 16, 15, 13, 5, 8, 6, 2, 14, 3, 9, 7])
5689
Vecsmall([12, 3, 13, 9, 15, 4, 6, 1, 7, 2, 5, 14, 10, 8, 16, 11])
5693
Vecsmall([11, 9, 4, 10, 12, 2, 3, 5, 13, 7, 14, 16, 6, 15, 1, 8])
5701
Vecsmall([16, 4, 6, 13, 1, 10, 2, 11, 3, 9, 12, 15, 7, 5, 8, 14])
5711
Vecsmall([4, 15, 5, 1, 3, 12, 14, 9, 8, 16, 13, 6, 11, 7, 2, 10])
5717
Vecsmall([5, 7, 9, 2, 14, 3, 13, 15, 10, 6, 8, 11, 4, 16, 12, 1])
5737
Vecsmall([12, 3, 13, 9, 15, 4, 6, 1, 7, 2, 5, 14, 10, 8, 16, 11])
5741
Vecsmall([15, 6, 7, 3, 8, 13, 10, 16, 2, 4, 1, 5, 9, 11, 14, 12])
5743
Vecsmall([6, 5, 11, 8, 2, 1, 12, 4, 14, 15, 3, 7, 16, 9, 10, 13])
5749
Vecsmall([15, 6, 7, 3, 8, 13, 10, 16, 2, 4, 1, 5, 9, 11, 14, 12])
5779
Vecsmall([3, 14, 8, 15, 7, 5, 11, 2, 16, 12, 9, 13, 1, 10, 6, 4])
5783
Vecsmall([7, 11, 16, 14, 10, 8, 1, 6, 12, 5, 2, 9, 15, 4, 13, 3])
5791
Vecsmall([7, 11, 16, 14, 10, 8, 1, 6, 12, 5, 2, 9, 15, 4, 13, 3])
5801
Vecsmall([14, 13, 10, 7, 16, 9, 4, 12, 6, 3, 15, 8, 2, 1, 11, 5])
5807
Vecsmall([6, 5, 11, 8, 2, 1, 12, 4, 14, 15, 3, 7, 16, 9, 10, 13])
5813
Vecsmall([5, 7, 9, 2, 14, 3, 13, 15, 10, 6, 8, 11, 4, 16, 12, 1])
5821
Vecsmall([15, 6, 7, 3, 8, 13, 10, 16, 2, 4, 1, 5, 9, 11, 14, 12])
5827
Vecsmall([10, 1, 12, 11, 4, 16, 15, 13, 5, 8, 6, 2, 14, 3, 9, 7])
5839
Vecsmall([6, 5, 11, 8, 2, 1, 12, 4, 14, 15, 3, 7, 16, 9, 10, 13])
5843
Vecsmall([13, 8, 1, 16, 6, 15, 5, 3, 11, 14, 7, 10, 12, 2, 4, 9])
5849
Vecsmall([1, 2, 3, 4, 5, 6, 7, 8, 9, 10, 11, 12, 13, 14, 15, 16])
5851
Vecsmall([2, 12, 14, 5, 9, 11, 16, 10, 15, 1, 4, 3, 8, 13, 7, 6])
5857
Vecsmall([8, 10, 2, 6, 11, 7, 9, 14, 4, 13, 16, 1, 3, 12, 5, 15])
5861
Vecsmall([11, 9, 4, 10, 12, 2, 3, 5, 13, 7, 14, 16, 6, 15, 1, 8])
5867
Vecsmall([13, 8, 1, 16, 6, 15, 5, 3, 11, 14, 7, 10, 12, 2, 4, 9])
5869
Vecsmall([11, 9, 4, 10, 12, 2, 3, 5, 13, 7, 14, 16, 6, 15, 1, 8])
5879
Vecsmall([6, 5, 11, 8, 2, 1, 12, 4, 14, 15, 3, 7, 16, 9, 10, 13])
5881
Vecsmall([8, 10, 2, 6, 11, 7, 9, 14, 4, 13, 16, 1, 3, 12, 5, 15])
5897
Vecsmall([1, 2, 3, 4, 5, 6, 7, 8, 9, 10, 11, 12, 13, 14, 15, 16])
5903
Vecsmall([7, 11, 16, 14, 10, 8, 1, 6, 12, 5, 2, 9, 15, 4, 13, 3])
5923
Vecsmall([10, 1, 12, 11, 4, 16, 15, 13, 5, 8, 6, 2, 14, 3, 9, 7])
5927
Vecsmall([9, 16, 15, 12, 13, 14, 8, 7, 1, 11, 10, 4, 5, 6, 3, 2])
5939
Vecsmall([3, 14, 8, 15, 7, 5, 11, 2, 16, 12, 9, 13, 1, 10, 6, 4])
5953
Vecsmall([8, 10, 2, 6, 11, 7, 9, 14, 4, 13, 16, 1, 3, 12, 5, 15])
5981
Vecsmall([5, 7, 9, 2, 14, 3, 13, 15, 10, 6, 8, 11, 4, 16, 12, 1])
5987
Vecsmall([10, 1, 12, 11, 4, 16, 15, 13, 5, 8, 6, 2, 14, 3, 9, 7])
6007
Vecsmall([4, 15, 5, 1, 3, 12, 14, 9, 8, 16, 13, 6, 11, 7, 2, 10])
6011
Vecsmall([2, 12, 14, 5, 9, 11, 16, 10, 15, 1, 4, 3, 8, 13, 7, 6])
6029
Vecsmall([15, 6, 7, 3, 8, 13, 10, 16, 2, 4, 1, 5, 9, 11, 14, 12])
6037
Vecsmall([15, 6, 7, 3, 8, 13, 10, 16, 2, 4, 1, 5, 9, 11, 14, 12])
6043
Vecsmall([13, 8, 1, 16, 6, 15, 5, 3, 11, 14, 7, 10, 12, 2, 4, 9])
6047
Vecsmall([7, 11, 16, 14, 10, 8, 1, 6, 12, 5, 2, 9, 15, 4, 13, 3])
6053
Vecsmall([11, 9, 4, 10, 12, 2, 3, 5, 13, 7, 14, 16, 6, 15, 1, 8])
6067
Vecsmall([3, 14, 8, 15, 7, 5, 11, 2, 16, 12, 9, 13, 1, 10, 6, 4])
6073
Vecsmall([1, 2, 3, 4, 5, 6, 7, 8, 9, 10, 11, 12, 13, 14, 15, 16])
6079
Vecsmall([4, 15, 5, 1, 3, 12, 14, 9, 8, 16, 13, 6, 11, 7, 2, 10])
6089
Vecsmall([8, 10, 2, 6, 11, 7, 9, 14, 4, 13, 16, 1, 3, 12, 5, 15])
6091
Vecsmall([2, 12, 14, 5, 9, 11, 16, 10, 15, 1, 4, 3, 8, 13, 7, 6])
6101
Vecsmall([15, 6, 7, 3, 8, 13, 10, 16, 2, 4, 1, 5, 9, 11, 14, 12])
6113
Vecsmall([12, 3, 13, 9, 15, 4, 6, 1, 7, 2, 5, 14, 10, 8, 16, 11])
6121
Vecsmall([8, 10, 2, 6, 11, 7, 9, 14, 4, 13, 16, 1, 3, 12, 5, 15])
6131
Vecsmall([3, 14, 8, 15, 7, 5, 11, 2, 16, 12, 9, 13, 1, 10, 6, 4])
6133
Vecsmall([16, 4, 6, 13, 1, 10, 2, 11, 3, 9, 12, 15, 7, 5, 8, 14])
6143
Vecsmall([4, 15, 5, 1, 3, 12, 14, 9, 8, 16, 13, 6, 11, 7, 2, 10])
6151
Vecsmall([6, 5, 11, 8, 2, 1, 12, 4, 14, 15, 3, 7, 16, 9, 10, 13])
6163
Vecsmall([10, 1, 12, 11, 4, 16, 15, 13, 5, 8, 6, 2, 14, 3, 9, 7])
6173
Vecsmall([15, 6, 7, 3, 8, 13, 10, 16, 2, 4, 1, 5, 9, 11, 14, 12])
6197
Vecsmall([15, 6, 7, 3, 8, 13, 10, 16, 2, 4, 1, 5, 9, 11, 14, 12])
6199
Vecsmall([6, 5, 11, 8, 2, 1, 12, 4, 14, 15, 3, 7, 16, 9, 10, 13])
6203
Vecsmall([2, 12, 14, 5, 9, 11, 16, 10, 15, 1, 4, 3, 8, 13, 7, 6])
6211
Vecsmall([13, 8, 1, 16, 6, 15, 5, 3, 11, 14, 7, 10, 12, 2, 4, 9])
6217
Vecsmall([1, 2, 3, 4, 5, 6, 7, 8, 9, 10, 11, 12, 13, 14, 15, 16])
6221
Vecsmall([15, 6, 7, 3, 8, 13, 10, 16, 2, 4, 1, 5, 9, 11, 14, 12])
6229
Vecsmall([11, 9, 4, 10, 12, 2, 3, 5, 13, 7, 14, 16, 6, 15, 1, 8])
6247
Vecsmall([9, 16, 15, 12, 13, 14, 8, 7, 1, 11, 10, 4, 5, 6, 3, 2])
6257
Vecsmall([8, 10, 2, 6, 11, 7, 9, 14, 4, 13, 16, 1, 3, 12, 5, 15])
6263
Vecsmall([7, 11, 16, 14, 10, 8, 1, 6, 12, 5, 2, 9, 15, 4, 13, 3])
6269
Vecsmall([15, 6, 7, 3, 8, 13, 10, 16, 2, 4, 1, 5, 9, 11, 14, 12])
6271
Vecsmall([9, 16, 15, 12, 13, 14, 8, 7, 1, 11, 10, 4, 5, 6, 3, 2])
6277
Vecsmall([11, 9, 4, 10, 12, 2, 3, 5, 13, 7, 14, 16, 6, 15, 1, 8])
6287
Vecsmall([9, 16, 15, 12, 13, 14, 8, 7, 1, 11, 10, 4, 5, 6, 3, 2])
6299
Vecsmall([13, 8, 1, 16, 6, 15, 5, 3, 11, 14, 7, 10, 12, 2, 4, 9])
6301
Vecsmall([11, 9, 4, 10, 12, 2, 3, 5, 13, 7, 14, 16, 6, 15, 1, 8])
6311
Vecsmall([6, 5, 11, 8, 2, 1, 12, 4, 14, 15, 3, 7, 16, 9, 10, 13])
6317
Vecsmall([5, 7, 9, 2, 14, 3, 13, 15, 10, 6, 8, 11, 4, 16, 12, 1])
6323
Vecsmall([3, 14, 8, 15, 7, 5, 11, 2, 16, 12, 9, 13, 1, 10, 6, 4])
6329
Vecsmall([1, 2, 3, 4, 5, 6, 7, 8, 9, 10, 11, 12, 13, 14, 15, 16])
6337
Vecsmall([8, 10, 2, 6, 11, 7, 9, 14, 4, 13, 16, 1, 3, 12, 5, 15])
6343
Vecsmall([7, 11, 16, 14, 10, 8, 1, 6, 12, 5, 2, 9, 15, 4, 13, 3])
6353
Vecsmall([1, 2, 3, 4, 5, 6, 7, 8, 9, 10, 11, 12, 13, 14, 15, 16])
6359
Vecsmall([6, 5, 11, 8, 2, 1, 12, 4, 14, 15, 3, 7, 16, 9, 10, 13])
6361
Vecsmall([8, 10, 2, 6, 11, 7, 9, 14, 4, 13, 16, 1, 3, 12, 5, 15])
6367
Vecsmall([4, 15, 5, 1, 3, 12, 14, 9, 8, 16, 13, 6, 11, 7, 2, 10])
6373
Vecsmall([5, 7, 9, 2, 14, 3, 13, 15, 10, 6, 8, 11, 4, 16, 12, 1])
6379
Vecsmall([2, 12, 14, 5, 9, 11, 16, 10, 15, 1, 4, 3, 8, 13, 7, 6])
6389
Vecsmall([15, 6, 7, 3, 8, 13, 10, 16, 2, 4, 1, 5, 9, 11, 14, 12])
6397
Vecsmall([11, 9, 4, 10, 12, 2, 3, 5, 13, 7, 14, 16, 6, 15, 1, 8])
6421
Vecsmall([15, 6, 7, 3, 8, 13, 10, 16, 2, 4, 1, 5, 9, 11, 14, 12])
6427
Vecsmall([13, 8, 1, 16, 6, 15, 5, 3, 11, 14, 7, 10, 12, 2, 4, 9])
6449
Vecsmall([1, 2, 3, 4, 5, 6, 7, 8, 9, 10, 11, 12, 13, 14, 15, 16])
6451
Vecsmall([13, 8, 1, 16, 6, 15, 5, 3, 11, 14, 7, 10, 12, 2, 4, 9])
6469
Vecsmall([5, 7, 9, 2, 14, 3, 13, 15, 10, 6, 8, 11, 4, 16, 12, 1])
6473
Vecsmall([1, 2, 3, 4, 5, 6, 7, 8, 9, 10, 11, 12, 13, 14, 15, 16])
6481
Vecsmall([1, 2, 3, 4, 5, 6, 7, 8, 9, 10, 11, 12, 13, 14, 15, 16])
6491
Vecsmall([3, 14, 8, 15, 7, 5, 11, 2, 16, 12, 9, 13, 1, 10, 6, 4])
6521
Vecsmall([12, 3, 13, 9, 15, 4, 6, 1, 7, 2, 5, 14, 10, 8, 16, 11])
6529
Vecsmall([14, 13, 10, 7, 16, 9, 4, 12, 6, 3, 15, 8, 2, 1, 11, 5])
6547
Vecsmall([2, 12, 14, 5, 9, 11, 16, 10, 15, 1, 4, 3, 8, 13, 7, 6])
6551
Vecsmall([6, 5, 11, 8, 2, 1, 12, 4, 14, 15, 3, 7, 16, 9, 10, 13])
6553
Vecsmall([12, 3, 13, 9, 15, 4, 6, 1, 7, 2, 5, 14, 10, 8, 16, 11])
6563
Vecsmall([3, 14, 8, 15, 7, 5, 11, 2, 16, 12, 9, 13, 1, 10, 6, 4])
6569
Vecsmall([8, 10, 2, 6, 11, 7, 9, 14, 4, 13, 16, 1, 3, 12, 5, 15])
6571
Vecsmall([13, 8, 1, 16, 6, 15, 5, 3, 11, 14, 7, 10, 12, 2, 4, 9])
6577
Vecsmall([8, 10, 2, 6, 11, 7, 9, 14, 4, 13, 16, 1, 3, 12, 5, 15])
6581
Vecsmall([15, 6, 7, 3, 8, 13, 10, 16, 2, 4, 1, 5, 9, 11, 14, 12])
6599
Vecsmall([9, 16, 15, 12, 13, 14, 8, 7, 1, 11, 10, 4, 5, 6, 3, 2])
6607
Vecsmall([9, 16, 15, 12, 13, 14, 8, 7, 1, 11, 10, 4, 5, 6, 3, 2])
6619
Vecsmall([3, 14, 8, 15, 7, 5, 11, 2, 16, 12, 9, 13, 1, 10, 6, 4])
6637
Vecsmall([11, 9, 4, 10, 12, 2, 3, 5, 13, 7, 14, 16, 6, 15, 1, 8])
6653
Vecsmall([15, 6, 7, 3, 8, 13, 10, 16, 2, 4, 1, 5, 9, 11, 14, 12])
6659
Vecsmall([2, 12, 14, 5, 9, 11, 16, 10, 15, 1, 4, 3, 8, 13, 7, 6])
6661
Vecsmall([11, 9, 4, 10, 12, 2, 3, 5, 13, 7, 14, 16, 6, 15, 1, 8])
6673
Vecsmall([12, 3, 13, 9, 15, 4, 6, 1, 7, 2, 5, 14, 10, 8, 16, 11])
6679
Vecsmall([4, 15, 5, 1, 3, 12, 14, 9, 8, 16, 13, 6, 11, 7, 2, 10])
6689
Vecsmall([1, 2, 3, 4, 5, 6, 7, 8, 9, 10, 11, 12, 13, 14, 15, 16])
6691
Vecsmall([2, 12, 14, 5, 9, 11, 16, 10, 15, 1, 4, 3, 8, 13, 7, 6])
6701
Vecsmall([15, 6, 7, 3, 8, 13, 10, 16, 2, 4, 1, 5, 9, 11, 14, 12])
6703
Vecsmall([9, 16, 15, 12, 13, 14, 8, 7, 1, 11, 10, 4, 5, 6, 3, 2])
6709
Vecsmall([15, 6, 7, 3, 8, 13, 10, 16, 2, 4, 1, 5, 9, 11, 14, 12])
6719
Vecsmall([9, 16, 15, 12, 13, 14, 8, 7, 1, 11, 10, 4, 5, 6, 3, 2])
6733
Vecsmall([11, 9, 4, 10, 12, 2, 3, 5, 13, 7, 14, 16, 6, 15, 1, 8])
6737
Vecsmall([12, 3, 13, 9, 15, 4, 6, 1, 7, 2, 5, 14, 10, 8, 16, 11])
6761
Vecsmall([12, 3, 13, 9, 15, 4, 6, 1, 7, 2, 5, 14, 10, 8, 16, 11])
6763
Vecsmall([3, 14, 8, 15, 7, 5, 11, 2, 16, 12, 9, 13, 1, 10, 6, 4])
6779
Vecsmall([2, 12, 14, 5, 9, 11, 16, 10, 15, 1, 4, 3, 8, 13, 7, 6])
6781
Vecsmall([11, 9, 4, 10, 12, 2, 3, 5, 13, 7, 14, 16, 6, 15, 1, 8])
6791
Vecsmall([9, 16, 15, 12, 13, 14, 8, 7, 1, 11, 10, 4, 5, 6, 3, 2])
6793
Vecsmall([8, 10, 2, 6, 11, 7, 9, 14, 4, 13, 16, 1, 3, 12, 5, 15])
6803
Vecsmall([13, 8, 1, 16, 6, 15, 5, 3, 11, 14, 7, 10, 12, 2, 4, 9])
6823
Vecsmall([4, 15, 5, 1, 3, 12, 14, 9, 8, 16, 13, 6, 11, 7, 2, 10])
6827
Vecsmall([3, 14, 8, 15, 7, 5, 11, 2, 16, 12, 9, 13, 1, 10, 6, 4])
6829
Vecsmall([11, 9, 4, 10, 12, 2, 3, 5, 13, 7, 14, 16, 6, 15, 1, 8])
6833
Vecsmall([12, 3, 13, 9, 15, 4, 6, 1, 7, 2, 5, 14, 10, 8, 16, 11])
6841
Vecsmall([12, 3, 13, 9, 15, 4, 6, 1, 7, 2, 5, 14, 10, 8, 16, 11])
6857
Vecsmall([12, 3, 13, 9, 15, 4, 6, 1, 7, 2, 5, 14, 10, 8, 16, 11])
6863
Vecsmall([9, 16, 15, 12, 13, 14, 8, 7, 1, 11, 10, 4, 5, 6, 3, 2])
6869
Vecsmall([15, 6, 7, 3, 8, 13, 10, 16, 2, 4, 1, 5, 9, 11, 14, 12])
6871
Vecsmall([7, 11, 16, 14, 10, 8, 1, 6, 12, 5, 2, 9, 15, 4, 13, 3])
6883
Vecsmall([13, 8, 1, 16, 6, 15, 5, 3, 11, 14, 7, 10, 12, 2, 4, 9])
6899
Vecsmall([13, 8, 1, 16, 6, 15, 5, 3, 11, 14, 7, 10, 12, 2, 4, 9])
6907
Vecsmall([13, 8, 1, 16, 6, 15, 5, 3, 11, 14, 7, 10, 12, 2, 4, 9])
6911
Vecsmall([4, 15, 5, 1, 3, 12, 14, 9, 8, 16, 13, 6, 11, 7, 2, 10])
6917
Vecsmall([5, 7, 9, 2, 14, 3, 13, 15, 10, 6, 8, 11, 4, 16, 12, 1])
6947
Vecsmall([10, 1, 12, 11, 4, 16, 15, 13, 5, 8, 6, 2, 14, 3, 9, 7])
6949
Vecsmall([15, 6, 7, 3, 8, 13, 10, 16, 2, 4, 1, 5, 9, 11, 14, 12])
6959
Vecsmall([9, 16, 15, 12, 13, 14, 8, 7, 1, 11, 10, 4, 5, 6, 3, 2])
6961
Vecsmall([12, 3, 13, 9, 15, 4, 6, 1, 7, 2, 5, 14, 10, 8, 16, 11])
6967
Vecsmall([6, 5, 11, 8, 2, 1, 12, 4, 14, 15, 3, 7, 16, 9, 10, 13])
6971
Vecsmall([10, 1, 12, 11, 4, 16, 15, 13, 5, 8, 6, 2, 14, 3, 9, 7])
6977
Vecsmall([12, 3, 13, 9, 15, 4, 6, 1, 7, 2, 5, 14, 10, 8, 16, 11])
6983
Vecsmall([7, 11, 16, 14, 10, 8, 1, 6, 12, 5, 2, 9, 15, 4, 13, 3])
6991
Vecsmall([6, 5, 11, 8, 2, 1, 12, 4, 14, 15, 3, 7, 16, 9, 10, 13])
6997
Vecsmall([11, 9, 4, 10, 12, 2, 3, 5, 13, 7, 14, 16, 6, 15, 1, 8])
7001
Vecsmall([14, 13, 10, 7, 16, 9, 4, 12, 6, 3, 15, 8, 2, 1, 11, 5])
7013
Vecsmall([11, 9, 4, 10, 12, 2, 3, 5, 13, 7, 14, 16, 6, 15, 1, 8])
7019
Vecsmall([2, 12, 14, 5, 9, 11, 16, 10, 15, 1, 4, 3, 8, 13, 7, 6])
7027
Vecsmall([2, 12, 14, 5, 9, 11, 16, 10, 15, 1, 4, 3, 8, 13, 7, 6])
7039
Vecsmall([4, 15, 5, 1, 3, 12, 14, 9, 8, 16, 13, 6, 11, 7, 2, 10])
7043
Vecsmall([13, 8, 1, 16, 6, 15, 5, 3, 11, 14, 7, 10, 12, 2, 4, 9])
7057
Vecsmall([12, 3, 13, 9, 15, 4, 6, 1, 7, 2, 5, 14, 10, 8, 16, 11])
7069
Vecsmall([11, 9, 4, 10, 12, 2, 3, 5, 13, 7, 14, 16, 6, 15, 1, 8])
7079
Vecsmall([4, 15, 5, 1, 3, 12, 14, 9, 8, 16, 13, 6, 11, 7, 2, 10])
7103
Vecsmall([4, 15, 5, 1, 3, 12, 14, 9, 8, 16, 13, 6, 11, 7, 2, 10])
7109
Vecsmall([15, 6, 7, 3, 8, 13, 10, 16, 2, 4, 1, 5, 9, 11, 14, 12])
7121
Vecsmall([14, 13, 10, 7, 16, 9, 4, 12, 6, 3, 15, 8, 2, 1, 11, 5])
7127
Vecsmall([6, 5, 11, 8, 2, 1, 12, 4, 14, 15, 3, 7, 16, 9, 10, 13])
7129
Vecsmall([8, 10, 2, 6, 11, 7, 9, 14, 4, 13, 16, 1, 3, 12, 5, 15])
7151
Vecsmall([4, 15, 5, 1, 3, 12, 14, 9, 8, 16, 13, 6, 11, 7, 2, 10])
7159
Vecsmall([9, 16, 15, 12, 13, 14, 8, 7, 1, 11, 10, 4, 5, 6, 3, 2])
7177
Vecsmall([1, 2, 3, 4, 5, 6, 7, 8, 9, 10, 11, 12, 13, 14, 15, 16])
7187
Vecsmall([10, 1, 12, 11, 4, 16, 15, 13, 5, 8, 6, 2, 14, 3, 9, 7])
7193
Vecsmall([1, 2, 3, 4, 5, 6, 7, 8, 9, 10, 11, 12, 13, 14, 15, 16])
7207
Vecsmall([7, 11, 16, 14, 10, 8, 1, 6, 12, 5, 2, 9, 15, 4, 13, 3])
7211
Vecsmall([10, 1, 12, 11, 4, 16, 15, 13, 5, 8, 6, 2, 14, 3, 9, 7])
7213
Vecsmall([15, 6, 7, 3, 8, 13, 10, 16, 2, 4, 1, 5, 9, 11, 14, 12])
7219
Vecsmall([2, 12, 14, 5, 9, 11, 16, 10, 15, 1, 4, 3, 8, 13, 7, 6])
7229
Vecsmall([11, 9, 4, 10, 12, 2, 3, 5, 13, 7, 14, 16, 6, 15, 1, 8])
7237
Vecsmall([11, 9, 4, 10, 12, 2, 3, 5, 13, 7, 14, 16, 6, 15, 1, 8])
7243
Vecsmall([13, 8, 1, 16, 6, 15, 5, 3, 11, 14, 7, 10, 12, 2, 4, 9])
7247
Vecsmall([7, 11, 16, 14, 10, 8, 1, 6, 12, 5, 2, 9, 15, 4, 13, 3])
7253
Vecsmall([11, 9, 4, 10, 12, 2, 3, 5, 13, 7, 14, 16, 6, 15, 1, 8])
7283
Vecsmall([10, 1, 12, 11, 4, 16, 15, 13, 5, 8, 6, 2, 14, 3, 9, 7])
7297
Vecsmall([8, 10, 2, 6, 11, 7, 9, 14, 4, 13, 16, 1, 3, 12, 5, 15])
7307
Vecsmall([10, 1, 12, 11, 4, 16, 15, 13, 5, 8, 6, 2, 14, 3, 9, 7])
7309
Vecsmall([11, 9, 4, 10, 12, 2, 3, 5, 13, 7, 14, 16, 6, 15, 1, 8])
7321
Vecsmall([1, 2, 3, 4, 5, 6, 7, 8, 9, 10, 11, 12, 13, 14, 15, 16])
7331
Vecsmall([3, 14, 8, 15, 7, 5, 11, 2, 16, 12, 9, 13, 1, 10, 6, 4])
7333
Vecsmall([11, 9, 4, 10, 12, 2, 3, 5, 13, 7, 14, 16, 6, 15, 1, 8])
7349
Vecsmall([15, 6, 7, 3, 8, 13, 10, 16, 2, 4, 1, 5, 9, 11, 14, 12])
7351
Vecsmall([7, 11, 16, 14, 10, 8, 1, 6, 12, 5, 2, 9, 15, 4, 13, 3])
7369
Vecsmall([1, 2, 3, 4, 5, 6, 7, 8, 9, 10, 11, 12, 13, 14, 15, 16])
7393
Vecsmall([1, 2, 3, 4, 5, 6, 7, 8, 9, 10, 11, 12, 13, 14, 15, 16])
7411
Vecsmall([10, 1, 12, 11, 4, 16, 15, 13, 5, 8, 6, 2, 14, 3, 9, 7])
7417
Vecsmall([14, 13, 10, 7, 16, 9, 4, 12, 6, 3, 15, 8, 2, 1, 11, 5])
7433
Vecsmall([1, 2, 3, 4, 5, 6, 7, 8, 9, 10, 11, 12, 13, 14, 15, 16])
7451
Vecsmall([10, 1, 12, 11, 4, 16, 15, 13, 5, 8, 6, 2, 14, 3, 9, 7])
7457
Vecsmall([8, 10, 2, 6, 11, 7, 9, 14, 4, 13, 16, 1, 3, 12, 5, 15])
7459
Vecsmall([2, 12, 14, 5, 9, 11, 16, 10, 15, 1, 4, 3, 8, 13, 7, 6])
7477
Vecsmall([5, 7, 9, 2, 14, 3, 13, 15, 10, 6, 8, 11, 4, 16, 12, 1])
7481
Vecsmall([8, 10, 2, 6, 11, 7, 9, 14, 4, 13, 16, 1, 3, 12, 5, 15])
7487
Vecsmall([6, 5, 11, 8, 2, 1, 12, 4, 14, 15, 3, 7, 16, 9, 10, 13])
7489
Vecsmall([14, 13, 10, 7, 16, 9, 4, 12, 6, 3, 15, 8, 2, 1, 11, 5])
7499
Vecsmall([10, 1, 12, 11, 4, 16, 15, 13, 5, 8, 6, 2, 14, 3, 9, 7])
7507
Vecsmall([3, 14, 8, 15, 7, 5, 11, 2, 16, 12, 9, 13, 1, 10, 6, 4])
7517
Vecsmall([15, 6, 7, 3, 8, 13, 10, 16, 2, 4, 1, 5, 9, 11, 14, 12])
7523
Vecsmall([10, 1, 12, 11, 4, 16, 15, 13, 5, 8, 6, 2, 14, 3, 9, 7])
7529
Vecsmall([12, 3, 13, 9, 15, 4, 6, 1, 7, 2, 5, 14, 10, 8, 16, 11])
7537
Vecsmall([12, 3, 13, 9, 15, 4, 6, 1, 7, 2, 5, 14, 10, 8, 16, 11])
7541
Vecsmall([15, 6, 7, 3, 8, 13, 10, 16, 2, 4, 1, 5, 9, 11, 14, 12])
7547
Vecsmall([2, 12, 14, 5, 9, 11, 16, 10, 15, 1, 4, 3, 8, 13, 7, 6])
7549
Vecsmall([5, 7, 9, 2, 14, 3, 13, 15, 10, 6, 8, 11, 4, 16, 12, 1])
7559
Vecsmall([4, 15, 5, 1, 3, 12, 14, 9, 8, 16, 13, 6, 11, 7, 2, 10])
7561
Vecsmall([1, 2, 3, 4, 5, 6, 7, 8, 9, 10, 11, 12, 13, 14, 15, 16])
7573
Vecsmall([15, 6, 7, 3, 8, 13, 10, 16, 2, 4, 1, 5, 9, 11, 14, 12])
7577
Vecsmall([8, 10, 2, 6, 11, 7, 9, 14, 4, 13, 16, 1, 3, 12, 5, 15])
7583
Vecsmall([9, 16, 15, 12, 13, 14, 8, 7, 1, 11, 10, 4, 5, 6, 3, 2])
7589
Vecsmall([11, 9, 4, 10, 12, 2, 3, 5, 13, 7, 14, 16, 6, 15, 1, 8])
7591
Vecsmall([9, 16, 15, 12, 13, 14, 8, 7, 1, 11, 10, 4, 5, 6, 3, 2])
7603
Vecsmall([13, 8, 1, 16, 6, 15, 5, 3, 11, 14, 7, 10, 12, 2, 4, 9])
7607
Vecsmall([6, 5, 11, 8, 2, 1, 12, 4, 14, 15, 3, 7, 16, 9, 10, 13])
7621
Vecsmall([5, 7, 9, 2, 14, 3, 13, 15, 10, 6, 8, 11, 4, 16, 12, 1])
7639
Vecsmall([7, 11, 16, 14, 10, 8, 1, 6, 12, 5, 2, 9, 15, 4, 13, 3])
7643
Vecsmall([10, 1, 12, 11, 4, 16, 15, 13, 5, 8, 6, 2, 14, 3, 9, 7])
7649
Vecsmall([8, 10, 2, 6, 11, 7, 9, 14, 4, 13, 16, 1, 3, 12, 5, 15])
7669
Vecsmall([11, 9, 4, 10, 12, 2, 3, 5, 13, 7, 14, 16, 6, 15, 1, 8])
7673
Vecsmall([14, 13, 10, 7, 16, 9, 4, 12, 6, 3, 15, 8, 2, 1, 11, 5])
7681
Vecsmall([12, 3, 13, 9, 15, 4, 6, 1, 7, 2, 5, 14, 10, 8, 16, 11])
7687
Vecsmall([7, 11, 16, 14, 10, 8, 1, 6, 12, 5, 2, 9, 15, 4, 13, 3])
7691
Vecsmall([10, 1, 12, 11, 4, 16, 15, 13, 5, 8, 6, 2, 14, 3, 9, 7])
7699
Vecsmall([10, 1, 12, 11, 4, 16, 15, 13, 5, 8, 6, 2, 14, 3, 9, 7])
7703
Vecsmall([7, 11, 16, 14, 10, 8, 1, 6, 12, 5, 2, 9, 15, 4, 13, 3])
7717
Vecsmall([16, 4, 6, 13, 1, 10, 2, 11, 3, 9, 12, 15, 7, 5, 8, 14])
7723
Vecsmall([2, 12, 14, 5, 9, 11, 16, 10, 15, 1, 4, 3, 8, 13, 7, 6])
7727
Vecsmall([9, 16, 15, 12, 13, 14, 8, 7, 1, 11, 10, 4, 5, 6, 3, 2])
7741
Vecsmall([11, 9, 4, 10, 12, 2, 3, 5, 13, 7, 14, 16, 6, 15, 1, 8])
7753
Vecsmall([12, 3, 13, 9, 15, 4, 6, 1, 7, 2, 5, 14, 10, 8, 16, 11])
7757
Vecsmall([11, 9, 4, 10, 12, 2, 3, 5, 13, 7, 14, 16, 6, 15, 1, 8])
7759
Vecsmall([6, 5, 11, 8, 2, 1, 12, 4, 14, 15, 3, 7, 16, 9, 10, 13])
7789
Vecsmall([15, 6, 7, 3, 8, 13, 10, 16, 2, 4, 1, 5, 9, 11, 14, 12])
7793
Vecsmall([1, 2, 3, 4, 5, 6, 7, 8, 9, 10, 11, 12, 13, 14, 15, 16])
7817
Vecsmall([12, 3, 13, 9, 15, 4, 6, 1, 7, 2, 5, 14, 10, 8, 16, 11])
7823
Vecsmall([9, 16, 15, 12, 13, 14, 8, 7, 1, 11, 10, 4, 5, 6, 3, 2])
7829
Vecsmall([15, 6, 7, 3, 8, 13, 10, 16, 2, 4, 1, 5, 9, 11, 14, 12])
7841
Vecsmall([14, 13, 10, 7, 16, 9, 4, 12, 6, 3, 15, 8, 2, 1, 11, 5])
7853
Vecsmall([15, 6, 7, 3, 8, 13, 10, 16, 2, 4, 1, 5, 9, 11, 14, 12])
7867
Vecsmall([2, 12, 14, 5, 9, 11, 16, 10, 15, 1, 4, 3, 8, 13, 7, 6])
7873
Vecsmall([12, 3, 13, 9, 15, 4, 6, 1, 7, 2, 5, 14, 10, 8, 16, 11])
7877
Vecsmall([11, 9, 4, 10, 12, 2, 3, 5, 13, 7, 14, 16, 6, 15, 1, 8])
7879
Vecsmall([4, 15, 5, 1, 3, 12, 14, 9, 8, 16, 13, 6, 11, 7, 2, 10])
7883
Vecsmall([10, 1, 12, 11, 4, 16, 15, 13, 5, 8, 6, 2, 14, 3, 9, 7])
7901
Vecsmall([15, 6, 7, 3, 8, 13, 10, 16, 2, 4, 1, 5, 9, 11, 14, 12])
7907
Vecsmall([13, 8, 1, 16, 6, 15, 5, 3, 11, 14, 7, 10, 12, 2, 4, 9])
7919
Vecsmall([4, 15, 5, 1, 3, 12, 14, 9, 8, 16, 13, 6, 11, 7, 2, 10])
7927
Vecsmall([7, 11, 16, 14, 10, 8, 1, 6, 12, 5, 2, 9, 15, 4, 13, 3])
7933
Vecsmall([11, 9, 4, 10, 12, 2, 3, 5, 13, 7, 14, 16, 6, 15, 1, 8])
7937
Vecsmall([12, 3, 13, 9, 15, 4, 6, 1, 7, 2, 5, 14, 10, 8, 16, 11])
7949
Vecsmall([11, 9, 4, 10, 12, 2, 3, 5, 13, 7, 14, 16, 6, 15, 1, 8])
7951
Vecsmall([9, 16, 15, 12, 13, 14, 8, 7, 1, 11, 10, 4, 5, 6, 3, 2])
7963
Vecsmall([2, 12, 14, 5, 9, 11, 16, 10, 15, 1, 4, 3, 8, 13, 7, 6])
7993
Vecsmall([8, 10, 2, 6, 11, 7, 9, 14, 4, 13, 16, 1, 3, 12, 5, 15])
8009
Vecsmall([1, 2, 3, 4, 5, 6, 7, 8, 9, 10, 11, 12, 13, 14, 15, 16])
8011
Vecsmall([10, 1, 12, 11, 4, 16, 15, 13, 5, 8, 6, 2, 14, 3, 9, 7])
8017
Vecsmall([12, 3, 13, 9, 15, 4, 6, 1, 7, 2, 5, 14, 10, 8, 16, 11])
8039
Vecsmall([4, 15, 5, 1, 3, 12, 14, 9, 8, 16, 13, 6, 11, 7, 2, 10])
8053
Vecsmall([15, 6, 7, 3, 8, 13, 10, 16, 2, 4, 1, 5, 9, 11, 14, 12])
8059
Vecsmall([3, 14, 8, 15, 7, 5, 11, 2, 16, 12, 9, 13, 1, 10, 6, 4])
8069
Vecsmall([16, 4, 6, 13, 1, 10, 2, 11, 3, 9, 12, 15, 7, 5, 8, 14])
8081
Vecsmall([1, 2, 3, 4, 5, 6, 7, 8, 9, 10, 11, 12, 13, 14, 15, 16])
8087
Vecsmall([9, 16, 15, 12, 13, 14, 8, 7, 1, 11, 10, 4, 5, 6, 3, 2])
8089
Vecsmall([14, 13, 10, 7, 16, 9, 4, 12, 6, 3, 15, 8, 2, 1, 11, 5])
8093
Vecsmall([16, 4, 6, 13, 1, 10, 2, 11, 3, 9, 12, 15, 7, 5, 8, 14])
8101
Vecsmall([15, 6, 7, 3, 8, 13, 10, 16, 2, 4, 1, 5, 9, 11, 14, 12])
8111
Vecsmall([7, 11, 16, 14, 10, 8, 1, 6, 12, 5, 2, 9, 15, 4, 13, 3])
8117
Vecsmall([5, 7, 9, 2, 14, 3, 13, 15, 10, 6, 8, 11, 4, 16, 12, 1])
8123
Vecsmall([3, 14, 8, 15, 7, 5, 11, 2, 16, 12, 9, 13, 1, 10, 6, 4])
8147
Vecsmall([2, 12, 14, 5, 9, 11, 16, 10, 15, 1, 4, 3, 8, 13, 7, 6])
8161
Vecsmall([14, 13, 10, 7, 16, 9, 4, 12, 6, 3, 15, 8, 2, 1, 11, 5])
8167
Vecsmall([9, 16, 15, 12, 13, 14, 8, 7, 1, 11, 10, 4, 5, 6, 3, 2])
8171
Vecsmall([13, 8, 1, 16, 6, 15, 5, 3, 11, 14, 7, 10, 12, 2, 4, 9])
8179
Vecsmall([3, 14, 8, 15, 7, 5, 11, 2, 16, 12, 9, 13, 1, 10, 6, 4])
8191
Vecsmall([6, 5, 11, 8, 2, 1, 12, 4, 14, 15, 3, 7, 16, 9, 10, 13])
8209
Vecsmall([14, 13, 10, 7, 16, 9, 4, 12, 6, 3, 15, 8, 2, 1, 11, 5])
8219
Vecsmall([13, 8, 1, 16, 6, 15, 5, 3, 11, 14, 7, 10, 12, 2, 4, 9])
8221
Vecsmall([15, 6, 7, 3, 8, 13, 10, 16, 2, 4, 1, 5, 9, 11, 14, 12])
8231
Vecsmall([9, 16, 15, 12, 13, 14, 8, 7, 1, 11, 10, 4, 5, 6, 3, 2])
8233
Vecsmall([12, 3, 13, 9, 15, 4, 6, 1, 7, 2, 5, 14, 10, 8, 16, 11])
8237
Vecsmall([11, 9, 4, 10, 12, 2, 3, 5, 13, 7, 14, 16, 6, 15, 1, 8])
8243
Vecsmall([10, 1, 12, 11, 4, 16, 15, 13, 5, 8, 6, 2, 14, 3, 9, 7])
8263
Vecsmall([6, 5, 11, 8, 2, 1, 12, 4, 14, 15, 3, 7, 16, 9, 10, 13])
8269
Vecsmall([11, 9, 4, 10, 12, 2, 3, 5, 13, 7, 14, 16, 6, 15, 1, 8])
8273
Vecsmall([1, 2, 3, 4, 5, 6, 7, 8, 9, 10, 11, 12, 13, 14, 15, 16])
8287
Vecsmall([7, 11, 16, 14, 10, 8, 1, 6, 12, 5, 2, 9, 15, 4, 13, 3])
8291
Vecsmall([10, 1, 12, 11, 4, 16, 15, 13, 5, 8, 6, 2, 14, 3, 9, 7])
8293
Vecsmall([15, 6, 7, 3, 8, 13, 10, 16, 2, 4, 1, 5, 9, 11, 14, 12])
8297
Vecsmall([14, 13, 10, 7, 16, 9, 4, 12, 6, 3, 15, 8, 2, 1, 11, 5])
8311
Vecsmall([4, 15, 5, 1, 3, 12, 14, 9, 8, 16, 13, 6, 11, 7, 2, 10])
8317
Vecsmall([11, 9, 4, 10, 12, 2, 3, 5, 13, 7, 14, 16, 6, 15, 1, 8])
8329
Vecsmall([14, 13, 10, 7, 16, 9, 4, 12, 6, 3, 15, 8, 2, 1, 11, 5])
8353
Vecsmall([12, 3, 13, 9, 15, 4, 6, 1, 7, 2, 5, 14, 10, 8, 16, 11])
8363
Vecsmall([13, 8, 1, 16, 6, 15, 5, 3, 11, 14, 7, 10, 12, 2, 4, 9])
8369
Vecsmall([14, 13, 10, 7, 16, 9, 4, 12, 6, 3, 15, 8, 2, 1, 11, 5])
8377
Vecsmall([14, 13, 10, 7, 16, 9, 4, 12, 6, 3, 15, 8, 2, 1, 11, 5])
8387
Vecsmall([3, 14, 8, 15, 7, 5, 11, 2, 16, 12, 9, 13, 1, 10, 6, 4])
8389
Vecsmall([11, 9, 4, 10, 12, 2, 3, 5, 13, 7, 14, 16, 6, 15, 1, 8])
8419
Vecsmall([2, 12, 14, 5, 9, 11, 16, 10, 15, 1, 4, 3, 8, 13, 7, 6])
8423
Vecsmall([6, 5, 11, 8, 2, 1, 12, 4, 14, 15, 3, 7, 16, 9, 10, 13])
8429
Vecsmall([16, 4, 6, 13, 1, 10, 2, 11, 3, 9, 12, 15, 7, 5, 8, 14])
8431
Vecsmall([4, 15, 5, 1, 3, 12, 14, 9, 8, 16, 13, 6, 11, 7, 2, 10])
8443
Vecsmall([2, 12, 14, 5, 9, 11, 16, 10, 15, 1, 4, 3, 8, 13, 7, 6])
8447
Vecsmall([7, 11, 16, 14, 10, 8, 1, 6, 12, 5, 2, 9, 15, 4, 13, 3])
8461
Vecsmall([11, 9, 4, 10, 12, 2, 3, 5, 13, 7, 14, 16, 6, 15, 1, 8])
8467
Vecsmall([2, 12, 14, 5, 9, 11, 16, 10, 15, 1, 4, 3, 8, 13, 7, 6])
8501
Vecsmall([16, 4, 6, 13, 1, 10, 2, 11, 3, 9, 12, 15, 7, 5, 8, 14])
8513
Vecsmall([8, 10, 2, 6, 11, 7, 9, 14, 4, 13, 16, 1, 3, 12, 5, 15])
8521
Vecsmall([1, 2, 3, 4, 5, 6, 7, 8, 9, 10, 11, 12, 13, 14, 15, 16])
8527
Vecsmall([9, 16, 15, 12, 13, 14, 8, 7, 1, 11, 10, 4, 5, 6, 3, 2])
8537
Vecsmall([12, 3, 13, 9, 15, 4, 6, 1, 7, 2, 5, 14, 10, 8, 16, 11])
8539
Vecsmall([10, 1, 12, 11, 4, 16, 15, 13, 5, 8, 6, 2, 14, 3, 9, 7])
8543
Vecsmall([6, 5, 11, 8, 2, 1, 12, 4, 14, 15, 3, 7, 16, 9, 10, 13])
8563
Vecsmall([3, 14, 8, 15, 7, 5, 11, 2, 16, 12, 9, 13, 1, 10, 6, 4])
8573
Vecsmall([15, 6, 7, 3, 8, 13, 10, 16, 2, 4, 1, 5, 9, 11, 14, 12])
8581
Vecsmall([11, 9, 4, 10, 12, 2, 3, 5, 13, 7, 14, 16, 6, 15, 1, 8])
8597
Vecsmall([16, 4, 6, 13, 1, 10, 2, 11, 3, 9, 12, 15, 7, 5, 8, 14])
8599
Vecsmall([4, 15, 5, 1, 3, 12, 14, 9, 8, 16, 13, 6, 11, 7, 2, 10])
8609
Vecsmall([1, 2, 3, 4, 5, 6, 7, 8, 9, 10, 11, 12, 13, 14, 15, 16])
8623
Vecsmall([9, 16, 15, 12, 13, 14, 8, 7, 1, 11, 10, 4, 5, 6, 3, 2])
8627
Vecsmall([2, 12, 14, 5, 9, 11, 16, 10, 15, 1, 4, 3, 8, 13, 7, 6])
8629
Vecsmall([15, 6, 7, 3, 8, 13, 10, 16, 2, 4, 1, 5, 9, 11, 14, 12])
8641
Vecsmall([8, 10, 2, 6, 11, 7, 9, 14, 4, 13, 16, 1, 3, 12, 5, 15])
8647
Vecsmall([7, 11, 16, 14, 10, 8, 1, 6, 12, 5, 2, 9, 15, 4, 13, 3])
8663
Vecsmall([4, 15, 5, 1, 3, 12, 14, 9, 8, 16, 13, 6, 11, 7, 2, 10])
8669
Vecsmall([15, 6, 7, 3, 8, 13, 10, 16, 2, 4, 1, 5, 9, 11, 14, 12])
8677
Vecsmall([11, 9, 4, 10, 12, 2, 3, 5, 13, 7, 14, 16, 6, 15, 1, 8])
8681
Vecsmall([1, 2, 3, 4, 5, 6, 7, 8, 9, 10, 11, 12, 13, 14, 15, 16])
8689
Vecsmall([8, 10, 2, 6, 11, 7, 9, 14, 4, 13, 16, 1, 3, 12, 5, 15])
8693
Vecsmall([15, 6, 7, 3, 8, 13, 10, 16, 2, 4, 1, 5, 9, 11, 14, 12])
8699
Vecsmall([13, 8, 1, 16, 6, 15, 5, 3, 11, 14, 7, 10, 12, 2, 4, 9])
8707
Vecsmall([2, 12, 14, 5, 9, 11, 16, 10, 15, 1, 4, 3, 8, 13, 7, 6])
8713
Vecsmall([12, 3, 13, 9, 15, 4, 6, 1, 7, 2, 5, 14, 10, 8, 16, 11])
8719
Vecsmall([7, 11, 16, 14, 10, 8, 1, 6, 12, 5, 2, 9, 15, 4, 13, 3])
8731
Vecsmall([3, 14, 8, 15, 7, 5, 11, 2, 16, 12, 9, 13, 1, 10, 6, 4])
8737
Vecsmall([8, 10, 2, 6, 11, 7, 9, 14, 4, 13, 16, 1, 3, 12, 5, 15])
8741
Vecsmall([15, 6, 7, 3, 8, 13, 10, 16, 2, 4, 1, 5, 9, 11, 14, 12])
8747
Vecsmall([2, 12, 14, 5, 9, 11, 16, 10, 15, 1, 4, 3, 8, 13, 7, 6])
8753
Vecsmall([8, 10, 2, 6, 11, 7, 9, 14, 4, 13, 16, 1, 3, 12, 5, 15])
8761
Vecsmall([8, 10, 2, 6, 11, 7, 9, 14, 4, 13, 16, 1, 3, 12, 5, 15])
8779
Vecsmall([2, 12, 14, 5, 9, 11, 16, 10, 15, 1, 4, 3, 8, 13, 7, 6])
8783
Vecsmall([4, 15, 5, 1, 3, 12, 14, 9, 8, 16, 13, 6, 11, 7, 2, 10])
8803
Vecsmall([10, 1, 12, 11, 4, 16, 15, 13, 5, 8, 6, 2, 14, 3, 9, 7])
8807
Vecsmall([9, 16, 15, 12, 13, 14, 8, 7, 1, 11, 10, 4, 5, 6, 3, 2])
8819
Vecsmall([3, 14, 8, 15, 7, 5, 11, 2, 16, 12, 9, 13, 1, 10, 6, 4])
8821
Vecsmall([15, 6, 7, 3, 8, 13, 10, 16, 2, 4, 1, 5, 9, 11, 14, 12])
8831
Vecsmall([4, 15, 5, 1, 3, 12, 14, 9, 8, 16, 13, 6, 11, 7, 2, 10])
8837
Vecsmall([15, 6, 7, 3, 8, 13, 10, 16, 2, 4, 1, 5, 9, 11, 14, 12])
8839
Vecsmall([4, 15, 5, 1, 3, 12, 14, 9, 8, 16, 13, 6, 11, 7, 2, 10])
8849
Vecsmall([8, 10, 2, 6, 11, 7, 9, 14, 4, 13, 16, 1, 3, 12, 5, 15])
8861
Vecsmall([11, 9, 4, 10, 12, 2, 3, 5, 13, 7, 14, 16, 6, 15, 1, 8])
8863
Vecsmall([4, 15, 5, 1, 3, 12, 14, 9, 8, 16, 13, 6, 11, 7, 2, 10])
8867
Vecsmall([13, 8, 1, 16, 6, 15, 5, 3, 11, 14, 7, 10, 12, 2, 4, 9])
8887
Vecsmall([9, 16, 15, 12, 13, 14, 8, 7, 1, 11, 10, 4, 5, 6, 3, 2])
8893
Vecsmall([11, 9, 4, 10, 12, 2, 3, 5, 13, 7, 14, 16, 6, 15, 1, 8])
8923
Vecsmall([10, 1, 12, 11, 4, 16, 15, 13, 5, 8, 6, 2, 14, 3, 9, 7])
8929
Vecsmall([8, 10, 2, 6, 11, 7, 9, 14, 4, 13, 16, 1, 3, 12, 5, 15])
8933
Vecsmall([15, 6, 7, 3, 8, 13, 10, 16, 2, 4, 1, 5, 9, 11, 14, 12])
8941
Vecsmall([16, 4, 6, 13, 1, 10, 2, 11, 3, 9, 12, 15, 7, 5, 8, 14])
8951
Vecsmall([9, 16, 15, 12, 13, 14, 8, 7, 1, 11, 10, 4, 5, 6, 3, 2])
8963
Vecsmall([13, 8, 1, 16, 6, 15, 5, 3, 11, 14, 7, 10, 12, 2, 4, 9])
8969
Vecsmall([8, 10, 2, 6, 11, 7, 9, 14, 4, 13, 16, 1, 3, 12, 5, 15])
8971
Vecsmall([3, 14, 8, 15, 7, 5, 11, 2, 16, 12, 9, 13, 1, 10, 6, 4])
8999
Vecsmall([9, 16, 15, 12, 13, 14, 8, 7, 1, 11, 10, 4, 5, 6, 3, 2])
9001
Vecsmall([8, 10, 2, 6, 11, 7, 9, 14, 4, 13, 16, 1, 3, 12, 5, 15])
9007
Vecsmall([7, 11, 16, 14, 10, 8, 1, 6, 12, 5, 2, 9, 15, 4, 13, 3])
9011
Vecsmall([10, 1, 12, 11, 4, 16, 15, 13, 5, 8, 6, 2, 14, 3, 9, 7])
9013
Vecsmall([11, 9, 4, 10, 12, 2, 3, 5, 13, 7, 14, 16, 6, 15, 1, 8])
9029
Vecsmall([16, 4, 6, 13, 1, 10, 2, 11, 3, 9, 12, 15, 7, 5, 8, 14])
9041
Vecsmall([12, 3, 13, 9, 15, 4, 6, 1, 7, 2, 5, 14, 10, 8, 16, 11])
9043
Vecsmall([13, 8, 1, 16, 6, 15, 5, 3, 11, 14, 7, 10, 12, 2, 4, 9])
9049
Vecsmall([1, 2, 3, 4, 5, 6, 7, 8, 9, 10, 11, 12, 13, 14, 15, 16])
9059
Vecsmall([10, 1, 12, 11, 4, 16, 15, 13, 5, 8, 6, 2, 14, 3, 9, 7])
9067
Vecsmall([2, 12, 14, 5, 9, 11, 16, 10, 15, 1, 4, 3, 8, 13, 7, 6])
9091
Vecsmall([13, 8, 1, 16, 6, 15, 5, 3, 11, 14, 7, 10, 12, 2, 4, 9])
9103
Vecsmall([9, 16, 15, 12, 13, 14, 8, 7, 1, 11, 10, 4, 5, 6, 3, 2])
9109
Vecsmall([11, 9, 4, 10, 12, 2, 3, 5, 13, 7, 14, 16, 6, 15, 1, 8])
9127
Vecsmall([6, 5, 11, 8, 2, 1, 12, 4, 14, 15, 3, 7, 16, 9, 10, 13])
9133
Vecsmall([15, 6, 7, 3, 8, 13, 10, 16, 2, 4, 1, 5, 9, 11, 14, 12])
9137
Vecsmall([14, 13, 10, 7, 16, 9, 4, 12, 6, 3, 15, 8, 2, 1, 11, 5])
9151
Vecsmall([6, 5, 11, 8, 2, 1, 12, 4, 14, 15, 3, 7, 16, 9, 10, 13])
9157
Vecsmall([15, 6, 7, 3, 8, 13, 10, 16, 2, 4, 1, 5, 9, 11, 14, 12])
9161
Vecsmall([14, 13, 10, 7, 16, 9, 4, 12, 6, 3, 15, 8, 2, 1, 11, 5])
9173
Vecsmall([11, 9, 4, 10, 12, 2, 3, 5, 13, 7, 14, 16, 6, 15, 1, 8])
9181
Vecsmall([11, 9, 4, 10, 12, 2, 3, 5, 13, 7, 14, 16, 6, 15, 1, 8])
9187
Vecsmall([3, 14, 8, 15, 7, 5, 11, 2, 16, 12, 9, 13, 1, 10, 6, 4])
9199
Vecsmall([6, 5, 11, 8, 2, 1, 12, 4, 14, 15, 3, 7, 16, 9, 10, 13])
9203
Vecsmall([13, 8, 1, 16, 6, 15, 5, 3, 11, 14, 7, 10, 12, 2, 4, 9])
9209
Vecsmall([8, 10, 2, 6, 11, 7, 9, 14, 4, 13, 16, 1, 3, 12, 5, 15])
9221
Vecsmall([11, 9, 4, 10, 12, 2, 3, 5, 13, 7, 14, 16, 6, 15, 1, 8])
9227
Vecsmall([2, 12, 14, 5, 9, 11, 16, 10, 15, 1, 4, 3, 8, 13, 7, 6])
9239
Vecsmall([4, 15, 5, 1, 3, 12, 14, 9, 8, 16, 13, 6, 11, 7, 2, 10])
9241
Vecsmall([8, 10, 2, 6, 11, 7, 9, 14, 4, 13, 16, 1, 3, 12, 5, 15])
9257
Vecsmall([1, 2, 3, 4, 5, 6, 7, 8, 9, 10, 11, 12, 13, 14, 15, 16])
9277
Vecsmall([5, 7, 9, 2, 14, 3, 13, 15, 10, 6, 8, 11, 4, 16, 12, 1])
9281
Vecsmall([1, 2, 3, 4, 5, 6, 7, 8, 9, 10, 11, 12, 13, 14, 15, 16])
9283
Vecsmall([3, 14, 8, 15, 7, 5, 11, 2, 16, 12, 9, 13, 1, 10, 6, 4])
9293
Vecsmall([15, 6, 7, 3, 8, 13, 10, 16, 2, 4, 1, 5, 9, 11, 14, 12])
9311
Vecsmall([9, 16, 15, 12, 13, 14, 8, 7, 1, 11, 10, 4, 5, 6, 3, 2])
9319
Vecsmall([7, 11, 16, 14, 10, 8, 1, 6, 12, 5, 2, 9, 15, 4, 13, 3])
9323
Vecsmall([13, 8, 1, 16, 6, 15, 5, 3, 11, 14, 7, 10, 12, 2, 4, 9])
9337
Vecsmall([8, 10, 2, 6, 11, 7, 9, 14, 4, 13, 16, 1, 3, 12, 5, 15])
9341
Vecsmall([15, 6, 7, 3, 8, 13, 10, 16, 2, 4, 1, 5, 9, 11, 14, 12])
9343
Vecsmall([4, 15, 5, 1, 3, 12, 14, 9, 8, 16, 13, 6, 11, 7, 2, 10])
9349
Vecsmall([11, 9, 4, 10, 12, 2, 3, 5, 13, 7, 14, 16, 6, 15, 1, 8])
9371
Vecsmall([10, 1, 12, 11, 4, 16, 15, 13, 5, 8, 6, 2, 14, 3, 9, 7])
9377
Vecsmall([14, 13, 10, 7, 16, 9, 4, 12, 6, 3, 15, 8, 2, 1, 11, 5])
9391
Vecsmall([6, 5, 11, 8, 2, 1, 12, 4, 14, 15, 3, 7, 16, 9, 10, 13])
9397
Vecsmall([15, 6, 7, 3, 8, 13, 10, 16, 2, 4, 1, 5, 9, 11, 14, 12])
9403
Vecsmall([2, 12, 14, 5, 9, 11, 16, 10, 15, 1, 4, 3, 8, 13, 7, 6])
9413
Vecsmall([15, 6, 7, 3, 8, 13, 10, 16, 2, 4, 1, 5, 9, 11, 14, 12])
9419
Vecsmall([13, 8, 1, 16, 6, 15, 5, 3, 11, 14, 7, 10, 12, 2, 4, 9])
9421
Vecsmall([15, 6, 7, 3, 8, 13, 10, 16, 2, 4, 1, 5, 9, 11, 14, 12])
9431
Vecsmall([6, 5, 11, 8, 2, 1, 12, 4, 14, 15, 3, 7, 16, 9, 10, 13])
9433
Vecsmall([14, 13, 10, 7, 16, 9, 4, 12, 6, 3, 15, 8, 2, 1, 11, 5])
9437
Vecsmall([15, 6, 7, 3, 8, 13, 10, 16, 2, 4, 1, 5, 9, 11, 14, 12])
9439
Vecsmall([7, 11, 16, 14, 10, 8, 1, 6, 12, 5, 2, 9, 15, 4, 13, 3])
9461
Vecsmall([16, 4, 6, 13, 1, 10, 2, 11, 3, 9, 12, 15, 7, 5, 8, 14])
9463
Vecsmall([4, 15, 5, 1, 3, 12, 14, 9, 8, 16, 13, 6, 11, 7, 2, 10])
9467
Vecsmall([10, 1, 12, 11, 4, 16, 15, 13, 5, 8, 6, 2, 14, 3, 9, 7])
9473
Vecsmall([14, 13, 10, 7, 16, 9, 4, 12, 6, 3, 15, 8, 2, 1, 11, 5])
9479
Vecsmall([9, 16, 15, 12, 13, 14, 8, 7, 1, 11, 10, 4, 5, 6, 3, 2])
9491
Vecsmall([2, 12, 14, 5, 9, 11, 16, 10, 15, 1, 4, 3, 8, 13, 7, 6])
9497
Vecsmall([1, 2, 3, 4, 5, 6, 7, 8, 9, 10, 11, 12, 13, 14, 15, 16])
9511
Vecsmall([6, 5, 11, 8, 2, 1, 12, 4, 14, 15, 3, 7, 16, 9, 10, 13])
9521
Vecsmall([1, 2, 3, 4, 5, 6, 7, 8, 9, 10, 11, 12, 13, 14, 15, 16])
9533
Vecsmall([11, 9, 4, 10, 12, 2, 3, 5, 13, 7, 14, 16, 6, 15, 1, 8])
9539
Vecsmall([3, 14, 8, 15, 7, 5, 11, 2, 16, 12, 9, 13, 1, 10, 6, 4])
9547
Vecsmall([13, 8, 1, 16, 6, 15, 5, 3, 11, 14, 7, 10, 12, 2, 4, 9])
9551
Vecsmall([6, 5, 11, 8, 2, 1, 12, 4, 14, 15, 3, 7, 16, 9, 10, 13])
9587
Vecsmall([13, 8, 1, 16, 6, 15, 5, 3, 11, 14, 7, 10, 12, 2, 4, 9])
9601
Vecsmall([14, 13, 10, 7, 16, 9, 4, 12, 6, 3, 15, 8, 2, 1, 11, 5])
9613
Vecsmall([11, 9, 4, 10, 12, 2, 3, 5, 13, 7, 14, 16, 6, 15, 1, 8])
9619
Vecsmall([2, 12, 14, 5, 9, 11, 16, 10, 15, 1, 4, 3, 8, 13, 7, 6])
9623
Vecsmall([6, 5, 11, 8, 2, 1, 12, 4, 14, 15, 3, 7, 16, 9, 10, 13])
9629
Vecsmall([11, 9, 4, 10, 12, 2, 3, 5, 13, 7, 14, 16, 6, 15, 1, 8])
9631
Vecsmall([6, 5, 11, 8, 2, 1, 12, 4, 14, 15, 3, 7, 16, 9, 10, 13])
9643
Vecsmall([10, 1, 12, 11, 4, 16, 15, 13, 5, 8, 6, 2, 14, 3, 9, 7])
9649
Vecsmall([1, 2, 3, 4, 5, 6, 7, 8, 9, 10, 11, 12, 13, 14, 15, 16])
9661
Vecsmall([11, 9, 4, 10, 12, 2, 3, 5, 13, 7, 14, 16, 6, 15, 1, 8])
9677
Vecsmall([15, 6, 7, 3, 8, 13, 10, 16, 2, 4, 1, 5, 9, 11, 14, 12])
9679
Vecsmall([4, 15, 5, 1, 3, 12, 14, 9, 8, 16, 13, 6, 11, 7, 2, 10])
9689
Vecsmall([1, 2, 3, 4, 5, 6, 7, 8, 9, 10, 11, 12, 13, 14, 15, 16])
9697
Vecsmall([14, 13, 10, 7, 16, 9, 4, 12, 6, 3, 15, 8, 2, 1, 11, 5])
9719
Vecsmall([9, 16, 15, 12, 13, 14, 8, 7, 1, 11, 10, 4, 5, 6, 3, 2])
9721
Vecsmall([12, 3, 13, 9, 15, 4, 6, 1, 7, 2, 5, 14, 10, 8, 16, 11])
9733
Vecsmall([11, 9, 4, 10, 12, 2, 3, 5, 13, 7, 14, 16, 6, 15, 1, 8])
9739
Vecsmall([13, 8, 1, 16, 6, 15, 5, 3, 11, 14, 7, 10, 12, 2, 4, 9])
9743
Vecsmall([4, 15, 5, 1, 3, 12, 14, 9, 8, 16, 13, 6, 11, 7, 2, 10])
9749
Vecsmall([11, 9, 4, 10, 12, 2, 3, 5, 13, 7, 14, 16, 6, 15, 1, 8])
9767
Vecsmall([4, 15, 5, 1, 3, 12, 14, 9, 8, 16, 13, 6, 11, 7, 2, 10])
9769
Vecsmall([12, 3, 13, 9, 15, 4, 6, 1, 7, 2, 5, 14, 10, 8, 16, 11])
9781
Vecsmall([11, 9, 4, 10, 12, 2, 3, 5, 13, 7, 14, 16, 6, 15, 1, 8])
9787
Vecsmall([3, 14, 8, 15, 7, 5, 11, 2, 16, 12, 9, 13, 1, 10, 6, 4])
9791
Vecsmall([7, 11, 16, 14, 10, 8, 1, 6, 12, 5, 2, 9, 15, 4, 13, 3])
9803
Vecsmall([2, 12, 14, 5, 9, 11, 16, 10, 15, 1, 4, 3, 8, 13, 7, 6])
9811
Vecsmall([13, 8, 1, 16, 6, 15, 5, 3, 11, 14, 7, 10, 12, 2, 4, 9])
9817
Vecsmall([1, 2, 3, 4, 5, 6, 7, 8, 9, 10, 11, 12, 13, 14, 15, 16])
9829
Vecsmall([11, 9, 4, 10, 12, 2, 3, 5, 13, 7, 14, 16, 6, 15, 1, 8])
9833
Vecsmall([1, 2, 3, 4, 5, 6, 7, 8, 9, 10, 11, 12, 13, 14, 15, 16])
9839
Vecsmall([7, 11, 16, 14, 10, 8, 1, 6, 12, 5, 2, 9, 15, 4, 13, 3])
9851
Vecsmall([13, 8, 1, 16, 6, 15, 5, 3, 11, 14, 7, 10, 12, 2, 4, 9])
9857
Vecsmall([12, 3, 13, 9, 15, 4, 6, 1, 7, 2, 5, 14, 10, 8, 16, 11])
9859
Vecsmall([2, 12, 14, 5, 9, 11, 16, 10, 15, 1, 4, 3, 8, 13, 7, 6])
9871
Vecsmall([4, 15, 5, 1, 3, 12, 14, 9, 8, 16, 13, 6, 11, 7, 2, 10])
9883
Vecsmall([13, 8, 1, 16, 6, 15, 5, 3, 11, 14, 7, 10, 12, 2, 4, 9])
9887
Vecsmall([9, 16, 15, 12, 13, 14, 8, 7, 1, 11, 10, 4, 5, 6, 3, 2])
9901
Vecsmall([15, 6, 7, 3, 8, 13, 10, 16, 2, 4, 1, 5, 9, 11, 14, 12])
9907
Vecsmall([13, 8, 1, 16, 6, 15, 5, 3, 11, 14, 7, 10, 12, 2, 4, 9])
9923
Vecsmall([2, 12, 14, 5, 9, 11, 16, 10, 15, 1, 4, 3, 8, 13, 7, 6])
9929
Vecsmall([14, 13, 10, 7, 16, 9, 4, 12, 6, 3, 15, 8, 2, 1, 11, 5])
9931
Vecsmall([2, 12, 14, 5, 9, 11, 16, 10, 15, 1, 4, 3, 8, 13, 7, 6])
9941
Vecsmall([15, 6, 7, 3, 8, 13, 10, 16, 2, 4, 1, 5, 9, 11, 14, 12])
9949
Vecsmall([11, 9, 4, 10, 12, 2, 3, 5, 13, 7, 14, 16, 6, 15, 1, 8])
9967
Vecsmall([9, 16, 15, 12, 13, 14, 8, 7, 1, 11, 10, 4, 5, 6, 3, 2])
9973
Vecsmall([15, 6, 7, 3, 8, 13, 10, 16, 2, 4, 1, 5, 9, 11, 14, 12])
