Extension
#3
\mu
\sqrt[4]{2}
sqrt(alpha)
sqrt(sqrt(2))
Mod(-1/7*y^7 + 11/84*y^6 + 11/42*y^5 - 73/84*y^4 + 29/21*y^3 + 111/28*y^2 - 223/42*y + 95/28, y^8 + 8*y^5 - 2*y^4 - 16*y^3 + 32*y^2 - 24*y + 9)


Galois identify
[16, 3]


Galois conjug classes
[[Vecsmall([1, 2, 3, 4, 5, 6, 7, 8, 9, 10, 11, 12, 13, 14, 15, 16])], [Vecsmall([8, 14, 1, 6, 7, 16, 15, 10, 13, 3, 5, 4, 2, 9, 11, 12]), Vecsmall([2, 10, 13, 11, 12, 5, 4, 14, 1, 9, 16, 15, 8, 3, 6, 7])], [Vecsmall([9, 1, 14, 7, 6, 15, 16, 13, 10, 2, 4, 5, 3, 8, 12, 11]), Vecsmall([3, 13, 10, 12, 11, 4, 5, 1, 14, 8, 15, 16, 9, 2, 7, 6])], [Vecsmall([15, 11, 12, 13, 10, 8, 9, 6, 7, 5, 2, 3, 4, 16, 1, 14]), Vecsmall([4, 6, 7, 1, 14, 2, 3, 11, 12, 16, 8, 9, 15, 5, 13, 10])], [Vecsmall([16, 12, 11, 10, 13, 9, 8, 7, 6, 4, 3, 2, 5, 15, 14, 1]), Vecsmall([5, 7, 6, 14, 1, 3, 2, 12, 11, 15, 9, 8, 16, 4, 10, 13])], [Vecsmall([11, 5, 4, 2, 3, 10, 13, 16, 15, 7, 14, 1, 6, 12, 8, 9]), Vecsmall([6, 16, 15, 8, 9, 14, 1, 5, 4, 12, 10, 13, 11, 7, 2, 3])], [Vecsmall([12, 4, 5, 3, 2, 13, 10, 15, 16, 6, 1, 14, 7, 11, 9, 8]), Vecsmall([7, 15, 16, 9, 8, 1, 14, 4, 5, 11, 13, 10, 12, 6, 3, 2])], [Vecsmall([10, 9, 8, 16, 15, 12, 11, 3, 2, 1, 7, 6, 14, 13, 5, 4])], [Vecsmall([13, 8, 9, 15, 16, 11, 12, 2, 3, 14, 6, 7, 1, 10, 4, 5])], [Vecsmall([14, 3, 2, 5, 4, 7, 6, 9, 8, 13, 12, 11, 10, 1, 16, 15])]]


3
Vecsmall([7, 15, 16, 9, 8, 1, 14, 4, 5, 11, 13, 10, 12, 6, 3, 2])
5
Vecsmall([8, 14, 1, 6, 7, 16, 15, 10, 13, 3, 5, 4, 2, 9, 11, 12])
7
Vecsmall([16, 12, 11, 10, 13, 9, 8, 7, 6, 4, 3, 2, 5, 15, 14, 1])
11
Vecsmall([6, 16, 15, 8, 9, 14, 1, 5, 4, 12, 10, 13, 11, 7, 2, 3])
13
Vecsmall([3, 13, 10, 12, 11, 4, 5, 1, 14, 8, 15, 16, 9, 2, 7, 6])
17
Vecsmall([13, 8, 9, 15, 16, 11, 12, 2, 3, 14, 6, 7, 1, 10, 4, 5])
19
Vecsmall([12, 4, 5, 3, 2, 13, 10, 15, 16, 6, 1, 14, 7, 11, 9, 8])
23
Vecsmall([5, 7, 6, 14, 1, 3, 2, 12, 11, 15, 9, 8, 16, 4, 10, 13])
29
Vecsmall([9, 1, 14, 7, 6, 15, 16, 13, 10, 2, 4, 5, 3, 8, 12, 11])
31
Vecsmall([15, 11, 12, 13, 10, 8, 9, 6, 7, 5, 2, 3, 4, 16, 1, 14])
37
Vecsmall([2, 10, 13, 11, 12, 5, 4, 14, 1, 9, 16, 15, 8, 3, 6, 7])
41
Vecsmall([10, 9, 8, 16, 15, 12, 11, 3, 2, 1, 7, 6, 14, 13, 5, 4])
43
Vecsmall([6, 16, 15, 8, 9, 14, 1, 5, 4, 12, 10, 13, 11, 7, 2, 3])
47
Vecsmall([15, 11, 12, 13, 10, 8, 9, 6, 7, 5, 2, 3, 4, 16, 1, 14])
53
Vecsmall([2, 10, 13, 11, 12, 5, 4, 14, 1, 9, 16, 15, 8, 3, 6, 7])
59
Vecsmall([6, 16, 15, 8, 9, 14, 1, 5, 4, 12, 10, 13, 11, 7, 2, 3])
61
Vecsmall([3, 13, 10, 12, 11, 4, 5, 1, 14, 8, 15, 16, 9, 2, 7, 6])
67
Vecsmall([7, 15, 16, 9, 8, 1, 14, 4, 5, 11, 13, 10, 12, 6, 3, 2])
71
Vecsmall([5, 7, 6, 14, 1, 3, 2, 12, 11, 15, 9, 8, 16, 4, 10, 13])
73
Vecsmall([14, 3, 2, 5, 4, 7, 6, 9, 8, 13, 12, 11, 10, 1, 16, 15])
79
Vecsmall([15, 11, 12, 13, 10, 8, 9, 6, 7, 5, 2, 3, 4, 16, 1, 14])
83
Vecsmall([7, 15, 16, 9, 8, 1, 14, 4, 5, 11, 13, 10, 12, 6, 3, 2])
89
Vecsmall([14, 3, 2, 5, 4, 7, 6, 9, 8, 13, 12, 11, 10, 1, 16, 15])
97
Vecsmall([13, 8, 9, 15, 16, 11, 12, 2, 3, 14, 6, 7, 1, 10, 4, 5])
101
Vecsmall([8, 14, 1, 6, 7, 16, 15, 10, 13, 3, 5, 4, 2, 9, 11, 12])
103
Vecsmall([5, 7, 6, 14, 1, 3, 2, 12, 11, 15, 9, 8, 16, 4, 10, 13])
107
Vecsmall([6, 16, 15, 8, 9, 14, 1, 5, 4, 12, 10, 13, 11, 7, 2, 3])
109
Vecsmall([3, 13, 10, 12, 11, 4, 5, 1, 14, 8, 15, 16, 9, 2, 7, 6])
113
Vecsmall([1, 2, 3, 4, 5, 6, 7, 8, 9, 10, 11, 12, 13, 14, 15, 16])
127
Vecsmall([4, 6, 7, 1, 14, 2, 3, 11, 12, 16, 8, 9, 15, 5, 13, 10])
131
Vecsmall([12, 4, 5, 3, 2, 13, 10, 15, 16, 6, 1, 14, 7, 11, 9, 8])
137
Vecsmall([10, 9, 8, 16, 15, 12, 11, 3, 2, 1, 7, 6, 14, 13, 5, 4])
139
Vecsmall([6, 16, 15, 8, 9, 14, 1, 5, 4, 12, 10, 13, 11, 7, 2, 3])
149
Vecsmall([8, 14, 1, 6, 7, 16, 15, 10, 13, 3, 5, 4, 2, 9, 11, 12])
151
Vecsmall([16, 12, 11, 10, 13, 9, 8, 7, 6, 4, 3, 2, 5, 15, 14, 1])
157
Vecsmall([9, 1, 14, 7, 6, 15, 16, 13, 10, 2, 4, 5, 3, 8, 12, 11])
163
Vecsmall([7, 15, 16, 9, 8, 1, 14, 4, 5, 11, 13, 10, 12, 6, 3, 2])
167
Vecsmall([16, 12, 11, 10, 13, 9, 8, 7, 6, 4, 3, 2, 5, 15, 14, 1])
173
Vecsmall([9, 1, 14, 7, 6, 15, 16, 13, 10, 2, 4, 5, 3, 8, 12, 11])
179
Vecsmall([12, 4, 5, 3, 2, 13, 10, 15, 16, 6, 1, 14, 7, 11, 9, 8])
181
Vecsmall([2, 10, 13, 11, 12, 5, 4, 14, 1, 9, 16, 15, 8, 3, 6, 7])
191
Vecsmall([4, 6, 7, 1, 14, 2, 3, 11, 12, 16, 8, 9, 15, 5, 13, 10])
193
Vecsmall([13, 8, 9, 15, 16, 11, 12, 2, 3, 14, 6, 7, 1, 10, 4, 5])
197
Vecsmall([2, 10, 13, 11, 12, 5, 4, 14, 1, 9, 16, 15, 8, 3, 6, 7])
199
Vecsmall([16, 12, 11, 10, 13, 9, 8, 7, 6, 4, 3, 2, 5, 15, 14, 1])
211
Vecsmall([7, 15, 16, 9, 8, 1, 14, 4, 5, 11, 13, 10, 12, 6, 3, 2])
223
Vecsmall([15, 11, 12, 13, 10, 8, 9, 6, 7, 5, 2, 3, 4, 16, 1, 14])
227
Vecsmall([12, 4, 5, 3, 2, 13, 10, 15, 16, 6, 1, 14, 7, 11, 9, 8])
229
Vecsmall([8, 14, 1, 6, 7, 16, 15, 10, 13, 3, 5, 4, 2, 9, 11, 12])
233
Vecsmall([14, 3, 2, 5, 4, 7, 6, 9, 8, 13, 12, 11, 10, 1, 16, 15])
239
Vecsmall([4, 6, 7, 1, 14, 2, 3, 11, 12, 16, 8, 9, 15, 5, 13, 10])
241
Vecsmall([13, 8, 9, 15, 16, 11, 12, 2, 3, 14, 6, 7, 1, 10, 4, 5])
251
Vecsmall([6, 16, 15, 8, 9, 14, 1, 5, 4, 12, 10, 13, 11, 7, 2, 3])
257
Vecsmall([1, 2, 3, 4, 5, 6, 7, 8, 9, 10, 11, 12, 13, 14, 15, 16])
263
Vecsmall([5, 7, 6, 14, 1, 3, 2, 12, 11, 15, 9, 8, 16, 4, 10, 13])
269
Vecsmall([9, 1, 14, 7, 6, 15, 16, 13, 10, 2, 4, 5, 3, 8, 12, 11])
271
Vecsmall([15, 11, 12, 13, 10, 8, 9, 6, 7, 5, 2, 3, 4, 16, 1, 14])
277
Vecsmall([8, 14, 1, 6, 7, 16, 15, 10, 13, 3, 5, 4, 2, 9, 11, 12])
281
Vecsmall([14, 3, 2, 5, 4, 7, 6, 9, 8, 13, 12, 11, 10, 1, 16, 15])
283
Vecsmall([6, 16, 15, 8, 9, 14, 1, 5, 4, 12, 10, 13, 11, 7, 2, 3])
293
Vecsmall([2, 10, 13, 11, 12, 5, 4, 14, 1, 9, 16, 15, 8, 3, 6, 7])
307
Vecsmall([12, 4, 5, 3, 2, 13, 10, 15, 16, 6, 1, 14, 7, 11, 9, 8])
311
Vecsmall([16, 12, 11, 10, 13, 9, 8, 7, 6, 4, 3, 2, 5, 15, 14, 1])
313
Vecsmall([10, 9, 8, 16, 15, 12, 11, 3, 2, 1, 7, 6, 14, 13, 5, 4])
317
Vecsmall([3, 13, 10, 12, 11, 4, 5, 1, 14, 8, 15, 16, 9, 2, 7, 6])
331
Vecsmall([11, 5, 4, 2, 3, 10, 13, 16, 15, 7, 14, 1, 6, 12, 8, 9])
337
Vecsmall([1, 2, 3, 4, 5, 6, 7, 8, 9, 10, 11, 12, 13, 14, 15, 16])
347
Vecsmall([11, 5, 4, 2, 3, 10, 13, 16, 15, 7, 14, 1, 6, 12, 8, 9])
349
Vecsmall([9, 1, 14, 7, 6, 15, 16, 13, 10, 2, 4, 5, 3, 8, 12, 11])
353
Vecsmall([1, 2, 3, 4, 5, 6, 7, 8, 9, 10, 11, 12, 13, 14, 15, 16])
359
Vecsmall([5, 7, 6, 14, 1, 3, 2, 12, 11, 15, 9, 8, 16, 4, 10, 13])
367
Vecsmall([15, 11, 12, 13, 10, 8, 9, 6, 7, 5, 2, 3, 4, 16, 1, 14])
373
Vecsmall([2, 10, 13, 11, 12, 5, 4, 14, 1, 9, 16, 15, 8, 3, 6, 7])
379
Vecsmall([11, 5, 4, 2, 3, 10, 13, 16, 15, 7, 14, 1, 6, 12, 8, 9])
383
Vecsmall([15, 11, 12, 13, 10, 8, 9, 6, 7, 5, 2, 3, 4, 16, 1, 14])
389
Vecsmall([2, 10, 13, 11, 12, 5, 4, 14, 1, 9, 16, 15, 8, 3, 6, 7])
397
Vecsmall([9, 1, 14, 7, 6, 15, 16, 13, 10, 2, 4, 5, 3, 8, 12, 11])
401
Vecsmall([13, 8, 9, 15, 16, 11, 12, 2, 3, 14, 6, 7, 1, 10, 4, 5])
409
Vecsmall([10, 9, 8, 16, 15, 12, 11, 3, 2, 1, 7, 6, 14, 13, 5, 4])
419
Vecsmall([12, 4, 5, 3, 2, 13, 10, 15, 16, 6, 1, 14, 7, 11, 9, 8])
421
Vecsmall([2, 10, 13, 11, 12, 5, 4, 14, 1, 9, 16, 15, 8, 3, 6, 7])
431
Vecsmall([15, 11, 12, 13, 10, 8, 9, 6, 7, 5, 2, 3, 4, 16, 1, 14])
433
Vecsmall([13, 8, 9, 15, 16, 11, 12, 2, 3, 14, 6, 7, 1, 10, 4, 5])
439
Vecsmall([16, 12, 11, 10, 13, 9, 8, 7, 6, 4, 3, 2, 5, 15, 14, 1])
443
Vecsmall([6, 16, 15, 8, 9, 14, 1, 5, 4, 12, 10, 13, 11, 7, 2, 3])
449
Vecsmall([13, 8, 9, 15, 16, 11, 12, 2, 3, 14, 6, 7, 1, 10, 4, 5])
457
Vecsmall([10, 9, 8, 16, 15, 12, 11, 3, 2, 1, 7, 6, 14, 13, 5, 4])
461
Vecsmall([9, 1, 14, 7, 6, 15, 16, 13, 10, 2, 4, 5, 3, 8, 12, 11])
463
Vecsmall([4, 6, 7, 1, 14, 2, 3, 11, 12, 16, 8, 9, 15, 5, 13, 10])
467
Vecsmall([12, 4, 5, 3, 2, 13, 10, 15, 16, 6, 1, 14, 7, 11, 9, 8])
479
Vecsmall([4, 6, 7, 1, 14, 2, 3, 11, 12, 16, 8, 9, 15, 5, 13, 10])
487
Vecsmall([16, 12, 11, 10, 13, 9, 8, 7, 6, 4, 3, 2, 5, 15, 14, 1])
491
Vecsmall([11, 5, 4, 2, 3, 10, 13, 16, 15, 7, 14, 1, 6, 12, 8, 9])
499
Vecsmall([12, 4, 5, 3, 2, 13, 10, 15, 16, 6, 1, 14, 7, 11, 9, 8])
503
Vecsmall([16, 12, 11, 10, 13, 9, 8, 7, 6, 4, 3, 2, 5, 15, 14, 1])
509
Vecsmall([9, 1, 14, 7, 6, 15, 16, 13, 10, 2, 4, 5, 3, 8, 12, 11])
521
Vecsmall([10, 9, 8, 16, 15, 12, 11, 3, 2, 1, 7, 6, 14, 13, 5, 4])
523
Vecsmall([11, 5, 4, 2, 3, 10, 13, 16, 15, 7, 14, 1, 6, 12, 8, 9])
541
Vecsmall([3, 13, 10, 12, 11, 4, 5, 1, 14, 8, 15, 16, 9, 2, 7, 6])
547
Vecsmall([7, 15, 16, 9, 8, 1, 14, 4, 5, 11, 13, 10, 12, 6, 3, 2])
557
Vecsmall([9, 1, 14, 7, 6, 15, 16, 13, 10, 2, 4, 5, 3, 8, 12, 11])
563
Vecsmall([12, 4, 5, 3, 2, 13, 10, 15, 16, 6, 1, 14, 7, 11, 9, 8])
569
Vecsmall([10, 9, 8, 16, 15, 12, 11, 3, 2, 1, 7, 6, 14, 13, 5, 4])
571
Vecsmall([6, 16, 15, 8, 9, 14, 1, 5, 4, 12, 10, 13, 11, 7, 2, 3])
577
Vecsmall([1, 2, 3, 4, 5, 6, 7, 8, 9, 10, 11, 12, 13, 14, 15, 16])
587
Vecsmall([6, 16, 15, 8, 9, 14, 1, 5, 4, 12, 10, 13, 11, 7, 2, 3])
593
Vecsmall([1, 2, 3, 4, 5, 6, 7, 8, 9, 10, 11, 12, 13, 14, 15, 16])
599
Vecsmall([16, 12, 11, 10, 13, 9, 8, 7, 6, 4, 3, 2, 5, 15, 14, 1])
601
Vecsmall([14, 3, 2, 5, 4, 7, 6, 9, 8, 13, 12, 11, 10, 1, 16, 15])
607
Vecsmall([15, 11, 12, 13, 10, 8, 9, 6, 7, 5, 2, 3, 4, 16, 1, 14])
613
Vecsmall([2, 10, 13, 11, 12, 5, 4, 14, 1, 9, 16, 15, 8, 3, 6, 7])
617
Vecsmall([14, 3, 2, 5, 4, 7, 6, 9, 8, 13, 12, 11, 10, 1, 16, 15])
619
Vecsmall([11, 5, 4, 2, 3, 10, 13, 16, 15, 7, 14, 1, 6, 12, 8, 9])
631
Vecsmall([16, 12, 11, 10, 13, 9, 8, 7, 6, 4, 3, 2, 5, 15, 14, 1])
641
Vecsmall([13, 8, 9, 15, 16, 11, 12, 2, 3, 14, 6, 7, 1, 10, 4, 5])
643
Vecsmall([12, 4, 5, 3, 2, 13, 10, 15, 16, 6, 1, 14, 7, 11, 9, 8])
647
Vecsmall([5, 7, 6, 14, 1, 3, 2, 12, 11, 15, 9, 8, 16, 4, 10, 13])
653
Vecsmall([9, 1, 14, 7, 6, 15, 16, 13, 10, 2, 4, 5, 3, 8, 12, 11])
659
Vecsmall([12, 4, 5, 3, 2, 13, 10, 15, 16, 6, 1, 14, 7, 11, 9, 8])
661
Vecsmall([2, 10, 13, 11, 12, 5, 4, 14, 1, 9, 16, 15, 8, 3, 6, 7])
673
Vecsmall([13, 8, 9, 15, 16, 11, 12, 2, 3, 14, 6, 7, 1, 10, 4, 5])
677
Vecsmall([2, 10, 13, 11, 12, 5, 4, 14, 1, 9, 16, 15, 8, 3, 6, 7])
683
Vecsmall([11, 5, 4, 2, 3, 10, 13, 16, 15, 7, 14, 1, 6, 12, 8, 9])
691
Vecsmall([7, 15, 16, 9, 8, 1, 14, 4, 5, 11, 13, 10, 12, 6, 3, 2])
701
Vecsmall([3, 13, 10, 12, 11, 4, 5, 1, 14, 8, 15, 16, 9, 2, 7, 6])
709
Vecsmall([8, 14, 1, 6, 7, 16, 15, 10, 13, 3, 5, 4, 2, 9, 11, 12])
719
Vecsmall([4, 6, 7, 1, 14, 2, 3, 11, 12, 16, 8, 9, 15, 5, 13, 10])
727
Vecsmall([16, 12, 11, 10, 13, 9, 8, 7, 6, 4, 3, 2, 5, 15, 14, 1])
733
Vecsmall([3, 13, 10, 12, 11, 4, 5, 1, 14, 8, 15, 16, 9, 2, 7, 6])
739
Vecsmall([7, 15, 16, 9, 8, 1, 14, 4, 5, 11, 13, 10, 12, 6, 3, 2])
743
Vecsmall([5, 7, 6, 14, 1, 3, 2, 12, 11, 15, 9, 8, 16, 4, 10, 13])
751
Vecsmall([4, 6, 7, 1, 14, 2, 3, 11, 12, 16, 8, 9, 15, 5, 13, 10])
757
Vecsmall([8, 14, 1, 6, 7, 16, 15, 10, 13, 3, 5, 4, 2, 9, 11, 12])
761
Vecsmall([10, 9, 8, 16, 15, 12, 11, 3, 2, 1, 7, 6, 14, 13, 5, 4])
769
Vecsmall([13, 8, 9, 15, 16, 11, 12, 2, 3, 14, 6, 7, 1, 10, 4, 5])
773
Vecsmall([2, 10, 13, 11, 12, 5, 4, 14, 1, 9, 16, 15, 8, 3, 6, 7])
787
Vecsmall([12, 4, 5, 3, 2, 13, 10, 15, 16, 6, 1, 14, 7, 11, 9, 8])
797
Vecsmall([3, 13, 10, 12, 11, 4, 5, 1, 14, 8, 15, 16, 9, 2, 7, 6])
809
Vecsmall([10, 9, 8, 16, 15, 12, 11, 3, 2, 1, 7, 6, 14, 13, 5, 4])
811
Vecsmall([6, 16, 15, 8, 9, 14, 1, 5, 4, 12, 10, 13, 11, 7, 2, 3])
821
Vecsmall([2, 10, 13, 11, 12, 5, 4, 14, 1, 9, 16, 15, 8, 3, 6, 7])
823
Vecsmall([5, 7, 6, 14, 1, 3, 2, 12, 11, 15, 9, 8, 16, 4, 10, 13])
827
Vecsmall([6, 16, 15, 8, 9, 14, 1, 5, 4, 12, 10, 13, 11, 7, 2, 3])
829
Vecsmall([9, 1, 14, 7, 6, 15, 16, 13, 10, 2, 4, 5, 3, 8, 12, 11])
839
Vecsmall([5, 7, 6, 14, 1, 3, 2, 12, 11, 15, 9, 8, 16, 4, 10, 13])
853
Vecsmall([2, 10, 13, 11, 12, 5, 4, 14, 1, 9, 16, 15, 8, 3, 6, 7])
857
Vecsmall([10, 9, 8, 16, 15, 12, 11, 3, 2, 1, 7, 6, 14, 13, 5, 4])
859
Vecsmall([11, 5, 4, 2, 3, 10, 13, 16, 15, 7, 14, 1, 6, 12, 8, 9])
863
Vecsmall([15, 11, 12, 13, 10, 8, 9, 6, 7, 5, 2, 3, 4, 16, 1, 14])
877
Vecsmall([9, 1, 14, 7, 6, 15, 16, 13, 10, 2, 4, 5, 3, 8, 12, 11])
881
Vecsmall([1, 2, 3, 4, 5, 6, 7, 8, 9, 10, 11, 12, 13, 14, 15, 16])
883
Vecsmall([7, 15, 16, 9, 8, 1, 14, 4, 5, 11, 13, 10, 12, 6, 3, 2])
887
Vecsmall([16, 12, 11, 10, 13, 9, 8, 7, 6, 4, 3, 2, 5, 15, 14, 1])
907
Vecsmall([11, 5, 4, 2, 3, 10, 13, 16, 15, 7, 14, 1, 6, 12, 8, 9])
911
Vecsmall([15, 11, 12, 13, 10, 8, 9, 6, 7, 5, 2, 3, 4, 16, 1, 14])
919
Vecsmall([16, 12, 11, 10, 13, 9, 8, 7, 6, 4, 3, 2, 5, 15, 14, 1])
929
Vecsmall([13, 8, 9, 15, 16, 11, 12, 2, 3, 14, 6, 7, 1, 10, 4, 5])
937
Vecsmall([14, 3, 2, 5, 4, 7, 6, 9, 8, 13, 12, 11, 10, 1, 16, 15])
941
Vecsmall([3, 13, 10, 12, 11, 4, 5, 1, 14, 8, 15, 16, 9, 2, 7, 6])
947
Vecsmall([12, 4, 5, 3, 2, 13, 10, 15, 16, 6, 1, 14, 7, 11, 9, 8])
953
Vecsmall([10, 9, 8, 16, 15, 12, 11, 3, 2, 1, 7, 6, 14, 13, 5, 4])
967
Vecsmall([16, 12, 11, 10, 13, 9, 8, 7, 6, 4, 3, 2, 5, 15, 14, 1])
971
Vecsmall([11, 5, 4, 2, 3, 10, 13, 16, 15, 7, 14, 1, 6, 12, 8, 9])
977
Vecsmall([13, 8, 9, 15, 16, 11, 12, 2, 3, 14, 6, 7, 1, 10, 4, 5])
983
Vecsmall([16, 12, 11, 10, 13, 9, 8, 7, 6, 4, 3, 2, 5, 15, 14, 1])
991
Vecsmall([4, 6, 7, 1, 14, 2, 3, 11, 12, 16, 8, 9, 15, 5, 13, 10])
997
Vecsmall([8, 14, 1, 6, 7, 16, 15, 10, 13, 3, 5, 4, 2, 9, 11, 12])
1009
Vecsmall([13, 8, 9, 15, 16, 11, 12, 2, 3, 14, 6, 7, 1, 10, 4, 5])
1013
Vecsmall([2, 10, 13, 11, 12, 5, 4, 14, 1, 9, 16, 15, 8, 3, 6, 7])
1019
Vecsmall([6, 16, 15, 8, 9, 14, 1, 5, 4, 12, 10, 13, 11, 7, 2, 3])
1021
Vecsmall([3, 13, 10, 12, 11, 4, 5, 1, 14, 8, 15, 16, 9, 2, 7, 6])
1031
Vecsmall([16, 12, 11, 10, 13, 9, 8, 7, 6, 4, 3, 2, 5, 15, 14, 1])
1033
Vecsmall([14, 3, 2, 5, 4, 7, 6, 9, 8, 13, 12, 11, 10, 1, 16, 15])
1039
Vecsmall([15, 11, 12, 13, 10, 8, 9, 6, 7, 5, 2, 3, 4, 16, 1, 14])
1049
Vecsmall([14, 3, 2, 5, 4, 7, 6, 9, 8, 13, 12, 11, 10, 1, 16, 15])
1051
Vecsmall([11, 5, 4, 2, 3, 10, 13, 16, 15, 7, 14, 1, 6, 12, 8, 9])
1061
Vecsmall([8, 14, 1, 6, 7, 16, 15, 10, 13, 3, 5, 4, 2, 9, 11, 12])
1063
Vecsmall([16, 12, 11, 10, 13, 9, 8, 7, 6, 4, 3, 2, 5, 15, 14, 1])
1069
Vecsmall([3, 13, 10, 12, 11, 4, 5, 1, 14, 8, 15, 16, 9, 2, 7, 6])
1087
Vecsmall([4, 6, 7, 1, 14, 2, 3, 11, 12, 16, 8, 9, 15, 5, 13, 10])
1091
Vecsmall([7, 15, 16, 9, 8, 1, 14, 4, 5, 11, 13, 10, 12, 6, 3, 2])
1093
Vecsmall([8, 14, 1, 6, 7, 16, 15, 10, 13, 3, 5, 4, 2, 9, 11, 12])
1097
Vecsmall([14, 3, 2, 5, 4, 7, 6, 9, 8, 13, 12, 11, 10, 1, 16, 15])
1103
Vecsmall([15, 11, 12, 13, 10, 8, 9, 6, 7, 5, 2, 3, 4, 16, 1, 14])
1109
Vecsmall([2, 10, 13, 11, 12, 5, 4, 14, 1, 9, 16, 15, 8, 3, 6, 7])
1117
Vecsmall([9, 1, 14, 7, 6, 15, 16, 13, 10, 2, 4, 5, 3, 8, 12, 11])
1123
Vecsmall([7, 15, 16, 9, 8, 1, 14, 4, 5, 11, 13, 10, 12, 6, 3, 2])
1129
Vecsmall([10, 9, 8, 16, 15, 12, 11, 3, 2, 1, 7, 6, 14, 13, 5, 4])
1151
Vecsmall([15, 11, 12, 13, 10, 8, 9, 6, 7, 5, 2, 3, 4, 16, 1, 14])
1153
Vecsmall([1, 2, 3, 4, 5, 6, 7, 8, 9, 10, 11, 12, 13, 14, 15, 16])
1163
Vecsmall([6, 16, 15, 8, 9, 14, 1, 5, 4, 12, 10, 13, 11, 7, 2, 3])
1171
Vecsmall([12, 4, 5, 3, 2, 13, 10, 15, 16, 6, 1, 14, 7, 11, 9, 8])
1181
Vecsmall([9, 1, 14, 7, 6, 15, 16, 13, 10, 2, 4, 5, 3, 8, 12, 11])
1187
Vecsmall([7, 15, 16, 9, 8, 1, 14, 4, 5, 11, 13, 10, 12, 6, 3, 2])
1193
Vecsmall([14, 3, 2, 5, 4, 7, 6, 9, 8, 13, 12, 11, 10, 1, 16, 15])
1201
Vecsmall([1, 2, 3, 4, 5, 6, 7, 8, 9, 10, 11, 12, 13, 14, 15, 16])
1213
Vecsmall([3, 13, 10, 12, 11, 4, 5, 1, 14, 8, 15, 16, 9, 2, 7, 6])
1217
Vecsmall([1, 2, 3, 4, 5, 6, 7, 8, 9, 10, 11, 12, 13, 14, 15, 16])
1223
Vecsmall([5, 7, 6, 14, 1, 3, 2, 12, 11, 15, 9, 8, 16, 4, 10, 13])
1229
Vecsmall([9, 1, 14, 7, 6, 15, 16, 13, 10, 2, 4, 5, 3, 8, 12, 11])
1231
Vecsmall([15, 11, 12, 13, 10, 8, 9, 6, 7, 5, 2, 3, 4, 16, 1, 14])
1237
Vecsmall([2, 10, 13, 11, 12, 5, 4, 14, 1, 9, 16, 15, 8, 3, 6, 7])
1249
Vecsmall([1, 2, 3, 4, 5, 6, 7, 8, 9, 10, 11, 12, 13, 14, 15, 16])
1259
Vecsmall([6, 16, 15, 8, 9, 14, 1, 5, 4, 12, 10, 13, 11, 7, 2, 3])
1277
Vecsmall([9, 1, 14, 7, 6, 15, 16, 13, 10, 2, 4, 5, 3, 8, 12, 11])
1279
Vecsmall([4, 6, 7, 1, 14, 2, 3, 11, 12, 16, 8, 9, 15, 5, 13, 10])
1283
Vecsmall([12, 4, 5, 3, 2, 13, 10, 15, 16, 6, 1, 14, 7, 11, 9, 8])
1289
Vecsmall([14, 3, 2, 5, 4, 7, 6, 9, 8, 13, 12, 11, 10, 1, 16, 15])
1291
Vecsmall([6, 16, 15, 8, 9, 14, 1, 5, 4, 12, 10, 13, 11, 7, 2, 3])
1297
Vecsmall([13, 8, 9, 15, 16, 11, 12, 2, 3, 14, 6, 7, 1, 10, 4, 5])
1301
Vecsmall([2, 10, 13, 11, 12, 5, 4, 14, 1, 9, 16, 15, 8, 3, 6, 7])
1303
Vecsmall([5, 7, 6, 14, 1, 3, 2, 12, 11, 15, 9, 8, 16, 4, 10, 13])
1307
Vecsmall([6, 16, 15, 8, 9, 14, 1, 5, 4, 12, 10, 13, 11, 7, 2, 3])
1319
Vecsmall([5, 7, 6, 14, 1, 3, 2, 12, 11, 15, 9, 8, 16, 4, 10, 13])
1321
Vecsmall([10, 9, 8, 16, 15, 12, 11, 3, 2, 1, 7, 6, 14, 13, 5, 4])
1327
Vecsmall([15, 11, 12, 13, 10, 8, 9, 6, 7, 5, 2, 3, 4, 16, 1, 14])
1361
Vecsmall([13, 8, 9, 15, 16, 11, 12, 2, 3, 14, 6, 7, 1, 10, 4, 5])
1367
Vecsmall([16, 12, 11, 10, 13, 9, 8, 7, 6, 4, 3, 2, 5, 15, 14, 1])
1373
Vecsmall([3, 13, 10, 12, 11, 4, 5, 1, 14, 8, 15, 16, 9, 2, 7, 6])
1381
Vecsmall([2, 10, 13, 11, 12, 5, 4, 14, 1, 9, 16, 15, 8, 3, 6, 7])
1399
Vecsmall([5, 7, 6, 14, 1, 3, 2, 12, 11, 15, 9, 8, 16, 4, 10, 13])
1409
Vecsmall([13, 8, 9, 15, 16, 11, 12, 2, 3, 14, 6, 7, 1, 10, 4, 5])
1423
Vecsmall([4, 6, 7, 1, 14, 2, 3, 11, 12, 16, 8, 9, 15, 5, 13, 10])
1427
Vecsmall([7, 15, 16, 9, 8, 1, 14, 4, 5, 11, 13, 10, 12, 6, 3, 2])
1429
Vecsmall([2, 10, 13, 11, 12, 5, 4, 14, 1, 9, 16, 15, 8, 3, 6, 7])
1433
Vecsmall([14, 3, 2, 5, 4, 7, 6, 9, 8, 13, 12, 11, 10, 1, 16, 15])
1439
Vecsmall([15, 11, 12, 13, 10, 8, 9, 6, 7, 5, 2, 3, 4, 16, 1, 14])
1447
Vecsmall([16, 12, 11, 10, 13, 9, 8, 7, 6, 4, 3, 2, 5, 15, 14, 1])
1451
Vecsmall([6, 16, 15, 8, 9, 14, 1, 5, 4, 12, 10, 13, 11, 7, 2, 3])
1453
Vecsmall([3, 13, 10, 12, 11, 4, 5, 1, 14, 8, 15, 16, 9, 2, 7, 6])
1459
Vecsmall([12, 4, 5, 3, 2, 13, 10, 15, 16, 6, 1, 14, 7, 11, 9, 8])
1471
Vecsmall([4, 6, 7, 1, 14, 2, 3, 11, 12, 16, 8, 9, 15, 5, 13, 10])
1481
Vecsmall([14, 3, 2, 5, 4, 7, 6, 9, 8, 13, 12, 11, 10, 1, 16, 15])
1483
Vecsmall([6, 16, 15, 8, 9, 14, 1, 5, 4, 12, 10, 13, 11, 7, 2, 3])
1487
Vecsmall([4, 6, 7, 1, 14, 2, 3, 11, 12, 16, 8, 9, 15, 5, 13, 10])
1489
Vecsmall([13, 8, 9, 15, 16, 11, 12, 2, 3, 14, 6, 7, 1, 10, 4, 5])
1493
Vecsmall([2, 10, 13, 11, 12, 5, 4, 14, 1, 9, 16, 15, 8, 3, 6, 7])
1499
Vecsmall([6, 16, 15, 8, 9, 14, 1, 5, 4, 12, 10, 13, 11, 7, 2, 3])
1511
Vecsmall([5, 7, 6, 14, 1, 3, 2, 12, 11, 15, 9, 8, 16, 4, 10, 13])
1523
Vecsmall([7, 15, 16, 9, 8, 1, 14, 4, 5, 11, 13, 10, 12, 6, 3, 2])
1531
Vecsmall([6, 16, 15, 8, 9, 14, 1, 5, 4, 12, 10, 13, 11, 7, 2, 3])
1543
Vecsmall([16, 12, 11, 10, 13, 9, 8, 7, 6, 4, 3, 2, 5, 15, 14, 1])
1549
Vecsmall([9, 1, 14, 7, 6, 15, 16, 13, 10, 2, 4, 5, 3, 8, 12, 11])
1553
Vecsmall([1, 2, 3, 4, 5, 6, 7, 8, 9, 10, 11, 12, 13, 14, 15, 16])
1559
Vecsmall([16, 12, 11, 10, 13, 9, 8, 7, 6, 4, 3, 2, 5, 15, 14, 1])
1567
Vecsmall([15, 11, 12, 13, 10, 8, 9, 6, 7, 5, 2, 3, 4, 16, 1, 14])
1571
Vecsmall([7, 15, 16, 9, 8, 1, 14, 4, 5, 11, 13, 10, 12, 6, 3, 2])
1579
Vecsmall([11, 5, 4, 2, 3, 10, 13, 16, 15, 7, 14, 1, 6, 12, 8, 9])
1583
Vecsmall([15, 11, 12, 13, 10, 8, 9, 6, 7, 5, 2, 3, 4, 16, 1, 14])
1597
Vecsmall([3, 13, 10, 12, 11, 4, 5, 1, 14, 8, 15, 16, 9, 2, 7, 6])
1601
Vecsmall([1, 2, 3, 4, 5, 6, 7, 8, 9, 10, 11, 12, 13, 14, 15, 16])
1607
Vecsmall([5, 7, 6, 14, 1, 3, 2, 12, 11, 15, 9, 8, 16, 4, 10, 13])
1609
Vecsmall([14, 3, 2, 5, 4, 7, 6, 9, 8, 13, 12, 11, 10, 1, 16, 15])
1613
Vecsmall([9, 1, 14, 7, 6, 15, 16, 13, 10, 2, 4, 5, 3, 8, 12, 11])
1619
Vecsmall([7, 15, 16, 9, 8, 1, 14, 4, 5, 11, 13, 10, 12, 6, 3, 2])
1621
Vecsmall([2, 10, 13, 11, 12, 5, 4, 14, 1, 9, 16, 15, 8, 3, 6, 7])
1627
Vecsmall([6, 16, 15, 8, 9, 14, 1, 5, 4, 12, 10, 13, 11, 7, 2, 3])
1637
Vecsmall([8, 14, 1, 6, 7, 16, 15, 10, 13, 3, 5, 4, 2, 9, 11, 12])
1657
Vecsmall([10, 9, 8, 16, 15, 12, 11, 3, 2, 1, 7, 6, 14, 13, 5, 4])
1663
Vecsmall([15, 11, 12, 13, 10, 8, 9, 6, 7, 5, 2, 3, 4, 16, 1, 14])
1667
Vecsmall([7, 15, 16, 9, 8, 1, 14, 4, 5, 11, 13, 10, 12, 6, 3, 2])
1669
Vecsmall([2, 10, 13, 11, 12, 5, 4, 14, 1, 9, 16, 15, 8, 3, 6, 7])
1693
Vecsmall([9, 1, 14, 7, 6, 15, 16, 13, 10, 2, 4, 5, 3, 8, 12, 11])
1697
Vecsmall([13, 8, 9, 15, 16, 11, 12, 2, 3, 14, 6, 7, 1, 10, 4, 5])
1699
Vecsmall([7, 15, 16, 9, 8, 1, 14, 4, 5, 11, 13, 10, 12, 6, 3, 2])
1709
Vecsmall([3, 13, 10, 12, 11, 4, 5, 1, 14, 8, 15, 16, 9, 2, 7, 6])
1721
Vecsmall([14, 3, 2, 5, 4, 7, 6, 9, 8, 13, 12, 11, 10, 1, 16, 15])
1723
Vecsmall([11, 5, 4, 2, 3, 10, 13, 16, 15, 7, 14, 1, 6, 12, 8, 9])
1733
Vecsmall([2, 10, 13, 11, 12, 5, 4, 14, 1, 9, 16, 15, 8, 3, 6, 7])
1741
Vecsmall([3, 13, 10, 12, 11, 4, 5, 1, 14, 8, 15, 16, 9, 2, 7, 6])
1747
Vecsmall([7, 15, 16, 9, 8, 1, 14, 4, 5, 11, 13, 10, 12, 6, 3, 2])
1753
Vecsmall([14, 3, 2, 5, 4, 7, 6, 9, 8, 13, 12, 11, 10, 1, 16, 15])
1759
Vecsmall([4, 6, 7, 1, 14, 2, 3, 11, 12, 16, 8, 9, 15, 5, 13, 10])
1777
Vecsmall([1, 2, 3, 4, 5, 6, 7, 8, 9, 10, 11, 12, 13, 14, 15, 16])
1783
Vecsmall([16, 12, 11, 10, 13, 9, 8, 7, 6, 4, 3, 2, 5, 15, 14, 1])
1787
Vecsmall([11, 5, 4, 2, 3, 10, 13, 16, 15, 7, 14, 1, 6, 12, 8, 9])
1789
Vecsmall([3, 13, 10, 12, 11, 4, 5, 1, 14, 8, 15, 16, 9, 2, 7, 6])
1801
Vecsmall([14, 3, 2, 5, 4, 7, 6, 9, 8, 13, 12, 11, 10, 1, 16, 15])
1811
Vecsmall([12, 4, 5, 3, 2, 13, 10, 15, 16, 6, 1, 14, 7, 11, 9, 8])
1823
Vecsmall([15, 11, 12, 13, 10, 8, 9, 6, 7, 5, 2, 3, 4, 16, 1, 14])
1831
Vecsmall([5, 7, 6, 14, 1, 3, 2, 12, 11, 15, 9, 8, 16, 4, 10, 13])
1847
Vecsmall([16, 12, 11, 10, 13, 9, 8, 7, 6, 4, 3, 2, 5, 15, 14, 1])
1861
Vecsmall([8, 14, 1, 6, 7, 16, 15, 10, 13, 3, 5, 4, 2, 9, 11, 12])
1867
Vecsmall([6, 16, 15, 8, 9, 14, 1, 5, 4, 12, 10, 13, 11, 7, 2, 3])
1871
Vecsmall([4, 6, 7, 1, 14, 2, 3, 11, 12, 16, 8, 9, 15, 5, 13, 10])
1873
Vecsmall([13, 8, 9, 15, 16, 11, 12, 2, 3, 14, 6, 7, 1, 10, 4, 5])
1877
Vecsmall([2, 10, 13, 11, 12, 5, 4, 14, 1, 9, 16, 15, 8, 3, 6, 7])
1879
Vecsmall([16, 12, 11, 10, 13, 9, 8, 7, 6, 4, 3, 2, 5, 15, 14, 1])
1889
Vecsmall([1, 2, 3, 4, 5, 6, 7, 8, 9, 10, 11, 12, 13, 14, 15, 16])
1901
Vecsmall([3, 13, 10, 12, 11, 4, 5, 1, 14, 8, 15, 16, 9, 2, 7, 6])
1907
Vecsmall([7, 15, 16, 9, 8, 1, 14, 4, 5, 11, 13, 10, 12, 6, 3, 2])
1913
Vecsmall([14, 3, 2, 5, 4, 7, 6, 9, 8, 13, 12, 11, 10, 1, 16, 15])
1931
Vecsmall([11, 5, 4, 2, 3, 10, 13, 16, 15, 7, 14, 1, 6, 12, 8, 9])
1933
Vecsmall([3, 13, 10, 12, 11, 4, 5, 1, 14, 8, 15, 16, 9, 2, 7, 6])
1949
Vecsmall([3, 13, 10, 12, 11, 4, 5, 1, 14, 8, 15, 16, 9, 2, 7, 6])
1951
Vecsmall([4, 6, 7, 1, 14, 2, 3, 11, 12, 16, 8, 9, 15, 5, 13, 10])
1973
Vecsmall([8, 14, 1, 6, 7, 16, 15, 10, 13, 3, 5, 4, 2, 9, 11, 12])
1979
Vecsmall([11, 5, 4, 2, 3, 10, 13, 16, 15, 7, 14, 1, 6, 12, 8, 9])
1987
Vecsmall([12, 4, 5, 3, 2, 13, 10, 15, 16, 6, 1, 14, 7, 11, 9, 8])
1993
Vecsmall([10, 9, 8, 16, 15, 12, 11, 3, 2, 1, 7, 6, 14, 13, 5, 4])
1997
Vecsmall([3, 13, 10, 12, 11, 4, 5, 1, 14, 8, 15, 16, 9, 2, 7, 6])
1999
Vecsmall([4, 6, 7, 1, 14, 2, 3, 11, 12, 16, 8, 9, 15, 5, 13, 10])
2003
Vecsmall([12, 4, 5, 3, 2, 13, 10, 15, 16, 6, 1, 14, 7, 11, 9, 8])
2011
Vecsmall([6, 16, 15, 8, 9, 14, 1, 5, 4, 12, 10, 13, 11, 7, 2, 3])
2017
Vecsmall([13, 8, 9, 15, 16, 11, 12, 2, 3, 14, 6, 7, 1, 10, 4, 5])
2027
Vecsmall([11, 5, 4, 2, 3, 10, 13, 16, 15, 7, 14, 1, 6, 12, 8, 9])
2029
Vecsmall([9, 1, 14, 7, 6, 15, 16, 13, 10, 2, 4, 5, 3, 8, 12, 11])
2039
Vecsmall([5, 7, 6, 14, 1, 3, 2, 12, 11, 15, 9, 8, 16, 4, 10, 13])
2053
Vecsmall([8, 14, 1, 6, 7, 16, 15, 10, 13, 3, 5, 4, 2, 9, 11, 12])
2063
Vecsmall([4, 6, 7, 1, 14, 2, 3, 11, 12, 16, 8, 9, 15, 5, 13, 10])
2069
Vecsmall([2, 10, 13, 11, 12, 5, 4, 14, 1, 9, 16, 15, 8, 3, 6, 7])
2081
Vecsmall([13, 8, 9, 15, 16, 11, 12, 2, 3, 14, 6, 7, 1, 10, 4, 5])
2083
Vecsmall([12, 4, 5, 3, 2, 13, 10, 15, 16, 6, 1, 14, 7, 11, 9, 8])
2087
Vecsmall([16, 12, 11, 10, 13, 9, 8, 7, 6, 4, 3, 2, 5, 15, 14, 1])
2089
Vecsmall([14, 3, 2, 5, 4, 7, 6, 9, 8, 13, 12, 11, 10, 1, 16, 15])
2099
Vecsmall([7, 15, 16, 9, 8, 1, 14, 4, 5, 11, 13, 10, 12, 6, 3, 2])
2111
Vecsmall([4, 6, 7, 1, 14, 2, 3, 11, 12, 16, 8, 9, 15, 5, 13, 10])
2113
Vecsmall([1, 2, 3, 4, 5, 6, 7, 8, 9, 10, 11, 12, 13, 14, 15, 16])
2129
Vecsmall([1, 2, 3, 4, 5, 6, 7, 8, 9, 10, 11, 12, 13, 14, 15, 16])
2131
Vecsmall([7, 15, 16, 9, 8, 1, 14, 4, 5, 11, 13, 10, 12, 6, 3, 2])
2137
Vecsmall([10, 9, 8, 16, 15, 12, 11, 3, 2, 1, 7, 6, 14, 13, 5, 4])
2141
Vecsmall([9, 1, 14, 7, 6, 15, 16, 13, 10, 2, 4, 5, 3, 8, 12, 11])
2143
Vecsmall([4, 6, 7, 1, 14, 2, 3, 11, 12, 16, 8, 9, 15, 5, 13, 10])
2153
Vecsmall([10, 9, 8, 16, 15, 12, 11, 3, 2, 1, 7, 6, 14, 13, 5, 4])
2161
Vecsmall([13, 8, 9, 15, 16, 11, 12, 2, 3, 14, 6, 7, 1, 10, 4, 5])
2179
Vecsmall([7, 15, 16, 9, 8, 1, 14, 4, 5, 11, 13, 10, 12, 6, 3, 2])
2203
Vecsmall([11, 5, 4, 2, 3, 10, 13, 16, 15, 7, 14, 1, 6, 12, 8, 9])
2207
Vecsmall([4, 6, 7, 1, 14, 2, 3, 11, 12, 16, 8, 9, 15, 5, 13, 10])
2213
Vecsmall([2, 10, 13, 11, 12, 5, 4, 14, 1, 9, 16, 15, 8, 3, 6, 7])
2221
Vecsmall([9, 1, 14, 7, 6, 15, 16, 13, 10, 2, 4, 5, 3, 8, 12, 11])
2237
Vecsmall([3, 13, 10, 12, 11, 4, 5, 1, 14, 8, 15, 16, 9, 2, 7, 6])
2239
Vecsmall([4, 6, 7, 1, 14, 2, 3, 11, 12, 16, 8, 9, 15, 5, 13, 10])
2243
Vecsmall([7, 15, 16, 9, 8, 1, 14, 4, 5, 11, 13, 10, 12, 6, 3, 2])
2251
Vecsmall([11, 5, 4, 2, 3, 10, 13, 16, 15, 7, 14, 1, 6, 12, 8, 9])
2267
Vecsmall([11, 5, 4, 2, 3, 10, 13, 16, 15, 7, 14, 1, 6, 12, 8, 9])
2269
Vecsmall([3, 13, 10, 12, 11, 4, 5, 1, 14, 8, 15, 16, 9, 2, 7, 6])
2273
Vecsmall([1, 2, 3, 4, 5, 6, 7, 8, 9, 10, 11, 12, 13, 14, 15, 16])
2281
Vecsmall([14, 3, 2, 5, 4, 7, 6, 9, 8, 13, 12, 11, 10, 1, 16, 15])
2287
Vecsmall([15, 11, 12, 13, 10, 8, 9, 6, 7, 5, 2, 3, 4, 16, 1, 14])
2293
Vecsmall([8, 14, 1, 6, 7, 16, 15, 10, 13, 3, 5, 4, 2, 9, 11, 12])
2297
Vecsmall([10, 9, 8, 16, 15, 12, 11, 3, 2, 1, 7, 6, 14, 13, 5, 4])
2309
Vecsmall([2, 10, 13, 11, 12, 5, 4, 14, 1, 9, 16, 15, 8, 3, 6, 7])
2311
Vecsmall([16, 12, 11, 10, 13, 9, 8, 7, 6, 4, 3, 2, 5, 15, 14, 1])
2333
Vecsmall([3, 13, 10, 12, 11, 4, 5, 1, 14, 8, 15, 16, 9, 2, 7, 6])
2339
Vecsmall([7, 15, 16, 9, 8, 1, 14, 4, 5, 11, 13, 10, 12, 6, 3, 2])
2341
Vecsmall([8, 14, 1, 6, 7, 16, 15, 10, 13, 3, 5, 4, 2, 9, 11, 12])
2347
Vecsmall([11, 5, 4, 2, 3, 10, 13, 16, 15, 7, 14, 1, 6, 12, 8, 9])
2351
Vecsmall([4, 6, 7, 1, 14, 2, 3, 11, 12, 16, 8, 9, 15, 5, 13, 10])
2357
Vecsmall([2, 10, 13, 11, 12, 5, 4, 14, 1, 9, 16, 15, 8, 3, 6, 7])
2371
Vecsmall([12, 4, 5, 3, 2, 13, 10, 15, 16, 6, 1, 14, 7, 11, 9, 8])
2377
Vecsmall([10, 9, 8, 16, 15, 12, 11, 3, 2, 1, 7, 6, 14, 13, 5, 4])
2381
Vecsmall([3, 13, 10, 12, 11, 4, 5, 1, 14, 8, 15, 16, 9, 2, 7, 6])
2383
Vecsmall([15, 11, 12, 13, 10, 8, 9, 6, 7, 5, 2, 3, 4, 16, 1, 14])
2389
Vecsmall([2, 10, 13, 11, 12, 5, 4, 14, 1, 9, 16, 15, 8, 3, 6, 7])
2393
Vecsmall([14, 3, 2, 5, 4, 7, 6, 9, 8, 13, 12, 11, 10, 1, 16, 15])
2399
Vecsmall([15, 11, 12, 13, 10, 8, 9, 6, 7, 5, 2, 3, 4, 16, 1, 14])
2411
Vecsmall([6, 16, 15, 8, 9, 14, 1, 5, 4, 12, 10, 13, 11, 7, 2, 3])
2417
Vecsmall([13, 8, 9, 15, 16, 11, 12, 2, 3, 14, 6, 7, 1, 10, 4, 5])
2423
Vecsmall([5, 7, 6, 14, 1, 3, 2, 12, 11, 15, 9, 8, 16, 4, 10, 13])
2437
Vecsmall([2, 10, 13, 11, 12, 5, 4, 14, 1, 9, 16, 15, 8, 3, 6, 7])
2441
Vecsmall([14, 3, 2, 5, 4, 7, 6, 9, 8, 13, 12, 11, 10, 1, 16, 15])
2447
Vecsmall([4, 6, 7, 1, 14, 2, 3, 11, 12, 16, 8, 9, 15, 5, 13, 10])
2459
Vecsmall([6, 16, 15, 8, 9, 14, 1, 5, 4, 12, 10, 13, 11, 7, 2, 3])
2467
Vecsmall([12, 4, 5, 3, 2, 13, 10, 15, 16, 6, 1, 14, 7, 11, 9, 8])
2473
Vecsmall([14, 3, 2, 5, 4, 7, 6, 9, 8, 13, 12, 11, 10, 1, 16, 15])
2477
Vecsmall([3, 13, 10, 12, 11, 4, 5, 1, 14, 8, 15, 16, 9, 2, 7, 6])
2503
Vecsmall([16, 12, 11, 10, 13, 9, 8, 7, 6, 4, 3, 2, 5, 15, 14, 1])
2521
Vecsmall([10, 9, 8, 16, 15, 12, 11, 3, 2, 1, 7, 6, 14, 13, 5, 4])
2531
Vecsmall([12, 4, 5, 3, 2, 13, 10, 15, 16, 6, 1, 14, 7, 11, 9, 8])
2539
Vecsmall([11, 5, 4, 2, 3, 10, 13, 16, 15, 7, 14, 1, 6, 12, 8, 9])
2543
Vecsmall([15, 11, 12, 13, 10, 8, 9, 6, 7, 5, 2, 3, 4, 16, 1, 14])
2549
Vecsmall([2, 10, 13, 11, 12, 5, 4, 14, 1, 9, 16, 15, 8, 3, 6, 7])
2551
Vecsmall([16, 12, 11, 10, 13, 9, 8, 7, 6, 4, 3, 2, 5, 15, 14, 1])
2557
Vecsmall([9, 1, 14, 7, 6, 15, 16, 13, 10, 2, 4, 5, 3, 8, 12, 11])
2579
Vecsmall([12, 4, 5, 3, 2, 13, 10, 15, 16, 6, 1, 14, 7, 11, 9, 8])
2591
Vecsmall([15, 11, 12, 13, 10, 8, 9, 6, 7, 5, 2, 3, 4, 16, 1, 14])
2593
Vecsmall([1, 2, 3, 4, 5, 6, 7, 8, 9, 10, 11, 12, 13, 14, 15, 16])
2609
Vecsmall([13, 8, 9, 15, 16, 11, 12, 2, 3, 14, 6, 7, 1, 10, 4, 5])
2617
Vecsmall([10, 9, 8, 16, 15, 12, 11, 3, 2, 1, 7, 6, 14, 13, 5, 4])
2621
Vecsmall([9, 1, 14, 7, 6, 15, 16, 13, 10, 2, 4, 5, 3, 8, 12, 11])
2633
Vecsmall([10, 9, 8, 16, 15, 12, 11, 3, 2, 1, 7, 6, 14, 13, 5, 4])
2647
Vecsmall([16, 12, 11, 10, 13, 9, 8, 7, 6, 4, 3, 2, 5, 15, 14, 1])
2657
Vecsmall([1, 2, 3, 4, 5, 6, 7, 8, 9, 10, 11, 12, 13, 14, 15, 16])
2659
Vecsmall([7, 15, 16, 9, 8, 1, 14, 4, 5, 11, 13, 10, 12, 6, 3, 2])
2663
Vecsmall([5, 7, 6, 14, 1, 3, 2, 12, 11, 15, 9, 8, 16, 4, 10, 13])
2671
Vecsmall([4, 6, 7, 1, 14, 2, 3, 11, 12, 16, 8, 9, 15, 5, 13, 10])
2677
Vecsmall([2, 10, 13, 11, 12, 5, 4, 14, 1, 9, 16, 15, 8, 3, 6, 7])
2683
Vecsmall([6, 16, 15, 8, 9, 14, 1, 5, 4, 12, 10, 13, 11, 7, 2, 3])
2687
Vecsmall([15, 11, 12, 13, 10, 8, 9, 6, 7, 5, 2, 3, 4, 16, 1, 14])
2689
Vecsmall([1, 2, 3, 4, 5, 6, 7, 8, 9, 10, 11, 12, 13, 14, 15, 16])
2693
Vecsmall([8, 14, 1, 6, 7, 16, 15, 10, 13, 3, 5, 4, 2, 9, 11, 12])
2699
Vecsmall([6, 16, 15, 8, 9, 14, 1, 5, 4, 12, 10, 13, 11, 7, 2, 3])
2707
Vecsmall([12, 4, 5, 3, 2, 13, 10, 15, 16, 6, 1, 14, 7, 11, 9, 8])
2711
Vecsmall([5, 7, 6, 14, 1, 3, 2, 12, 11, 15, 9, 8, 16, 4, 10, 13])
2713
Vecsmall([10, 9, 8, 16, 15, 12, 11, 3, 2, 1, 7, 6, 14, 13, 5, 4])
2719
Vecsmall([15, 11, 12, 13, 10, 8, 9, 6, 7, 5, 2, 3, 4, 16, 1, 14])
2729
Vecsmall([10, 9, 8, 16, 15, 12, 11, 3, 2, 1, 7, 6, 14, 13, 5, 4])
2731
Vecsmall([6, 16, 15, 8, 9, 14, 1, 5, 4, 12, 10, 13, 11, 7, 2, 3])
2741
Vecsmall([8, 14, 1, 6, 7, 16, 15, 10, 13, 3, 5, 4, 2, 9, 11, 12])
2749
Vecsmall([9, 1, 14, 7, 6, 15, 16, 13, 10, 2, 4, 5, 3, 8, 12, 11])
2753
Vecsmall([13, 8, 9, 15, 16, 11, 12, 2, 3, 14, 6, 7, 1, 10, 4, 5])
2767
Vecsmall([15, 11, 12, 13, 10, 8, 9, 6, 7, 5, 2, 3, 4, 16, 1, 14])
2777
Vecsmall([10, 9, 8, 16, 15, 12, 11, 3, 2, 1, 7, 6, 14, 13, 5, 4])
2789
Vecsmall([8, 14, 1, 6, 7, 16, 15, 10, 13, 3, 5, 4, 2, 9, 11, 12])
2791
Vecsmall([5, 7, 6, 14, 1, 3, 2, 12, 11, 15, 9, 8, 16, 4, 10, 13])
2797
Vecsmall([3, 13, 10, 12, 11, 4, 5, 1, 14, 8, 15, 16, 9, 2, 7, 6])
2801
Vecsmall([13, 8, 9, 15, 16, 11, 12, 2, 3, 14, 6, 7, 1, 10, 4, 5])
2803
Vecsmall([12, 4, 5, 3, 2, 13, 10, 15, 16, 6, 1, 14, 7, 11, 9, 8])
2819
Vecsmall([12, 4, 5, 3, 2, 13, 10, 15, 16, 6, 1, 14, 7, 11, 9, 8])
2833
Vecsmall([1, 2, 3, 4, 5, 6, 7, 8, 9, 10, 11, 12, 13, 14, 15, 16])
2837
Vecsmall([2, 10, 13, 11, 12, 5, 4, 14, 1, 9, 16, 15, 8, 3, 6, 7])
2843
Vecsmall([11, 5, 4, 2, 3, 10, 13, 16, 15, 7, 14, 1, 6, 12, 8, 9])
2851
Vecsmall([12, 4, 5, 3, 2, 13, 10, 15, 16, 6, 1, 14, 7, 11, 9, 8])
2857
Vecsmall([14, 3, 2, 5, 4, 7, 6, 9, 8, 13, 12, 11, 10, 1, 16, 15])
2861
Vecsmall([9, 1, 14, 7, 6, 15, 16, 13, 10, 2, 4, 5, 3, 8, 12, 11])
2879
Vecsmall([4, 6, 7, 1, 14, 2, 3, 11, 12, 16, 8, 9, 15, 5, 13, 10])
2887
Vecsmall([5, 7, 6, 14, 1, 3, 2, 12, 11, 15, 9, 8, 16, 4, 10, 13])
2897
Vecsmall([13, 8, 9, 15, 16, 11, 12, 2, 3, 14, 6, 7, 1, 10, 4, 5])
2903
Vecsmall([5, 7, 6, 14, 1, 3, 2, 12, 11, 15, 9, 8, 16, 4, 10, 13])
2909
Vecsmall([9, 1, 14, 7, 6, 15, 16, 13, 10, 2, 4, 5, 3, 8, 12, 11])
2917
Vecsmall([2, 10, 13, 11, 12, 5, 4, 14, 1, 9, 16, 15, 8, 3, 6, 7])
2927
Vecsmall([4, 6, 7, 1, 14, 2, 3, 11, 12, 16, 8, 9, 15, 5, 13, 10])
2939
Vecsmall([11, 5, 4, 2, 3, 10, 13, 16, 15, 7, 14, 1, 6, 12, 8, 9])
2953
Vecsmall([10, 9, 8, 16, 15, 12, 11, 3, 2, 1, 7, 6, 14, 13, 5, 4])
2957
Vecsmall([3, 13, 10, 12, 11, 4, 5, 1, 14, 8, 15, 16, 9, 2, 7, 6])
2963
Vecsmall([12, 4, 5, 3, 2, 13, 10, 15, 16, 6, 1, 14, 7, 11, 9, 8])
2969
Vecsmall([14, 3, 2, 5, 4, 7, 6, 9, 8, 13, 12, 11, 10, 1, 16, 15])
2971
Vecsmall([6, 16, 15, 8, 9, 14, 1, 5, 4, 12, 10, 13, 11, 7, 2, 3])
2999
Vecsmall([5, 7, 6, 14, 1, 3, 2, 12, 11, 15, 9, 8, 16, 4, 10, 13])
3001
Vecsmall([10, 9, 8, 16, 15, 12, 11, 3, 2, 1, 7, 6, 14, 13, 5, 4])
3011
Vecsmall([12, 4, 5, 3, 2, 13, 10, 15, 16, 6, 1, 14, 7, 11, 9, 8])
3019
Vecsmall([11, 5, 4, 2, 3, 10, 13, 16, 15, 7, 14, 1, 6, 12, 8, 9])
3023
Vecsmall([4, 6, 7, 1, 14, 2, 3, 11, 12, 16, 8, 9, 15, 5, 13, 10])
3037
Vecsmall([9, 1, 14, 7, 6, 15, 16, 13, 10, 2, 4, 5, 3, 8, 12, 11])
3041
Vecsmall([13, 8, 9, 15, 16, 11, 12, 2, 3, 14, 6, 7, 1, 10, 4, 5])
3049
Vecsmall([14, 3, 2, 5, 4, 7, 6, 9, 8, 13, 12, 11, 10, 1, 16, 15])
3061
Vecsmall([8, 14, 1, 6, 7, 16, 15, 10, 13, 3, 5, 4, 2, 9, 11, 12])
3067
Vecsmall([6, 16, 15, 8, 9, 14, 1, 5, 4, 12, 10, 13, 11, 7, 2, 3])
3079
Vecsmall([16, 12, 11, 10, 13, 9, 8, 7, 6, 4, 3, 2, 5, 15, 14, 1])
3083
Vecsmall([11, 5, 4, 2, 3, 10, 13, 16, 15, 7, 14, 1, 6, 12, 8, 9])
3089
Vecsmall([1, 2, 3, 4, 5, 6, 7, 8, 9, 10, 11, 12, 13, 14, 15, 16])
3109
Vecsmall([2, 10, 13, 11, 12, 5, 4, 14, 1, 9, 16, 15, 8, 3, 6, 7])
3119
Vecsmall([15, 11, 12, 13, 10, 8, 9, 6, 7, 5, 2, 3, 4, 16, 1, 14])
3121
Vecsmall([1, 2, 3, 4, 5, 6, 7, 8, 9, 10, 11, 12, 13, 14, 15, 16])
3137
Vecsmall([1, 2, 3, 4, 5, 6, 7, 8, 9, 10, 11, 12, 13, 14, 15, 16])
3163
Vecsmall([6, 16, 15, 8, 9, 14, 1, 5, 4, 12, 10, 13, 11, 7, 2, 3])
3167
Vecsmall([4, 6, 7, 1, 14, 2, 3, 11, 12, 16, 8, 9, 15, 5, 13, 10])
3169
Vecsmall([13, 8, 9, 15, 16, 11, 12, 2, 3, 14, 6, 7, 1, 10, 4, 5])
3181
Vecsmall([9, 1, 14, 7, 6, 15, 16, 13, 10, 2, 4, 5, 3, 8, 12, 11])
3187
Vecsmall([12, 4, 5, 3, 2, 13, 10, 15, 16, 6, 1, 14, 7, 11, 9, 8])
3191
Vecsmall([16, 12, 11, 10, 13, 9, 8, 7, 6, 4, 3, 2, 5, 15, 14, 1])
3203
Vecsmall([12, 4, 5, 3, 2, 13, 10, 15, 16, 6, 1, 14, 7, 11, 9, 8])
3209
Vecsmall([10, 9, 8, 16, 15, 12, 11, 3, 2, 1, 7, 6, 14, 13, 5, 4])
3217
Vecsmall([1, 2, 3, 4, 5, 6, 7, 8, 9, 10, 11, 12, 13, 14, 15, 16])
3221
Vecsmall([2, 10, 13, 11, 12, 5, 4, 14, 1, 9, 16, 15, 8, 3, 6, 7])
3229
Vecsmall([9, 1, 14, 7, 6, 15, 16, 13, 10, 2, 4, 5, 3, 8, 12, 11])
3251
Vecsmall([7, 15, 16, 9, 8, 1, 14, 4, 5, 11, 13, 10, 12, 6, 3, 2])
3253
Vecsmall([2, 10, 13, 11, 12, 5, 4, 14, 1, 9, 16, 15, 8, 3, 6, 7])
3257
Vecsmall([14, 3, 2, 5, 4, 7, 6, 9, 8, 13, 12, 11, 10, 1, 16, 15])
3259
Vecsmall([11, 5, 4, 2, 3, 10, 13, 16, 15, 7, 14, 1, 6, 12, 8, 9])
3271
Vecsmall([5, 7, 6, 14, 1, 3, 2, 12, 11, 15, 9, 8, 16, 4, 10, 13])
3299
Vecsmall([12, 4, 5, 3, 2, 13, 10, 15, 16, 6, 1, 14, 7, 11, 9, 8])
3301
Vecsmall([2, 10, 13, 11, 12, 5, 4, 14, 1, 9, 16, 15, 8, 3, 6, 7])
3307
Vecsmall([11, 5, 4, 2, 3, 10, 13, 16, 15, 7, 14, 1, 6, 12, 8, 9])
3313
Vecsmall([1, 2, 3, 4, 5, 6, 7, 8, 9, 10, 11, 12, 13, 14, 15, 16])
3319
Vecsmall([5, 7, 6, 14, 1, 3, 2, 12, 11, 15, 9, 8, 16, 4, 10, 13])
3323
Vecsmall([11, 5, 4, 2, 3, 10, 13, 16, 15, 7, 14, 1, 6, 12, 8, 9])
3329
Vecsmall([13, 8, 9, 15, 16, 11, 12, 2, 3, 14, 6, 7, 1, 10, 4, 5])
3331
Vecsmall([7, 15, 16, 9, 8, 1, 14, 4, 5, 11, 13, 10, 12, 6, 3, 2])
3343
Vecsmall([15, 11, 12, 13, 10, 8, 9, 6, 7, 5, 2, 3, 4, 16, 1, 14])
3347
Vecsmall([7, 15, 16, 9, 8, 1, 14, 4, 5, 11, 13, 10, 12, 6, 3, 2])
3359
Vecsmall([15, 11, 12, 13, 10, 8, 9, 6, 7, 5, 2, 3, 4, 16, 1, 14])
3361
Vecsmall([1, 2, 3, 4, 5, 6, 7, 8, 9, 10, 11, 12, 13, 14, 15, 16])
3371
Vecsmall([11, 5, 4, 2, 3, 10, 13, 16, 15, 7, 14, 1, 6, 12, 8, 9])
3373
Vecsmall([3, 13, 10, 12, 11, 4, 5, 1, 14, 8, 15, 16, 9, 2, 7, 6])
3389
Vecsmall([3, 13, 10, 12, 11, 4, 5, 1, 14, 8, 15, 16, 9, 2, 7, 6])
3391
Vecsmall([4, 6, 7, 1, 14, 2, 3, 11, 12, 16, 8, 9, 15, 5, 13, 10])
3407
Vecsmall([4, 6, 7, 1, 14, 2, 3, 11, 12, 16, 8, 9, 15, 5, 13, 10])
3413
Vecsmall([8, 14, 1, 6, 7, 16, 15, 10, 13, 3, 5, 4, 2, 9, 11, 12])
3433
Vecsmall([10, 9, 8, 16, 15, 12, 11, 3, 2, 1, 7, 6, 14, 13, 5, 4])
3449
Vecsmall([14, 3, 2, 5, 4, 7, 6, 9, 8, 13, 12, 11, 10, 1, 16, 15])
3457
Vecsmall([13, 8, 9, 15, 16, 11, 12, 2, 3, 14, 6, 7, 1, 10, 4, 5])
3461
Vecsmall([8, 14, 1, 6, 7, 16, 15, 10, 13, 3, 5, 4, 2, 9, 11, 12])
3463
Vecsmall([16, 12, 11, 10, 13, 9, 8, 7, 6, 4, 3, 2, 5, 15, 14, 1])
3467
Vecsmall([6, 16, 15, 8, 9, 14, 1, 5, 4, 12, 10, 13, 11, 7, 2, 3])
3469
Vecsmall([9, 1, 14, 7, 6, 15, 16, 13, 10, 2, 4, 5, 3, 8, 12, 11])
3491
Vecsmall([7, 15, 16, 9, 8, 1, 14, 4, 5, 11, 13, 10, 12, 6, 3, 2])
3499
Vecsmall([6, 16, 15, 8, 9, 14, 1, 5, 4, 12, 10, 13, 11, 7, 2, 3])
3511
Vecsmall([5, 7, 6, 14, 1, 3, 2, 12, 11, 15, 9, 8, 16, 4, 10, 13])
3517
Vecsmall([3, 13, 10, 12, 11, 4, 5, 1, 14, 8, 15, 16, 9, 2, 7, 6])
3527
Vecsmall([16, 12, 11, 10, 13, 9, 8, 7, 6, 4, 3, 2, 5, 15, 14, 1])
3529
Vecsmall([14, 3, 2, 5, 4, 7, 6, 9, 8, 13, 12, 11, 10, 1, 16, 15])
3533
Vecsmall([9, 1, 14, 7, 6, 15, 16, 13, 10, 2, 4, 5, 3, 8, 12, 11])
3539
Vecsmall([12, 4, 5, 3, 2, 13, 10, 15, 16, 6, 1, 14, 7, 11, 9, 8])
3541
Vecsmall([2, 10, 13, 11, 12, 5, 4, 14, 1, 9, 16, 15, 8, 3, 6, 7])
3547
Vecsmall([6, 16, 15, 8, 9, 14, 1, 5, 4, 12, 10, 13, 11, 7, 2, 3])
3557
Vecsmall([8, 14, 1, 6, 7, 16, 15, 10, 13, 3, 5, 4, 2, 9, 11, 12])
3559
Vecsmall([5, 7, 6, 14, 1, 3, 2, 12, 11, 15, 9, 8, 16, 4, 10, 13])
3571
Vecsmall([12, 4, 5, 3, 2, 13, 10, 15, 16, 6, 1, 14, 7, 11, 9, 8])
3581
Vecsmall([9, 1, 14, 7, 6, 15, 16, 13, 10, 2, 4, 5, 3, 8, 12, 11])
3583
Vecsmall([15, 11, 12, 13, 10, 8, 9, 6, 7, 5, 2, 3, 4, 16, 1, 14])
3593
Vecsmall([10, 9, 8, 16, 15, 12, 11, 3, 2, 1, 7, 6, 14, 13, 5, 4])
3607
Vecsmall([5, 7, 6, 14, 1, 3, 2, 12, 11, 15, 9, 8, 16, 4, 10, 13])
3613
Vecsmall([9, 1, 14, 7, 6, 15, 16, 13, 10, 2, 4, 5, 3, 8, 12, 11])
3617
Vecsmall([13, 8, 9, 15, 16, 11, 12, 2, 3, 14, 6, 7, 1, 10, 4, 5])
3623
Vecsmall([16, 12, 11, 10, 13, 9, 8, 7, 6, 4, 3, 2, 5, 15, 14, 1])
3631
Vecsmall([15, 11, 12, 13, 10, 8, 9, 6, 7, 5, 2, 3, 4, 16, 1, 14])
3637
Vecsmall([2, 10, 13, 11, 12, 5, 4, 14, 1, 9, 16, 15, 8, 3, 6, 7])
3643
Vecsmall([11, 5, 4, 2, 3, 10, 13, 16, 15, 7, 14, 1, 6, 12, 8, 9])
3659
Vecsmall([11, 5, 4, 2, 3, 10, 13, 16, 15, 7, 14, 1, 6, 12, 8, 9])
3671
Vecsmall([16, 12, 11, 10, 13, 9, 8, 7, 6, 4, 3, 2, 5, 15, 14, 1])
3673
Vecsmall([14, 3, 2, 5, 4, 7, 6, 9, 8, 13, 12, 11, 10, 1, 16, 15])
3677
Vecsmall([9, 1, 14, 7, 6, 15, 16, 13, 10, 2, 4, 5, 3, 8, 12, 11])
3691
Vecsmall([11, 5, 4, 2, 3, 10, 13, 16, 15, 7, 14, 1, 6, 12, 8, 9])
3697
Vecsmall([13, 8, 9, 15, 16, 11, 12, 2, 3, 14, 6, 7, 1, 10, 4, 5])
3701
Vecsmall([8, 14, 1, 6, 7, 16, 15, 10, 13, 3, 5, 4, 2, 9, 11, 12])
3709
Vecsmall([9, 1, 14, 7, 6, 15, 16, 13, 10, 2, 4, 5, 3, 8, 12, 11])
3719
Vecsmall([16, 12, 11, 10, 13, 9, 8, 7, 6, 4, 3, 2, 5, 15, 14, 1])
3727
Vecsmall([15, 11, 12, 13, 10, 8, 9, 6, 7, 5, 2, 3, 4, 16, 1, 14])
3733
Vecsmall([8, 14, 1, 6, 7, 16, 15, 10, 13, 3, 5, 4, 2, 9, 11, 12])
3739
Vecsmall([11, 5, 4, 2, 3, 10, 13, 16, 15, 7, 14, 1, 6, 12, 8, 9])
3761
Vecsmall([1, 2, 3, 4, 5, 6, 7, 8, 9, 10, 11, 12, 13, 14, 15, 16])
3767
Vecsmall([5, 7, 6, 14, 1, 3, 2, 12, 11, 15, 9, 8, 16, 4, 10, 13])
3769
Vecsmall([10, 9, 8, 16, 15, 12, 11, 3, 2, 1, 7, 6, 14, 13, 5, 4])
3779
Vecsmall([7, 15, 16, 9, 8, 1, 14, 4, 5, 11, 13, 10, 12, 6, 3, 2])
3793
Vecsmall([13, 8, 9, 15, 16, 11, 12, 2, 3, 14, 6, 7, 1, 10, 4, 5])
3797
Vecsmall([2, 10, 13, 11, 12, 5, 4, 14, 1, 9, 16, 15, 8, 3, 6, 7])
3803
Vecsmall([6, 16, 15, 8, 9, 14, 1, 5, 4, 12, 10, 13, 11, 7, 2, 3])
3821
Vecsmall([9, 1, 14, 7, 6, 15, 16, 13, 10, 2, 4, 5, 3, 8, 12, 11])
3823
Vecsmall([4, 6, 7, 1, 14, 2, 3, 11, 12, 16, 8, 9, 15, 5, 13, 10])
3833
Vecsmall([14, 3, 2, 5, 4, 7, 6, 9, 8, 13, 12, 11, 10, 1, 16, 15])
3847
Vecsmall([5, 7, 6, 14, 1, 3, 2, 12, 11, 15, 9, 8, 16, 4, 10, 13])
3851
Vecsmall([6, 16, 15, 8, 9, 14, 1, 5, 4, 12, 10, 13, 11, 7, 2, 3])
3853
Vecsmall([3, 13, 10, 12, 11, 4, 5, 1, 14, 8, 15, 16, 9, 2, 7, 6])
3863
Vecsmall([16, 12, 11, 10, 13, 9, 8, 7, 6, 4, 3, 2, 5, 15, 14, 1])
3877
Vecsmall([8, 14, 1, 6, 7, 16, 15, 10, 13, 3, 5, 4, 2, 9, 11, 12])
3881
Vecsmall([10, 9, 8, 16, 15, 12, 11, 3, 2, 1, 7, 6, 14, 13, 5, 4])
3889
Vecsmall([13, 8, 9, 15, 16, 11, 12, 2, 3, 14, 6, 7, 1, 10, 4, 5])
3907
Vecsmall([12, 4, 5, 3, 2, 13, 10, 15, 16, 6, 1, 14, 7, 11, 9, 8])
3911
Vecsmall([5, 7, 6, 14, 1, 3, 2, 12, 11, 15, 9, 8, 16, 4, 10, 13])
3917
Vecsmall([9, 1, 14, 7, 6, 15, 16, 13, 10, 2, 4, 5, 3, 8, 12, 11])
3919
Vecsmall([4, 6, 7, 1, 14, 2, 3, 11, 12, 16, 8, 9, 15, 5, 13, 10])
3923
Vecsmall([7, 15, 16, 9, 8, 1, 14, 4, 5, 11, 13, 10, 12, 6, 3, 2])
3929
Vecsmall([10, 9, 8, 16, 15, 12, 11, 3, 2, 1, 7, 6, 14, 13, 5, 4])
3931
Vecsmall([6, 16, 15, 8, 9, 14, 1, 5, 4, 12, 10, 13, 11, 7, 2, 3])
3943
Vecsmall([16, 12, 11, 10, 13, 9, 8, 7, 6, 4, 3, 2, 5, 15, 14, 1])
3947
Vecsmall([6, 16, 15, 8, 9, 14, 1, 5, 4, 12, 10, 13, 11, 7, 2, 3])
3967
Vecsmall([4, 6, 7, 1, 14, 2, 3, 11, 12, 16, 8, 9, 15, 5, 13, 10])
3989
Vecsmall([8, 14, 1, 6, 7, 16, 15, 10, 13, 3, 5, 4, 2, 9, 11, 12])
4001
Vecsmall([1, 2, 3, 4, 5, 6, 7, 8, 9, 10, 11, 12, 13, 14, 15, 16])
4003
Vecsmall([7, 15, 16, 9, 8, 1, 14, 4, 5, 11, 13, 10, 12, 6, 3, 2])
4007
Vecsmall([16, 12, 11, 10, 13, 9, 8, 7, 6, 4, 3, 2, 5, 15, 14, 1])
4013
Vecsmall([3, 13, 10, 12, 11, 4, 5, 1, 14, 8, 15, 16, 9, 2, 7, 6])
4019
Vecsmall([12, 4, 5, 3, 2, 13, 10, 15, 16, 6, 1, 14, 7, 11, 9, 8])
4021
Vecsmall([2, 10, 13, 11, 12, 5, 4, 14, 1, 9, 16, 15, 8, 3, 6, 7])
4027
Vecsmall([11, 5, 4, 2, 3, 10, 13, 16, 15, 7, 14, 1, 6, 12, 8, 9])
4049
Vecsmall([1, 2, 3, 4, 5, 6, 7, 8, 9, 10, 11, 12, 13, 14, 15, 16])
4051
Vecsmall([7, 15, 16, 9, 8, 1, 14, 4, 5, 11, 13, 10, 12, 6, 3, 2])
4057
Vecsmall([14, 3, 2, 5, 4, 7, 6, 9, 8, 13, 12, 11, 10, 1, 16, 15])
4073
Vecsmall([10, 9, 8, 16, 15, 12, 11, 3, 2, 1, 7, 6, 14, 13, 5, 4])
4079
Vecsmall([4, 6, 7, 1, 14, 2, 3, 11, 12, 16, 8, 9, 15, 5, 13, 10])
4091
Vecsmall([11, 5, 4, 2, 3, 10, 13, 16, 15, 7, 14, 1, 6, 12, 8, 9])
4093
Vecsmall([3, 13, 10, 12, 11, 4, 5, 1, 14, 8, 15, 16, 9, 2, 7, 6])
4099
Vecsmall([7, 15, 16, 9, 8, 1, 14, 4, 5, 11, 13, 10, 12, 6, 3, 2])
4111
Vecsmall([15, 11, 12, 13, 10, 8, 9, 6, 7, 5, 2, 3, 4, 16, 1, 14])
4127
Vecsmall([15, 11, 12, 13, 10, 8, 9, 6, 7, 5, 2, 3, 4, 16, 1, 14])
4129
Vecsmall([13, 8, 9, 15, 16, 11, 12, 2, 3, 14, 6, 7, 1, 10, 4, 5])
4133
Vecsmall([2, 10, 13, 11, 12, 5, 4, 14, 1, 9, 16, 15, 8, 3, 6, 7])
4139
Vecsmall([11, 5, 4, 2, 3, 10, 13, 16, 15, 7, 14, 1, 6, 12, 8, 9])
4153
Vecsmall([14, 3, 2, 5, 4, 7, 6, 9, 8, 13, 12, 11, 10, 1, 16, 15])
4157
Vecsmall([3, 13, 10, 12, 11, 4, 5, 1, 14, 8, 15, 16, 9, 2, 7, 6])
4159
Vecsmall([15, 11, 12, 13, 10, 8, 9, 6, 7, 5, 2, 3, 4, 16, 1, 14])
4177
Vecsmall([1, 2, 3, 4, 5, 6, 7, 8, 9, 10, 11, 12, 13, 14, 15, 16])
4201
Vecsmall([14, 3, 2, 5, 4, 7, 6, 9, 8, 13, 12, 11, 10, 1, 16, 15])
4211
Vecsmall([7, 15, 16, 9, 8, 1, 14, 4, 5, 11, 13, 10, 12, 6, 3, 2])
4217
Vecsmall([14, 3, 2, 5, 4, 7, 6, 9, 8, 13, 12, 11, 10, 1, 16, 15])
4219
Vecsmall([6, 16, 15, 8, 9, 14, 1, 5, 4, 12, 10, 13, 11, 7, 2, 3])
4229
Vecsmall([2, 10, 13, 11, 12, 5, 4, 14, 1, 9, 16, 15, 8, 3, 6, 7])
4231
Vecsmall([5, 7, 6, 14, 1, 3, 2, 12, 11, 15, 9, 8, 16, 4, 10, 13])
4241
Vecsmall([13, 8, 9, 15, 16, 11, 12, 2, 3, 14, 6, 7, 1, 10, 4, 5])
4243
Vecsmall([12, 4, 5, 3, 2, 13, 10, 15, 16, 6, 1, 14, 7, 11, 9, 8])
4253
Vecsmall([3, 13, 10, 12, 11, 4, 5, 1, 14, 8, 15, 16, 9, 2, 7, 6])
4259
Vecsmall([12, 4, 5, 3, 2, 13, 10, 15, 16, 6, 1, 14, 7, 11, 9, 8])
4261
Vecsmall([8, 14, 1, 6, 7, 16, 15, 10, 13, 3, 5, 4, 2, 9, 11, 12])
4271
Vecsmall([4, 6, 7, 1, 14, 2, 3, 11, 12, 16, 8, 9, 15, 5, 13, 10])
4273
Vecsmall([1, 2, 3, 4, 5, 6, 7, 8, 9, 10, 11, 12, 13, 14, 15, 16])
4283
Vecsmall([6, 16, 15, 8, 9, 14, 1, 5, 4, 12, 10, 13, 11, 7, 2, 3])
4289
Vecsmall([1, 2, 3, 4, 5, 6, 7, 8, 9, 10, 11, 12, 13, 14, 15, 16])
4297
Vecsmall([14, 3, 2, 5, 4, 7, 6, 9, 8, 13, 12, 11, 10, 1, 16, 15])
4327
Vecsmall([5, 7, 6, 14, 1, 3, 2, 12, 11, 15, 9, 8, 16, 4, 10, 13])
4337
Vecsmall([13, 8, 9, 15, 16, 11, 12, 2, 3, 14, 6, 7, 1, 10, 4, 5])
4339
Vecsmall([12, 4, 5, 3, 2, 13, 10, 15, 16, 6, 1, 14, 7, 11, 9, 8])
4349
Vecsmall([9, 1, 14, 7, 6, 15, 16, 13, 10, 2, 4, 5, 3, 8, 12, 11])
4357
Vecsmall([2, 10, 13, 11, 12, 5, 4, 14, 1, 9, 16, 15, 8, 3, 6, 7])
4363
Vecsmall([6, 16, 15, 8, 9, 14, 1, 5, 4, 12, 10, 13, 11, 7, 2, 3])
4373
Vecsmall([8, 14, 1, 6, 7, 16, 15, 10, 13, 3, 5, 4, 2, 9, 11, 12])
4391
Vecsmall([5, 7, 6, 14, 1, 3, 2, 12, 11, 15, 9, 8, 16, 4, 10, 13])
4397
Vecsmall([9, 1, 14, 7, 6, 15, 16, 13, 10, 2, 4, 5, 3, 8, 12, 11])
4409
Vecsmall([14, 3, 2, 5, 4, 7, 6, 9, 8, 13, 12, 11, 10, 1, 16, 15])
4421
Vecsmall([2, 10, 13, 11, 12, 5, 4, 14, 1, 9, 16, 15, 8, 3, 6, 7])
4423
Vecsmall([16, 12, 11, 10, 13, 9, 8, 7, 6, 4, 3, 2, 5, 15, 14, 1])
4441
Vecsmall([10, 9, 8, 16, 15, 12, 11, 3, 2, 1, 7, 6, 14, 13, 5, 4])
4447
Vecsmall([15, 11, 12, 13, 10, 8, 9, 6, 7, 5, 2, 3, 4, 16, 1, 14])
4451
Vecsmall([12, 4, 5, 3, 2, 13, 10, 15, 16, 6, 1, 14, 7, 11, 9, 8])
4457
Vecsmall([14, 3, 2, 5, 4, 7, 6, 9, 8, 13, 12, 11, 10, 1, 16, 15])
4463
Vecsmall([15, 11, 12, 13, 10, 8, 9, 6, 7, 5, 2, 3, 4, 16, 1, 14])
4481
Vecsmall([1, 2, 3, 4, 5, 6, 7, 8, 9, 10, 11, 12, 13, 14, 15, 16])
4483
Vecsmall([12, 4, 5, 3, 2, 13, 10, 15, 16, 6, 1, 14, 7, 11, 9, 8])
4493
Vecsmall([9, 1, 14, 7, 6, 15, 16, 13, 10, 2, 4, 5, 3, 8, 12, 11])
4507
Vecsmall([6, 16, 15, 8, 9, 14, 1, 5, 4, 12, 10, 13, 11, 7, 2, 3])
4513
Vecsmall([1, 2, 3, 4, 5, 6, 7, 8, 9, 10, 11, 12, 13, 14, 15, 16])
4517
Vecsmall([2, 10, 13, 11, 12, 5, 4, 14, 1, 9, 16, 15, 8, 3, 6, 7])
4519
Vecsmall([16, 12, 11, 10, 13, 9, 8, 7, 6, 4, 3, 2, 5, 15, 14, 1])
4523
Vecsmall([6, 16, 15, 8, 9, 14, 1, 5, 4, 12, 10, 13, 11, 7, 2, 3])
4547
Vecsmall([12, 4, 5, 3, 2, 13, 10, 15, 16, 6, 1, 14, 7, 11, 9, 8])
4549
Vecsmall([2, 10, 13, 11, 12, 5, 4, 14, 1, 9, 16, 15, 8, 3, 6, 7])
4561
Vecsmall([13, 8, 9, 15, 16, 11, 12, 2, 3, 14, 6, 7, 1, 10, 4, 5])
4567
Vecsmall([5, 7, 6, 14, 1, 3, 2, 12, 11, 15, 9, 8, 16, 4, 10, 13])
4583
Vecsmall([16, 12, 11, 10, 13, 9, 8, 7, 6, 4, 3, 2, 5, 15, 14, 1])
4591
Vecsmall([15, 11, 12, 13, 10, 8, 9, 6, 7, 5, 2, 3, 4, 16, 1, 14])
4597
Vecsmall([2, 10, 13, 11, 12, 5, 4, 14, 1, 9, 16, 15, 8, 3, 6, 7])
4603
Vecsmall([6, 16, 15, 8, 9, 14, 1, 5, 4, 12, 10, 13, 11, 7, 2, 3])
4621
Vecsmall([9, 1, 14, 7, 6, 15, 16, 13, 10, 2, 4, 5, 3, 8, 12, 11])
4637
Vecsmall([3, 13, 10, 12, 11, 4, 5, 1, 14, 8, 15, 16, 9, 2, 7, 6])
4639
Vecsmall([15, 11, 12, 13, 10, 8, 9, 6, 7, 5, 2, 3, 4, 16, 1, 14])
4643
Vecsmall([12, 4, 5, 3, 2, 13, 10, 15, 16, 6, 1, 14, 7, 11, 9, 8])
4649
Vecsmall([10, 9, 8, 16, 15, 12, 11, 3, 2, 1, 7, 6, 14, 13, 5, 4])
4651
Vecsmall([11, 5, 4, 2, 3, 10, 13, 16, 15, 7, 14, 1, 6, 12, 8, 9])
4657
Vecsmall([1, 2, 3, 4, 5, 6, 7, 8, 9, 10, 11, 12, 13, 14, 15, 16])
4663
Vecsmall([5, 7, 6, 14, 1, 3, 2, 12, 11, 15, 9, 8, 16, 4, 10, 13])
4673
Vecsmall([13, 8, 9, 15, 16, 11, 12, 2, 3, 14, 6, 7, 1, 10, 4, 5])
4679
Vecsmall([5, 7, 6, 14, 1, 3, 2, 12, 11, 15, 9, 8, 16, 4, 10, 13])
4691
Vecsmall([7, 15, 16, 9, 8, 1, 14, 4, 5, 11, 13, 10, 12, 6, 3, 2])
4703
Vecsmall([4, 6, 7, 1, 14, 2, 3, 11, 12, 16, 8, 9, 15, 5, 13, 10])
4721
Vecsmall([1, 2, 3, 4, 5, 6, 7, 8, 9, 10, 11, 12, 13, 14, 15, 16])
4723
Vecsmall([12, 4, 5, 3, 2, 13, 10, 15, 16, 6, 1, 14, 7, 11, 9, 8])
4729
Vecsmall([10, 9, 8, 16, 15, 12, 11, 3, 2, 1, 7, 6, 14, 13, 5, 4])
4733
Vecsmall([3, 13, 10, 12, 11, 4, 5, 1, 14, 8, 15, 16, 9, 2, 7, 6])
4751
Vecsmall([4, 6, 7, 1, 14, 2, 3, 11, 12, 16, 8, 9, 15, 5, 13, 10])
4759
Vecsmall([5, 7, 6, 14, 1, 3, 2, 12, 11, 15, 9, 8, 16, 4, 10, 13])
4783
Vecsmall([4, 6, 7, 1, 14, 2, 3, 11, 12, 16, 8, 9, 15, 5, 13, 10])
4787
Vecsmall([7, 15, 16, 9, 8, 1, 14, 4, 5, 11, 13, 10, 12, 6, 3, 2])
4789
Vecsmall([8, 14, 1, 6, 7, 16, 15, 10, 13, 3, 5, 4, 2, 9, 11, 12])
4793
Vecsmall([10, 9, 8, 16, 15, 12, 11, 3, 2, 1, 7, 6, 14, 13, 5, 4])
4799
Vecsmall([15, 11, 12, 13, 10, 8, 9, 6, 7, 5, 2, 3, 4, 16, 1, 14])
4801
Vecsmall([1, 2, 3, 4, 5, 6, 7, 8, 9, 10, 11, 12, 13, 14, 15, 16])
4813
Vecsmall([9, 1, 14, 7, 6, 15, 16, 13, 10, 2, 4, 5, 3, 8, 12, 11])
4817
Vecsmall([1, 2, 3, 4, 5, 6, 7, 8, 9, 10, 11, 12, 13, 14, 15, 16])
4831
Vecsmall([4, 6, 7, 1, 14, 2, 3, 11, 12, 16, 8, 9, 15, 5, 13, 10])
4861
Vecsmall([3, 13, 10, 12, 11, 4, 5, 1, 14, 8, 15, 16, 9, 2, 7, 6])
4871
Vecsmall([5, 7, 6, 14, 1, 3, 2, 12, 11, 15, 9, 8, 16, 4, 10, 13])
4877
Vecsmall([9, 1, 14, 7, 6, 15, 16, 13, 10, 2, 4, 5, 3, 8, 12, 11])
4889
Vecsmall([10, 9, 8, 16, 15, 12, 11, 3, 2, 1, 7, 6, 14, 13, 5, 4])
4903
Vecsmall([16, 12, 11, 10, 13, 9, 8, 7, 6, 4, 3, 2, 5, 15, 14, 1])
4909
Vecsmall([9, 1, 14, 7, 6, 15, 16, 13, 10, 2, 4, 5, 3, 8, 12, 11])
4919
Vecsmall([16, 12, 11, 10, 13, 9, 8, 7, 6, 4, 3, 2, 5, 15, 14, 1])
4931
Vecsmall([12, 4, 5, 3, 2, 13, 10, 15, 16, 6, 1, 14, 7, 11, 9, 8])
4933
Vecsmall([8, 14, 1, 6, 7, 16, 15, 10, 13, 3, 5, 4, 2, 9, 11, 12])
4937
Vecsmall([14, 3, 2, 5, 4, 7, 6, 9, 8, 13, 12, 11, 10, 1, 16, 15])
4943
Vecsmall([4, 6, 7, 1, 14, 2, 3, 11, 12, 16, 8, 9, 15, 5, 13, 10])
4951
Vecsmall([16, 12, 11, 10, 13, 9, 8, 7, 6, 4, 3, 2, 5, 15, 14, 1])
4957
Vecsmall([3, 13, 10, 12, 11, 4, 5, 1, 14, 8, 15, 16, 9, 2, 7, 6])
4967
Vecsmall([16, 12, 11, 10, 13, 9, 8, 7, 6, 4, 3, 2, 5, 15, 14, 1])
4969
Vecsmall([10, 9, 8, 16, 15, 12, 11, 3, 2, 1, 7, 6, 14, 13, 5, 4])
4973
Vecsmall([9, 1, 14, 7, 6, 15, 16, 13, 10, 2, 4, 5, 3, 8, 12, 11])
4987
Vecsmall([6, 16, 15, 8, 9, 14, 1, 5, 4, 12, 10, 13, 11, 7, 2, 3])
4993
Vecsmall([1, 2, 3, 4, 5, 6, 7, 8, 9, 10, 11, 12, 13, 14, 15, 16])
4999
Vecsmall([5, 7, 6, 14, 1, 3, 2, 12, 11, 15, 9, 8, 16, 4, 10, 13])
5003
Vecsmall([6, 16, 15, 8, 9, 14, 1, 5, 4, 12, 10, 13, 11, 7, 2, 3])
5009
Vecsmall([13, 8, 9, 15, 16, 11, 12, 2, 3, 14, 6, 7, 1, 10, 4, 5])
5011
Vecsmall([7, 15, 16, 9, 8, 1, 14, 4, 5, 11, 13, 10, 12, 6, 3, 2])
5021
Vecsmall([9, 1, 14, 7, 6, 15, 16, 13, 10, 2, 4, 5, 3, 8, 12, 11])
5023
Vecsmall([15, 11, 12, 13, 10, 8, 9, 6, 7, 5, 2, 3, 4, 16, 1, 14])
5039
Vecsmall([4, 6, 7, 1, 14, 2, 3, 11, 12, 16, 8, 9, 15, 5, 13, 10])
5051
Vecsmall([11, 5, 4, 2, 3, 10, 13, 16, 15, 7, 14, 1, 6, 12, 8, 9])
5059
Vecsmall([12, 4, 5, 3, 2, 13, 10, 15, 16, 6, 1, 14, 7, 11, 9, 8])
5077
Vecsmall([2, 10, 13, 11, 12, 5, 4, 14, 1, 9, 16, 15, 8, 3, 6, 7])
5081
Vecsmall([14, 3, 2, 5, 4, 7, 6, 9, 8, 13, 12, 11, 10, 1, 16, 15])
5087
Vecsmall([4, 6, 7, 1, 14, 2, 3, 11, 12, 16, 8, 9, 15, 5, 13, 10])
5099
Vecsmall([6, 16, 15, 8, 9, 14, 1, 5, 4, 12, 10, 13, 11, 7, 2, 3])
5101
Vecsmall([9, 1, 14, 7, 6, 15, 16, 13, 10, 2, 4, 5, 3, 8, 12, 11])
5107
Vecsmall([7, 15, 16, 9, 8, 1, 14, 4, 5, 11, 13, 10, 12, 6, 3, 2])
5113
Vecsmall([14, 3, 2, 5, 4, 7, 6, 9, 8, 13, 12, 11, 10, 1, 16, 15])
5119
Vecsmall([15, 11, 12, 13, 10, 8, 9, 6, 7, 5, 2, 3, 4, 16, 1, 14])
5147
Vecsmall([11, 5, 4, 2, 3, 10, 13, 16, 15, 7, 14, 1, 6, 12, 8, 9])
5153
Vecsmall([13, 8, 9, 15, 16, 11, 12, 2, 3, 14, 6, 7, 1, 10, 4, 5])
5167
Vecsmall([4, 6, 7, 1, 14, 2, 3, 11, 12, 16, 8, 9, 15, 5, 13, 10])
5171
Vecsmall([7, 15, 16, 9, 8, 1, 14, 4, 5, 11, 13, 10, 12, 6, 3, 2])
5179
Vecsmall([11, 5, 4, 2, 3, 10, 13, 16, 15, 7, 14, 1, 6, 12, 8, 9])
5189
Vecsmall([2, 10, 13, 11, 12, 5, 4, 14, 1, 9, 16, 15, 8, 3, 6, 7])
5197
Vecsmall([9, 1, 14, 7, 6, 15, 16, 13, 10, 2, 4, 5, 3, 8, 12, 11])
5209
Vecsmall([14, 3, 2, 5, 4, 7, 6, 9, 8, 13, 12, 11, 10, 1, 16, 15])
5227
Vecsmall([11, 5, 4, 2, 3, 10, 13, 16, 15, 7, 14, 1, 6, 12, 8, 9])
5231
Vecsmall([4, 6, 7, 1, 14, 2, 3, 11, 12, 16, 8, 9, 15, 5, 13, 10])
5233
Vecsmall([1, 2, 3, 4, 5, 6, 7, 8, 9, 10, 11, 12, 13, 14, 15, 16])
5237
Vecsmall([8, 14, 1, 6, 7, 16, 15, 10, 13, 3, 5, 4, 2, 9, 11, 12])
5261
Vecsmall([9, 1, 14, 7, 6, 15, 16, 13, 10, 2, 4, 5, 3, 8, 12, 11])
5273
Vecsmall([10, 9, 8, 16, 15, 12, 11, 3, 2, 1, 7, 6, 14, 13, 5, 4])
5279
Vecsmall([15, 11, 12, 13, 10, 8, 9, 6, 7, 5, 2, 3, 4, 16, 1, 14])
5281
Vecsmall([13, 8, 9, 15, 16, 11, 12, 2, 3, 14, 6, 7, 1, 10, 4, 5])
5297
Vecsmall([1, 2, 3, 4, 5, 6, 7, 8, 9, 10, 11, 12, 13, 14, 15, 16])
5303
Vecsmall([16, 12, 11, 10, 13, 9, 8, 7, 6, 4, 3, 2, 5, 15, 14, 1])
5309
Vecsmall([9, 1, 14, 7, 6, 15, 16, 13, 10, 2, 4, 5, 3, 8, 12, 11])
5323
Vecsmall([6, 16, 15, 8, 9, 14, 1, 5, 4, 12, 10, 13, 11, 7, 2, 3])
5333
Vecsmall([2, 10, 13, 11, 12, 5, 4, 14, 1, 9, 16, 15, 8, 3, 6, 7])
5347
Vecsmall([7, 15, 16, 9, 8, 1, 14, 4, 5, 11, 13, 10, 12, 6, 3, 2])
5351
Vecsmall([16, 12, 11, 10, 13, 9, 8, 7, 6, 4, 3, 2, 5, 15, 14, 1])
5381
Vecsmall([2, 10, 13, 11, 12, 5, 4, 14, 1, 9, 16, 15, 8, 3, 6, 7])
5387
Vecsmall([11, 5, 4, 2, 3, 10, 13, 16, 15, 7, 14, 1, 6, 12, 8, 9])
5393
Vecsmall([1, 2, 3, 4, 5, 6, 7, 8, 9, 10, 11, 12, 13, 14, 15, 16])
5399
Vecsmall([5, 7, 6, 14, 1, 3, 2, 12, 11, 15, 9, 8, 16, 4, 10, 13])
5407
Vecsmall([4, 6, 7, 1, 14, 2, 3, 11, 12, 16, 8, 9, 15, 5, 13, 10])
5413
Vecsmall([8, 14, 1, 6, 7, 16, 15, 10, 13, 3, 5, 4, 2, 9, 11, 12])
5417
Vecsmall([10, 9, 8, 16, 15, 12, 11, 3, 2, 1, 7, 6, 14, 13, 5, 4])
5419
Vecsmall([11, 5, 4, 2, 3, 10, 13, 16, 15, 7, 14, 1, 6, 12, 8, 9])
5431
Vecsmall([16, 12, 11, 10, 13, 9, 8, 7, 6, 4, 3, 2, 5, 15, 14, 1])
5437
Vecsmall([3, 13, 10, 12, 11, 4, 5, 1, 14, 8, 15, 16, 9, 2, 7, 6])
5441
Vecsmall([13, 8, 9, 15, 16, 11, 12, 2, 3, 14, 6, 7, 1, 10, 4, 5])
5443
Vecsmall([7, 15, 16, 9, 8, 1, 14, 4, 5, 11, 13, 10, 12, 6, 3, 2])
5449
Vecsmall([10, 9, 8, 16, 15, 12, 11, 3, 2, 1, 7, 6, 14, 13, 5, 4])
5471
Vecsmall([4, 6, 7, 1, 14, 2, 3, 11, 12, 16, 8, 9, 15, 5, 13, 10])
5477
Vecsmall([2, 10, 13, 11, 12, 5, 4, 14, 1, 9, 16, 15, 8, 3, 6, 7])
5479
Vecsmall([5, 7, 6, 14, 1, 3, 2, 12, 11, 15, 9, 8, 16, 4, 10, 13])
5483
Vecsmall([6, 16, 15, 8, 9, 14, 1, 5, 4, 12, 10, 13, 11, 7, 2, 3])
5501
Vecsmall([9, 1, 14, 7, 6, 15, 16, 13, 10, 2, 4, 5, 3, 8, 12, 11])
5503
Vecsmall([4, 6, 7, 1, 14, 2, 3, 11, 12, 16, 8, 9, 15, 5, 13, 10])
5507
Vecsmall([7, 15, 16, 9, 8, 1, 14, 4, 5, 11, 13, 10, 12, 6, 3, 2])
5519
Vecsmall([15, 11, 12, 13, 10, 8, 9, 6, 7, 5, 2, 3, 4, 16, 1, 14])
5521
Vecsmall([13, 8, 9, 15, 16, 11, 12, 2, 3, 14, 6, 7, 1, 10, 4, 5])
5527
Vecsmall([5, 7, 6, 14, 1, 3, 2, 12, 11, 15, 9, 8, 16, 4, 10, 13])
5531
Vecsmall([11, 5, 4, 2, 3, 10, 13, 16, 15, 7, 14, 1, 6, 12, 8, 9])
5557
Vecsmall([2, 10, 13, 11, 12, 5, 4, 14, 1, 9, 16, 15, 8, 3, 6, 7])
5563
Vecsmall([11, 5, 4, 2, 3, 10, 13, 16, 15, 7, 14, 1, 6, 12, 8, 9])
5569
Vecsmall([1, 2, 3, 4, 5, 6, 7, 8, 9, 10, 11, 12, 13, 14, 15, 16])
5573
Vecsmall([8, 14, 1, 6, 7, 16, 15, 10, 13, 3, 5, 4, 2, 9, 11, 12])
5581
Vecsmall([9, 1, 14, 7, 6, 15, 16, 13, 10, 2, 4, 5, 3, 8, 12, 11])
5591
Vecsmall([16, 12, 11, 10, 13, 9, 8, 7, 6, 4, 3, 2, 5, 15, 14, 1])
5623
Vecsmall([5, 7, 6, 14, 1, 3, 2, 12, 11, 15, 9, 8, 16, 4, 10, 13])
5639
Vecsmall([16, 12, 11, 10, 13, 9, 8, 7, 6, 4, 3, 2, 5, 15, 14, 1])
5641
Vecsmall([10, 9, 8, 16, 15, 12, 11, 3, 2, 1, 7, 6, 14, 13, 5, 4])
5647
Vecsmall([15, 11, 12, 13, 10, 8, 9, 6, 7, 5, 2, 3, 4, 16, 1, 14])
5651
Vecsmall([12, 4, 5, 3, 2, 13, 10, 15, 16, 6, 1, 14, 7, 11, 9, 8])
5653
Vecsmall([8, 14, 1, 6, 7, 16, 15, 10, 13, 3, 5, 4, 2, 9, 11, 12])
5657
Vecsmall([10, 9, 8, 16, 15, 12, 11, 3, 2, 1, 7, 6, 14, 13, 5, 4])
5659
Vecsmall([11, 5, 4, 2, 3, 10, 13, 16, 15, 7, 14, 1, 6, 12, 8, 9])
5669
Vecsmall([2, 10, 13, 11, 12, 5, 4, 14, 1, 9, 16, 15, 8, 3, 6, 7])
5683
Vecsmall([12, 4, 5, 3, 2, 13, 10, 15, 16, 6, 1, 14, 7, 11, 9, 8])
5689
Vecsmall([14, 3, 2, 5, 4, 7, 6, 9, 8, 13, 12, 11, 10, 1, 16, 15])
5693
Vecsmall([3, 13, 10, 12, 11, 4, 5, 1, 14, 8, 15, 16, 9, 2, 7, 6])
5701
Vecsmall([2, 10, 13, 11, 12, 5, 4, 14, 1, 9, 16, 15, 8, 3, 6, 7])
5711
Vecsmall([15, 11, 12, 13, 10, 8, 9, 6, 7, 5, 2, 3, 4, 16, 1, 14])
5717
Vecsmall([8, 14, 1, 6, 7, 16, 15, 10, 13, 3, 5, 4, 2, 9, 11, 12])
5737
Vecsmall([14, 3, 2, 5, 4, 7, 6, 9, 8, 13, 12, 11, 10, 1, 16, 15])
5741
Vecsmall([9, 1, 14, 7, 6, 15, 16, 13, 10, 2, 4, 5, 3, 8, 12, 11])
5743
Vecsmall([15, 11, 12, 13, 10, 8, 9, 6, 7, 5, 2, 3, 4, 16, 1, 14])
5749
Vecsmall([2, 10, 13, 11, 12, 5, 4, 14, 1, 9, 16, 15, 8, 3, 6, 7])
5779
Vecsmall([7, 15, 16, 9, 8, 1, 14, 4, 5, 11, 13, 10, 12, 6, 3, 2])
5783
Vecsmall([5, 7, 6, 14, 1, 3, 2, 12, 11, 15, 9, 8, 16, 4, 10, 13])
5791
Vecsmall([4, 6, 7, 1, 14, 2, 3, 11, 12, 16, 8, 9, 15, 5, 13, 10])
5801
Vecsmall([10, 9, 8, 16, 15, 12, 11, 3, 2, 1, 7, 6, 14, 13, 5, 4])
5807
Vecsmall([15, 11, 12, 13, 10, 8, 9, 6, 7, 5, 2, 3, 4, 16, 1, 14])
5813
Vecsmall([2, 10, 13, 11, 12, 5, 4, 14, 1, 9, 16, 15, 8, 3, 6, 7])
5821
Vecsmall([9, 1, 14, 7, 6, 15, 16, 13, 10, 2, 4, 5, 3, 8, 12, 11])
5827
Vecsmall([12, 4, 5, 3, 2, 13, 10, 15, 16, 6, 1, 14, 7, 11, 9, 8])
5839
Vecsmall([4, 6, 7, 1, 14, 2, 3, 11, 12, 16, 8, 9, 15, 5, 13, 10])
5843
Vecsmall([12, 4, 5, 3, 2, 13, 10, 15, 16, 6, 1, 14, 7, 11, 9, 8])
5849
Vecsmall([10, 9, 8, 16, 15, 12, 11, 3, 2, 1, 7, 6, 14, 13, 5, 4])
5851
Vecsmall([11, 5, 4, 2, 3, 10, 13, 16, 15, 7, 14, 1, 6, 12, 8, 9])
5857
Vecsmall([13, 8, 9, 15, 16, 11, 12, 2, 3, 14, 6, 7, 1, 10, 4, 5])
5861
Vecsmall([2, 10, 13, 11, 12, 5, 4, 14, 1, 9, 16, 15, 8, 3, 6, 7])
5867
Vecsmall([11, 5, 4, 2, 3, 10, 13, 16, 15, 7, 14, 1, 6, 12, 8, 9])
5869
Vecsmall([9, 1, 14, 7, 6, 15, 16, 13, 10, 2, 4, 5, 3, 8, 12, 11])
5879
Vecsmall([16, 12, 11, 10, 13, 9, 8, 7, 6, 4, 3, 2, 5, 15, 14, 1])
5881
Vecsmall([14, 3, 2, 5, 4, 7, 6, 9, 8, 13, 12, 11, 10, 1, 16, 15])
5897
Vecsmall([10, 9, 8, 16, 15, 12, 11, 3, 2, 1, 7, 6, 14, 13, 5, 4])
5903
Vecsmall([4, 6, 7, 1, 14, 2, 3, 11, 12, 16, 8, 9, 15, 5, 13, 10])
5923
Vecsmall([12, 4, 5, 3, 2, 13, 10, 15, 16, 6, 1, 14, 7, 11, 9, 8])
5927
Vecsmall([16, 12, 11, 10, 13, 9, 8, 7, 6, 4, 3, 2, 5, 15, 14, 1])
5939
Vecsmall([12, 4, 5, 3, 2, 13, 10, 15, 16, 6, 1, 14, 7, 11, 9, 8])
5953
Vecsmall([13, 8, 9, 15, 16, 11, 12, 2, 3, 14, 6, 7, 1, 10, 4, 5])
5981
Vecsmall([9, 1, 14, 7, 6, 15, 16, 13, 10, 2, 4, 5, 3, 8, 12, 11])
5987
Vecsmall([7, 15, 16, 9, 8, 1, 14, 4, 5, 11, 13, 10, 12, 6, 3, 2])
6007
Vecsmall([5, 7, 6, 14, 1, 3, 2, 12, 11, 15, 9, 8, 16, 4, 10, 13])
6011
Vecsmall([6, 16, 15, 8, 9, 14, 1, 5, 4, 12, 10, 13, 11, 7, 2, 3])
6029
Vecsmall([3, 13, 10, 12, 11, 4, 5, 1, 14, 8, 15, 16, 9, 2, 7, 6])
6037
Vecsmall([2, 10, 13, 11, 12, 5, 4, 14, 1, 9, 16, 15, 8, 3, 6, 7])
6043
Vecsmall([6, 16, 15, 8, 9, 14, 1, 5, 4, 12, 10, 13, 11, 7, 2, 3])
6047
Vecsmall([15, 11, 12, 13, 10, 8, 9, 6, 7, 5, 2, 3, 4, 16, 1, 14])
6053
Vecsmall([2, 10, 13, 11, 12, 5, 4, 14, 1, 9, 16, 15, 8, 3, 6, 7])
6067
Vecsmall([12, 4, 5, 3, 2, 13, 10, 15, 16, 6, 1, 14, 7, 11, 9, 8])
6073
Vecsmall([10, 9, 8, 16, 15, 12, 11, 3, 2, 1, 7, 6, 14, 13, 5, 4])
6079
Vecsmall([4, 6, 7, 1, 14, 2, 3, 11, 12, 16, 8, 9, 15, 5, 13, 10])
6089
Vecsmall([14, 3, 2, 5, 4, 7, 6, 9, 8, 13, 12, 11, 10, 1, 16, 15])
6091
Vecsmall([6, 16, 15, 8, 9, 14, 1, 5, 4, 12, 10, 13, 11, 7, 2, 3])
6101
Vecsmall([8, 14, 1, 6, 7, 16, 15, 10, 13, 3, 5, 4, 2, 9, 11, 12])
6113
Vecsmall([13, 8, 9, 15, 16, 11, 12, 2, 3, 14, 6, 7, 1, 10, 4, 5])
6121
Vecsmall([14, 3, 2, 5, 4, 7, 6, 9, 8, 13, 12, 11, 10, 1, 16, 15])
6131
Vecsmall([7, 15, 16, 9, 8, 1, 14, 4, 5, 11, 13, 10, 12, 6, 3, 2])
6133
Vecsmall([2, 10, 13, 11, 12, 5, 4, 14, 1, 9, 16, 15, 8, 3, 6, 7])
6143
Vecsmall([15, 11, 12, 13, 10, 8, 9, 6, 7, 5, 2, 3, 4, 16, 1, 14])
6151
Vecsmall([16, 12, 11, 10, 13, 9, 8, 7, 6, 4, 3, 2, 5, 15, 14, 1])
6163
Vecsmall([7, 15, 16, 9, 8, 1, 14, 4, 5, 11, 13, 10, 12, 6, 3, 2])
6173
Vecsmall([9, 1, 14, 7, 6, 15, 16, 13, 10, 2, 4, 5, 3, 8, 12, 11])
6197
Vecsmall([2, 10, 13, 11, 12, 5, 4, 14, 1, 9, 16, 15, 8, 3, 6, 7])
6199
Vecsmall([5, 7, 6, 14, 1, 3, 2, 12, 11, 15, 9, 8, 16, 4, 10, 13])
6203
Vecsmall([6, 16, 15, 8, 9, 14, 1, 5, 4, 12, 10, 13, 11, 7, 2, 3])
6211
Vecsmall([12, 4, 5, 3, 2, 13, 10, 15, 16, 6, 1, 14, 7, 11, 9, 8])
6217
Vecsmall([10, 9, 8, 16, 15, 12, 11, 3, 2, 1, 7, 6, 14, 13, 5, 4])
6221
Vecsmall([9, 1, 14, 7, 6, 15, 16, 13, 10, 2, 4, 5, 3, 8, 12, 11])
6229
Vecsmall([2, 10, 13, 11, 12, 5, 4, 14, 1, 9, 16, 15, 8, 3, 6, 7])
6247
Vecsmall([16, 12, 11, 10, 13, 9, 8, 7, 6, 4, 3, 2, 5, 15, 14, 1])
6257
Vecsmall([13, 8, 9, 15, 16, 11, 12, 2, 3, 14, 6, 7, 1, 10, 4, 5])
6263
Vecsmall([16, 12, 11, 10, 13, 9, 8, 7, 6, 4, 3, 2, 5, 15, 14, 1])
6269
Vecsmall([9, 1, 14, 7, 6, 15, 16, 13, 10, 2, 4, 5, 3, 8, 12, 11])
6271
Vecsmall([15, 11, 12, 13, 10, 8, 9, 6, 7, 5, 2, 3, 4, 16, 1, 14])
6277
Vecsmall([8, 14, 1, 6, 7, 16, 15, 10, 13, 3, 5, 4, 2, 9, 11, 12])
6287
Vecsmall([15, 11, 12, 13, 10, 8, 9, 6, 7, 5, 2, 3, 4, 16, 1, 14])
6299
Vecsmall([6, 16, 15, 8, 9, 14, 1, 5, 4, 12, 10, 13, 11, 7, 2, 3])
6301
Vecsmall([3, 13, 10, 12, 11, 4, 5, 1, 14, 8, 15, 16, 9, 2, 7, 6])
6311
Vecsmall([16, 12, 11, 10, 13, 9, 8, 7, 6, 4, 3, 2, 5, 15, 14, 1])
6317
Vecsmall([3, 13, 10, 12, 11, 4, 5, 1, 14, 8, 15, 16, 9, 2, 7, 6])
6323
Vecsmall([12, 4, 5, 3, 2, 13, 10, 15, 16, 6, 1, 14, 7, 11, 9, 8])
6329
Vecsmall([10, 9, 8, 16, 15, 12, 11, 3, 2, 1, 7, 6, 14, 13, 5, 4])
6337
Vecsmall([13, 8, 9, 15, 16, 11, 12, 2, 3, 14, 6, 7, 1, 10, 4, 5])
6343
Vecsmall([16, 12, 11, 10, 13, 9, 8, 7, 6, 4, 3, 2, 5, 15, 14, 1])
6353
Vecsmall([1, 2, 3, 4, 5, 6, 7, 8, 9, 10, 11, 12, 13, 14, 15, 16])
6359
Vecsmall([16, 12, 11, 10, 13, 9, 8, 7, 6, 4, 3, 2, 5, 15, 14, 1])
6361
Vecsmall([14, 3, 2, 5, 4, 7, 6, 9, 8, 13, 12, 11, 10, 1, 16, 15])
6367
Vecsmall([15, 11, 12, 13, 10, 8, 9, 6, 7, 5, 2, 3, 4, 16, 1, 14])
6373
Vecsmall([8, 14, 1, 6, 7, 16, 15, 10, 13, 3, 5, 4, 2, 9, 11, 12])
6379
Vecsmall([11, 5, 4, 2, 3, 10, 13, 16, 15, 7, 14, 1, 6, 12, 8, 9])
6389
Vecsmall([8, 14, 1, 6, 7, 16, 15, 10, 13, 3, 5, 4, 2, 9, 11, 12])
6397
Vecsmall([9, 1, 14, 7, 6, 15, 16, 13, 10, 2, 4, 5, 3, 8, 12, 11])
6421
Vecsmall([8, 14, 1, 6, 7, 16, 15, 10, 13, 3, 5, 4, 2, 9, 11, 12])
6427
Vecsmall([11, 5, 4, 2, 3, 10, 13, 16, 15, 7, 14, 1, 6, 12, 8, 9])
6449
Vecsmall([1, 2, 3, 4, 5, 6, 7, 8, 9, 10, 11, 12, 13, 14, 15, 16])
6451
Vecsmall([7, 15, 16, 9, 8, 1, 14, 4, 5, 11, 13, 10, 12, 6, 3, 2])
6469
Vecsmall([2, 10, 13, 11, 12, 5, 4, 14, 1, 9, 16, 15, 8, 3, 6, 7])
6473
Vecsmall([10, 9, 8, 16, 15, 12, 11, 3, 2, 1, 7, 6, 14, 13, 5, 4])
6481
Vecsmall([1, 2, 3, 4, 5, 6, 7, 8, 9, 10, 11, 12, 13, 14, 15, 16])
6491
Vecsmall([11, 5, 4, 2, 3, 10, 13, 16, 15, 7, 14, 1, 6, 12, 8, 9])
6521
Vecsmall([14, 3, 2, 5, 4, 7, 6, 9, 8, 13, 12, 11, 10, 1, 16, 15])
6529
Vecsmall([1, 2, 3, 4, 5, 6, 7, 8, 9, 10, 11, 12, 13, 14, 15, 16])
6547
Vecsmall([7, 15, 16, 9, 8, 1, 14, 4, 5, 11, 13, 10, 12, 6, 3, 2])
6551
Vecsmall([16, 12, 11, 10, 13, 9, 8, 7, 6, 4, 3, 2, 5, 15, 14, 1])
6553
Vecsmall([14, 3, 2, 5, 4, 7, 6, 9, 8, 13, 12, 11, 10, 1, 16, 15])
6563
Vecsmall([12, 4, 5, 3, 2, 13, 10, 15, 16, 6, 1, 14, 7, 11, 9, 8])
6569
Vecsmall([14, 3, 2, 5, 4, 7, 6, 9, 8, 13, 12, 11, 10, 1, 16, 15])
6571
Vecsmall([11, 5, 4, 2, 3, 10, 13, 16, 15, 7, 14, 1, 6, 12, 8, 9])
6577
Vecsmall([13, 8, 9, 15, 16, 11, 12, 2, 3, 14, 6, 7, 1, 10, 4, 5])
6581
Vecsmall([2, 10, 13, 11, 12, 5, 4, 14, 1, 9, 16, 15, 8, 3, 6, 7])
6599
Vecsmall([16, 12, 11, 10, 13, 9, 8, 7, 6, 4, 3, 2, 5, 15, 14, 1])
6607
Vecsmall([4, 6, 7, 1, 14, 2, 3, 11, 12, 16, 8, 9, 15, 5, 13, 10])
6619
Vecsmall([6, 16, 15, 8, 9, 14, 1, 5, 4, 12, 10, 13, 11, 7, 2, 3])
6637
Vecsmall([3, 13, 10, 12, 11, 4, 5, 1, 14, 8, 15, 16, 9, 2, 7, 6])
6653
Vecsmall([9, 1, 14, 7, 6, 15, 16, 13, 10, 2, 4, 5, 3, 8, 12, 11])
6659
Vecsmall([7, 15, 16, 9, 8, 1, 14, 4, 5, 11, 13, 10, 12, 6, 3, 2])
6661
Vecsmall([8, 14, 1, 6, 7, 16, 15, 10, 13, 3, 5, 4, 2, 9, 11, 12])
6673
Vecsmall([13, 8, 9, 15, 16, 11, 12, 2, 3, 14, 6, 7, 1, 10, 4, 5])
6679
Vecsmall([5, 7, 6, 14, 1, 3, 2, 12, 11, 15, 9, 8, 16, 4, 10, 13])
6689
Vecsmall([1, 2, 3, 4, 5, 6, 7, 8, 9, 10, 11, 12, 13, 14, 15, 16])
6691
Vecsmall([7, 15, 16, 9, 8, 1, 14, 4, 5, 11, 13, 10, 12, 6, 3, 2])
6701
Vecsmall([3, 13, 10, 12, 11, 4, 5, 1, 14, 8, 15, 16, 9, 2, 7, 6])
6703
Vecsmall([15, 11, 12, 13, 10, 8, 9, 6, 7, 5, 2, 3, 4, 16, 1, 14])
6709
Vecsmall([8, 14, 1, 6, 7, 16, 15, 10, 13, 3, 5, 4, 2, 9, 11, 12])
6719
Vecsmall([15, 11, 12, 13, 10, 8, 9, 6, 7, 5, 2, 3, 4, 16, 1, 14])
6733
Vecsmall([3, 13, 10, 12, 11, 4, 5, 1, 14, 8, 15, 16, 9, 2, 7, 6])
6737
Vecsmall([13, 8, 9, 15, 16, 11, 12, 2, 3, 14, 6, 7, 1, 10, 4, 5])
6761
Vecsmall([14, 3, 2, 5, 4, 7, 6, 9, 8, 13, 12, 11, 10, 1, 16, 15])
6763
Vecsmall([6, 16, 15, 8, 9, 14, 1, 5, 4, 12, 10, 13, 11, 7, 2, 3])
6779
Vecsmall([6, 16, 15, 8, 9, 14, 1, 5, 4, 12, 10, 13, 11, 7, 2, 3])
6781
Vecsmall([3, 13, 10, 12, 11, 4, 5, 1, 14, 8, 15, 16, 9, 2, 7, 6])
6791
Vecsmall([16, 12, 11, 10, 13, 9, 8, 7, 6, 4, 3, 2, 5, 15, 14, 1])
6793
Vecsmall([14, 3, 2, 5, 4, 7, 6, 9, 8, 13, 12, 11, 10, 1, 16, 15])
6803
Vecsmall([7, 15, 16, 9, 8, 1, 14, 4, 5, 11, 13, 10, 12, 6, 3, 2])
6823
Vecsmall([5, 7, 6, 14, 1, 3, 2, 12, 11, 15, 9, 8, 16, 4, 10, 13])
6827
Vecsmall([11, 5, 4, 2, 3, 10, 13, 16, 15, 7, 14, 1, 6, 12, 8, 9])
6829
Vecsmall([9, 1, 14, 7, 6, 15, 16, 13, 10, 2, 4, 5, 3, 8, 12, 11])
6833
Vecsmall([13, 8, 9, 15, 16, 11, 12, 2, 3, 14, 6, 7, 1, 10, 4, 5])
6841
Vecsmall([14, 3, 2, 5, 4, 7, 6, 9, 8, 13, 12, 11, 10, 1, 16, 15])
6857
Vecsmall([14, 3, 2, 5, 4, 7, 6, 9, 8, 13, 12, 11, 10, 1, 16, 15])
6863
Vecsmall([15, 11, 12, 13, 10, 8, 9, 6, 7, 5, 2, 3, 4, 16, 1, 14])
6869
Vecsmall([8, 14, 1, 6, 7, 16, 15, 10, 13, 3, 5, 4, 2, 9, 11, 12])
6871
Vecsmall([5, 7, 6, 14, 1, 3, 2, 12, 11, 15, 9, 8, 16, 4, 10, 13])
6883
Vecsmall([7, 15, 16, 9, 8, 1, 14, 4, 5, 11, 13, 10, 12, 6, 3, 2])
6899
Vecsmall([7, 15, 16, 9, 8, 1, 14, 4, 5, 11, 13, 10, 12, 6, 3, 2])
6907
Vecsmall([6, 16, 15, 8, 9, 14, 1, 5, 4, 12, 10, 13, 11, 7, 2, 3])
6911
Vecsmall([4, 6, 7, 1, 14, 2, 3, 11, 12, 16, 8, 9, 15, 5, 13, 10])
6917
Vecsmall([8, 14, 1, 6, 7, 16, 15, 10, 13, 3, 5, 4, 2, 9, 11, 12])
6947
Vecsmall([7, 15, 16, 9, 8, 1, 14, 4, 5, 11, 13, 10, 12, 6, 3, 2])
6949
Vecsmall([2, 10, 13, 11, 12, 5, 4, 14, 1, 9, 16, 15, 8, 3, 6, 7])
6959
Vecsmall([15, 11, 12, 13, 10, 8, 9, 6, 7, 5, 2, 3, 4, 16, 1, 14])
6961
Vecsmall([13, 8, 9, 15, 16, 11, 12, 2, 3, 14, 6, 7, 1, 10, 4, 5])
6967
Vecsmall([16, 12, 11, 10, 13, 9, 8, 7, 6, 4, 3, 2, 5, 15, 14, 1])
6971
Vecsmall([6, 16, 15, 8, 9, 14, 1, 5, 4, 12, 10, 13, 11, 7, 2, 3])
6977
Vecsmall([13, 8, 9, 15, 16, 11, 12, 2, 3, 14, 6, 7, 1, 10, 4, 5])
6983
Vecsmall([16, 12, 11, 10, 13, 9, 8, 7, 6, 4, 3, 2, 5, 15, 14, 1])
6991
Vecsmall([4, 6, 7, 1, 14, 2, 3, 11, 12, 16, 8, 9, 15, 5, 13, 10])
6997
Vecsmall([8, 14, 1, 6, 7, 16, 15, 10, 13, 3, 5, 4, 2, 9, 11, 12])
7001
Vecsmall([10, 9, 8, 16, 15, 12, 11, 3, 2, 1, 7, 6, 14, 13, 5, 4])
7013
Vecsmall([2, 10, 13, 11, 12, 5, 4, 14, 1, 9, 16, 15, 8, 3, 6, 7])
7019
Vecsmall([6, 16, 15, 8, 9, 14, 1, 5, 4, 12, 10, 13, 11, 7, 2, 3])
7027
Vecsmall([7, 15, 16, 9, 8, 1, 14, 4, 5, 11, 13, 10, 12, 6, 3, 2])
7039
Vecsmall([15, 11, 12, 13, 10, 8, 9, 6, 7, 5, 2, 3, 4, 16, 1, 14])
7043
Vecsmall([12, 4, 5, 3, 2, 13, 10, 15, 16, 6, 1, 14, 7, 11, 9, 8])
7057
Vecsmall([13, 8, 9, 15, 16, 11, 12, 2, 3, 14, 6, 7, 1, 10, 4, 5])
7069
Vecsmall([9, 1, 14, 7, 6, 15, 16, 13, 10, 2, 4, 5, 3, 8, 12, 11])
7079
Vecsmall([5, 7, 6, 14, 1, 3, 2, 12, 11, 15, 9, 8, 16, 4, 10, 13])
7103
Vecsmall([4, 6, 7, 1, 14, 2, 3, 11, 12, 16, 8, 9, 15, 5, 13, 10])
7109
Vecsmall([8, 14, 1, 6, 7, 16, 15, 10, 13, 3, 5, 4, 2, 9, 11, 12])
7121
Vecsmall([1, 2, 3, 4, 5, 6, 7, 8, 9, 10, 11, 12, 13, 14, 15, 16])
7127
Vecsmall([5, 7, 6, 14, 1, 3, 2, 12, 11, 15, 9, 8, 16, 4, 10, 13])
7129
Vecsmall([14, 3, 2, 5, 4, 7, 6, 9, 8, 13, 12, 11, 10, 1, 16, 15])
7151
Vecsmall([4, 6, 7, 1, 14, 2, 3, 11, 12, 16, 8, 9, 15, 5, 13, 10])
7159
Vecsmall([5, 7, 6, 14, 1, 3, 2, 12, 11, 15, 9, 8, 16, 4, 10, 13])
7177
Vecsmall([10, 9, 8, 16, 15, 12, 11, 3, 2, 1, 7, 6, 14, 13, 5, 4])
7187
Vecsmall([12, 4, 5, 3, 2, 13, 10, 15, 16, 6, 1, 14, 7, 11, 9, 8])
7193
Vecsmall([10, 9, 8, 16, 15, 12, 11, 3, 2, 1, 7, 6, 14, 13, 5, 4])
7207
Vecsmall([5, 7, 6, 14, 1, 3, 2, 12, 11, 15, 9, 8, 16, 4, 10, 13])
7211
Vecsmall([6, 16, 15, 8, 9, 14, 1, 5, 4, 12, 10, 13, 11, 7, 2, 3])
7213
Vecsmall([9, 1, 14, 7, 6, 15, 16, 13, 10, 2, 4, 5, 3, 8, 12, 11])
7219
Vecsmall([7, 15, 16, 9, 8, 1, 14, 4, 5, 11, 13, 10, 12, 6, 3, 2])
7229
Vecsmall([9, 1, 14, 7, 6, 15, 16, 13, 10, 2, 4, 5, 3, 8, 12, 11])
7237
Vecsmall([2, 10, 13, 11, 12, 5, 4, 14, 1, 9, 16, 15, 8, 3, 6, 7])
7243
Vecsmall([6, 16, 15, 8, 9, 14, 1, 5, 4, 12, 10, 13, 11, 7, 2, 3])
7247
Vecsmall([15, 11, 12, 13, 10, 8, 9, 6, 7, 5, 2, 3, 4, 16, 1, 14])
7253
Vecsmall([8, 14, 1, 6, 7, 16, 15, 10, 13, 3, 5, 4, 2, 9, 11, 12])
7283
Vecsmall([12, 4, 5, 3, 2, 13, 10, 15, 16, 6, 1, 14, 7, 11, 9, 8])
7297
Vecsmall([13, 8, 9, 15, 16, 11, 12, 2, 3, 14, 6, 7, 1, 10, 4, 5])
7307
Vecsmall([6, 16, 15, 8, 9, 14, 1, 5, 4, 12, 10, 13, 11, 7, 2, 3])
7309
Vecsmall([3, 13, 10, 12, 11, 4, 5, 1, 14, 8, 15, 16, 9, 2, 7, 6])
7321
Vecsmall([10, 9, 8, 16, 15, 12, 11, 3, 2, 1, 7, 6, 14, 13, 5, 4])
7331
Vecsmall([7, 15, 16, 9, 8, 1, 14, 4, 5, 11, 13, 10, 12, 6, 3, 2])
7333
Vecsmall([2, 10, 13, 11, 12, 5, 4, 14, 1, 9, 16, 15, 8, 3, 6, 7])
7349
Vecsmall([2, 10, 13, 11, 12, 5, 4, 14, 1, 9, 16, 15, 8, 3, 6, 7])
7351
Vecsmall([5, 7, 6, 14, 1, 3, 2, 12, 11, 15, 9, 8, 16, 4, 10, 13])
7369
Vecsmall([10, 9, 8, 16, 15, 12, 11, 3, 2, 1, 7, 6, 14, 13, 5, 4])
7393
Vecsmall([1, 2, 3, 4, 5, 6, 7, 8, 9, 10, 11, 12, 13, 14, 15, 16])
7411
Vecsmall([12, 4, 5, 3, 2, 13, 10, 15, 16, 6, 1, 14, 7, 11, 9, 8])
7417
Vecsmall([10, 9, 8, 16, 15, 12, 11, 3, 2, 1, 7, 6, 14, 13, 5, 4])
7433
Vecsmall([10, 9, 8, 16, 15, 12, 11, 3, 2, 1, 7, 6, 14, 13, 5, 4])
7451
Vecsmall([6, 16, 15, 8, 9, 14, 1, 5, 4, 12, 10, 13, 11, 7, 2, 3])
7457
Vecsmall([13, 8, 9, 15, 16, 11, 12, 2, 3, 14, 6, 7, 1, 10, 4, 5])
7459
Vecsmall([12, 4, 5, 3, 2, 13, 10, 15, 16, 6, 1, 14, 7, 11, 9, 8])
7477
Vecsmall([8, 14, 1, 6, 7, 16, 15, 10, 13, 3, 5, 4, 2, 9, 11, 12])
7481
Vecsmall([14, 3, 2, 5, 4, 7, 6, 9, 8, 13, 12, 11, 10, 1, 16, 15])
7487
Vecsmall([15, 11, 12, 13, 10, 8, 9, 6, 7, 5, 2, 3, 4, 16, 1, 14])
7489
Vecsmall([1, 2, 3, 4, 5, 6, 7, 8, 9, 10, 11, 12, 13, 14, 15, 16])
7499
Vecsmall([11, 5, 4, 2, 3, 10, 13, 16, 15, 7, 14, 1, 6, 12, 8, 9])
7507
Vecsmall([12, 4, 5, 3, 2, 13, 10, 15, 16, 6, 1, 14, 7, 11, 9, 8])
7517
Vecsmall([9, 1, 14, 7, 6, 15, 16, 13, 10, 2, 4, 5, 3, 8, 12, 11])
7523
Vecsmall([12, 4, 5, 3, 2, 13, 10, 15, 16, 6, 1, 14, 7, 11, 9, 8])
7529
Vecsmall([14, 3, 2, 5, 4, 7, 6, 9, 8, 13, 12, 11, 10, 1, 16, 15])
7537
Vecsmall([13, 8, 9, 15, 16, 11, 12, 2, 3, 14, 6, 7, 1, 10, 4, 5])
7541
Vecsmall([2, 10, 13, 11, 12, 5, 4, 14, 1, 9, 16, 15, 8, 3, 6, 7])
7547
Vecsmall([11, 5, 4, 2, 3, 10, 13, 16, 15, 7, 14, 1, 6, 12, 8, 9])
7549
Vecsmall([3, 13, 10, 12, 11, 4, 5, 1, 14, 8, 15, 16, 9, 2, 7, 6])
7559
Vecsmall([5, 7, 6, 14, 1, 3, 2, 12, 11, 15, 9, 8, 16, 4, 10, 13])
7561
Vecsmall([10, 9, 8, 16, 15, 12, 11, 3, 2, 1, 7, 6, 14, 13, 5, 4])
7573
Vecsmall([8, 14, 1, 6, 7, 16, 15, 10, 13, 3, 5, 4, 2, 9, 11, 12])
7577
Vecsmall([14, 3, 2, 5, 4, 7, 6, 9, 8, 13, 12, 11, 10, 1, 16, 15])
7583
Vecsmall([4, 6, 7, 1, 14, 2, 3, 11, 12, 16, 8, 9, 15, 5, 13, 10])
7589
Vecsmall([8, 14, 1, 6, 7, 16, 15, 10, 13, 3, 5, 4, 2, 9, 11, 12])
7591
Vecsmall([16, 12, 11, 10, 13, 9, 8, 7, 6, 4, 3, 2, 5, 15, 14, 1])
7603
Vecsmall([12, 4, 5, 3, 2, 13, 10, 15, 16, 6, 1, 14, 7, 11, 9, 8])
7607
Vecsmall([16, 12, 11, 10, 13, 9, 8, 7, 6, 4, 3, 2, 5, 15, 14, 1])
7621
Vecsmall([2, 10, 13, 11, 12, 5, 4, 14, 1, 9, 16, 15, 8, 3, 6, 7])
7639
Vecsmall([5, 7, 6, 14, 1, 3, 2, 12, 11, 15, 9, 8, 16, 4, 10, 13])
7643
Vecsmall([11, 5, 4, 2, 3, 10, 13, 16, 15, 7, 14, 1, 6, 12, 8, 9])
7649
Vecsmall([13, 8, 9, 15, 16, 11, 12, 2, 3, 14, 6, 7, 1, 10, 4, 5])
7669
Vecsmall([8, 14, 1, 6, 7, 16, 15, 10, 13, 3, 5, 4, 2, 9, 11, 12])
7673
Vecsmall([10, 9, 8, 16, 15, 12, 11, 3, 2, 1, 7, 6, 14, 13, 5, 4])
7681
Vecsmall([13, 8, 9, 15, 16, 11, 12, 2, 3, 14, 6, 7, 1, 10, 4, 5])
7687
Vecsmall([16, 12, 11, 10, 13, 9, 8, 7, 6, 4, 3, 2, 5, 15, 14, 1])
7691
Vecsmall([6, 16, 15, 8, 9, 14, 1, 5, 4, 12, 10, 13, 11, 7, 2, 3])
7699
Vecsmall([12, 4, 5, 3, 2, 13, 10, 15, 16, 6, 1, 14, 7, 11, 9, 8])
7703
Vecsmall([5, 7, 6, 14, 1, 3, 2, 12, 11, 15, 9, 8, 16, 4, 10, 13])
7717
Vecsmall([8, 14, 1, 6, 7, 16, 15, 10, 13, 3, 5, 4, 2, 9, 11, 12])
7723
Vecsmall([11, 5, 4, 2, 3, 10, 13, 16, 15, 7, 14, 1, 6, 12, 8, 9])
7727
Vecsmall([15, 11, 12, 13, 10, 8, 9, 6, 7, 5, 2, 3, 4, 16, 1, 14])
7741
Vecsmall([9, 1, 14, 7, 6, 15, 16, 13, 10, 2, 4, 5, 3, 8, 12, 11])
7753
Vecsmall([14, 3, 2, 5, 4, 7, 6, 9, 8, 13, 12, 11, 10, 1, 16, 15])
7757
Vecsmall([9, 1, 14, 7, 6, 15, 16, 13, 10, 2, 4, 5, 3, 8, 12, 11])
7759
Vecsmall([15, 11, 12, 13, 10, 8, 9, 6, 7, 5, 2, 3, 4, 16, 1, 14])
7789
Vecsmall([9, 1, 14, 7, 6, 15, 16, 13, 10, 2, 4, 5, 3, 8, 12, 11])
7793
Vecsmall([1, 2, 3, 4, 5, 6, 7, 8, 9, 10, 11, 12, 13, 14, 15, 16])
7817
Vecsmall([14, 3, 2, 5, 4, 7, 6, 9, 8, 13, 12, 11, 10, 1, 16, 15])
7823
Vecsmall([15, 11, 12, 13, 10, 8, 9, 6, 7, 5, 2, 3, 4, 16, 1, 14])
7829
Vecsmall([2, 10, 13, 11, 12, 5, 4, 14, 1, 9, 16, 15, 8, 3, 6, 7])
7841
Vecsmall([1, 2, 3, 4, 5, 6, 7, 8, 9, 10, 11, 12, 13, 14, 15, 16])
7853
Vecsmall([3, 13, 10, 12, 11, 4, 5, 1, 14, 8, 15, 16, 9, 2, 7, 6])
7867
Vecsmall([11, 5, 4, 2, 3, 10, 13, 16, 15, 7, 14, 1, 6, 12, 8, 9])
7873
Vecsmall([13, 8, 9, 15, 16, 11, 12, 2, 3, 14, 6, 7, 1, 10, 4, 5])
7877
Vecsmall([8, 14, 1, 6, 7, 16, 15, 10, 13, 3, 5, 4, 2, 9, 11, 12])
7879
Vecsmall([16, 12, 11, 10, 13, 9, 8, 7, 6, 4, 3, 2, 5, 15, 14, 1])
7883
Vecsmall([6, 16, 15, 8, 9, 14, 1, 5, 4, 12, 10, 13, 11, 7, 2, 3])
7901
Vecsmall([9, 1, 14, 7, 6, 15, 16, 13, 10, 2, 4, 5, 3, 8, 12, 11])
7907
Vecsmall([7, 15, 16, 9, 8, 1, 14, 4, 5, 11, 13, 10, 12, 6, 3, 2])
7919
Vecsmall([15, 11, 12, 13, 10, 8, 9, 6, 7, 5, 2, 3, 4, 16, 1, 14])
7927
Vecsmall([16, 12, 11, 10, 13, 9, 8, 7, 6, 4, 3, 2, 5, 15, 14, 1])
7933
Vecsmall([9, 1, 14, 7, 6, 15, 16, 13, 10, 2, 4, 5, 3, 8, 12, 11])
7937
Vecsmall([13, 8, 9, 15, 16, 11, 12, 2, 3, 14, 6, 7, 1, 10, 4, 5])
7949
Vecsmall([9, 1, 14, 7, 6, 15, 16, 13, 10, 2, 4, 5, 3, 8, 12, 11])
7951
Vecsmall([15, 11, 12, 13, 10, 8, 9, 6, 7, 5, 2, 3, 4, 16, 1, 14])
7963
Vecsmall([11, 5, 4, 2, 3, 10, 13, 16, 15, 7, 14, 1, 6, 12, 8, 9])
7993
Vecsmall([14, 3, 2, 5, 4, 7, 6, 9, 8, 13, 12, 11, 10, 1, 16, 15])
8009
Vecsmall([10, 9, 8, 16, 15, 12, 11, 3, 2, 1, 7, 6, 14, 13, 5, 4])
8011
Vecsmall([11, 5, 4, 2, 3, 10, 13, 16, 15, 7, 14, 1, 6, 12, 8, 9])
8017
Vecsmall([13, 8, 9, 15, 16, 11, 12, 2, 3, 14, 6, 7, 1, 10, 4, 5])
8039
Vecsmall([16, 12, 11, 10, 13, 9, 8, 7, 6, 4, 3, 2, 5, 15, 14, 1])
8053
Vecsmall([8, 14, 1, 6, 7, 16, 15, 10, 13, 3, 5, 4, 2, 9, 11, 12])
8059
Vecsmall([6, 16, 15, 8, 9, 14, 1, 5, 4, 12, 10, 13, 11, 7, 2, 3])
8069
Vecsmall([8, 14, 1, 6, 7, 16, 15, 10, 13, 3, 5, 4, 2, 9, 11, 12])
8081
Vecsmall([1, 2, 3, 4, 5, 6, 7, 8, 9, 10, 11, 12, 13, 14, 15, 16])
8087
Vecsmall([16, 12, 11, 10, 13, 9, 8, 7, 6, 4, 3, 2, 5, 15, 14, 1])
8089
Vecsmall([10, 9, 8, 16, 15, 12, 11, 3, 2, 1, 7, 6, 14, 13, 5, 4])
8093
Vecsmall([3, 13, 10, 12, 11, 4, 5, 1, 14, 8, 15, 16, 9, 2, 7, 6])
8101
Vecsmall([8, 14, 1, 6, 7, 16, 15, 10, 13, 3, 5, 4, 2, 9, 11, 12])
8111
Vecsmall([15, 11, 12, 13, 10, 8, 9, 6, 7, 5, 2, 3, 4, 16, 1, 14])
8117
Vecsmall([2, 10, 13, 11, 12, 5, 4, 14, 1, 9, 16, 15, 8, 3, 6, 7])
8123
Vecsmall([11, 5, 4, 2, 3, 10, 13, 16, 15, 7, 14, 1, 6, 12, 8, 9])
8147
Vecsmall([12, 4, 5, 3, 2, 13, 10, 15, 16, 6, 1, 14, 7, 11, 9, 8])
8161
Vecsmall([1, 2, 3, 4, 5, 6, 7, 8, 9, 10, 11, 12, 13, 14, 15, 16])
8167
Vecsmall([5, 7, 6, 14, 1, 3, 2, 12, 11, 15, 9, 8, 16, 4, 10, 13])
8171
Vecsmall([11, 5, 4, 2, 3, 10, 13, 16, 15, 7, 14, 1, 6, 12, 8, 9])
8179
Vecsmall([7, 15, 16, 9, 8, 1, 14, 4, 5, 11, 13, 10, 12, 6, 3, 2])
8191
Vecsmall([4, 6, 7, 1, 14, 2, 3, 11, 12, 16, 8, 9, 15, 5, 13, 10])
8209
Vecsmall([1, 2, 3, 4, 5, 6, 7, 8, 9, 10, 11, 12, 13, 14, 15, 16])
8219
Vecsmall([11, 5, 4, 2, 3, 10, 13, 16, 15, 7, 14, 1, 6, 12, 8, 9])
8221
Vecsmall([9, 1, 14, 7, 6, 15, 16, 13, 10, 2, 4, 5, 3, 8, 12, 11])
8231
Vecsmall([16, 12, 11, 10, 13, 9, 8, 7, 6, 4, 3, 2, 5, 15, 14, 1])
8233
Vecsmall([14, 3, 2, 5, 4, 7, 6, 9, 8, 13, 12, 11, 10, 1, 16, 15])
8237
Vecsmall([3, 13, 10, 12, 11, 4, 5, 1, 14, 8, 15, 16, 9, 2, 7, 6])
8243
Vecsmall([12, 4, 5, 3, 2, 13, 10, 15, 16, 6, 1, 14, 7, 11, 9, 8])
8263
Vecsmall([5, 7, 6, 14, 1, 3, 2, 12, 11, 15, 9, 8, 16, 4, 10, 13])
8269
Vecsmall([9, 1, 14, 7, 6, 15, 16, 13, 10, 2, 4, 5, 3, 8, 12, 11])
8273
Vecsmall([1, 2, 3, 4, 5, 6, 7, 8, 9, 10, 11, 12, 13, 14, 15, 16])
8287
Vecsmall([15, 11, 12, 13, 10, 8, 9, 6, 7, 5, 2, 3, 4, 16, 1, 14])
8291
Vecsmall([7, 15, 16, 9, 8, 1, 14, 4, 5, 11, 13, 10, 12, 6, 3, 2])
8293
Vecsmall([8, 14, 1, 6, 7, 16, 15, 10, 13, 3, 5, 4, 2, 9, 11, 12])
8297
Vecsmall([10, 9, 8, 16, 15, 12, 11, 3, 2, 1, 7, 6, 14, 13, 5, 4])
8311
Vecsmall([5, 7, 6, 14, 1, 3, 2, 12, 11, 15, 9, 8, 16, 4, 10, 13])
8317
Vecsmall([9, 1, 14, 7, 6, 15, 16, 13, 10, 2, 4, 5, 3, 8, 12, 11])
8329
Vecsmall([10, 9, 8, 16, 15, 12, 11, 3, 2, 1, 7, 6, 14, 13, 5, 4])
8353
Vecsmall([13, 8, 9, 15, 16, 11, 12, 2, 3, 14, 6, 7, 1, 10, 4, 5])
8363
Vecsmall([11, 5, 4, 2, 3, 10, 13, 16, 15, 7, 14, 1, 6, 12, 8, 9])
8369
Vecsmall([1, 2, 3, 4, 5, 6, 7, 8, 9, 10, 11, 12, 13, 14, 15, 16])
8377
Vecsmall([10, 9, 8, 16, 15, 12, 11, 3, 2, 1, 7, 6, 14, 13, 5, 4])
8387
Vecsmall([7, 15, 16, 9, 8, 1, 14, 4, 5, 11, 13, 10, 12, 6, 3, 2])
8389
Vecsmall([8, 14, 1, 6, 7, 16, 15, 10, 13, 3, 5, 4, 2, 9, 11, 12])
8419
Vecsmall([12, 4, 5, 3, 2, 13, 10, 15, 16, 6, 1, 14, 7, 11, 9, 8])
8423
Vecsmall([5, 7, 6, 14, 1, 3, 2, 12, 11, 15, 9, 8, 16, 4, 10, 13])
8429
Vecsmall([3, 13, 10, 12, 11, 4, 5, 1, 14, 8, 15, 16, 9, 2, 7, 6])
8431
Vecsmall([15, 11, 12, 13, 10, 8, 9, 6, 7, 5, 2, 3, 4, 16, 1, 14])
8443
Vecsmall([6, 16, 15, 8, 9, 14, 1, 5, 4, 12, 10, 13, 11, 7, 2, 3])
8447
Vecsmall([4, 6, 7, 1, 14, 2, 3, 11, 12, 16, 8, 9, 15, 5, 13, 10])
8461
Vecsmall([3, 13, 10, 12, 11, 4, 5, 1, 14, 8, 15, 16, 9, 2, 7, 6])
8467
Vecsmall([12, 4, 5, 3, 2, 13, 10, 15, 16, 6, 1, 14, 7, 11, 9, 8])
8501
Vecsmall([8, 14, 1, 6, 7, 16, 15, 10, 13, 3, 5, 4, 2, 9, 11, 12])
8513
Vecsmall([13, 8, 9, 15, 16, 11, 12, 2, 3, 14, 6, 7, 1, 10, 4, 5])
8521
Vecsmall([10, 9, 8, 16, 15, 12, 11, 3, 2, 1, 7, 6, 14, 13, 5, 4])
8527
Vecsmall([15, 11, 12, 13, 10, 8, 9, 6, 7, 5, 2, 3, 4, 16, 1, 14])
8537
Vecsmall([14, 3, 2, 5, 4, 7, 6, 9, 8, 13, 12, 11, 10, 1, 16, 15])
8539
Vecsmall([6, 16, 15, 8, 9, 14, 1, 5, 4, 12, 10, 13, 11, 7, 2, 3])
8543
Vecsmall([15, 11, 12, 13, 10, 8, 9, 6, 7, 5, 2, 3, 4, 16, 1, 14])
8563
Vecsmall([12, 4, 5, 3, 2, 13, 10, 15, 16, 6, 1, 14, 7, 11, 9, 8])
8573
Vecsmall([9, 1, 14, 7, 6, 15, 16, 13, 10, 2, 4, 5, 3, 8, 12, 11])
8581
Vecsmall([2, 10, 13, 11, 12, 5, 4, 14, 1, 9, 16, 15, 8, 3, 6, 7])
8597
Vecsmall([8, 14, 1, 6, 7, 16, 15, 10, 13, 3, 5, 4, 2, 9, 11, 12])
8599
Vecsmall([16, 12, 11, 10, 13, 9, 8, 7, 6, 4, 3, 2, 5, 15, 14, 1])
8609
Vecsmall([1, 2, 3, 4, 5, 6, 7, 8, 9, 10, 11, 12, 13, 14, 15, 16])
8623
Vecsmall([15, 11, 12, 13, 10, 8, 9, 6, 7, 5, 2, 3, 4, 16, 1, 14])
8627
Vecsmall([12, 4, 5, 3, 2, 13, 10, 15, 16, 6, 1, 14, 7, 11, 9, 8])
8629
Vecsmall([8, 14, 1, 6, 7, 16, 15, 10, 13, 3, 5, 4, 2, 9, 11, 12])
8641
Vecsmall([13, 8, 9, 15, 16, 11, 12, 2, 3, 14, 6, 7, 1, 10, 4, 5])
8647
Vecsmall([16, 12, 11, 10, 13, 9, 8, 7, 6, 4, 3, 2, 5, 15, 14, 1])
8663
Vecsmall([5, 7, 6, 14, 1, 3, 2, 12, 11, 15, 9, 8, 16, 4, 10, 13])
8669
Vecsmall([9, 1, 14, 7, 6, 15, 16, 13, 10, 2, 4, 5, 3, 8, 12, 11])
8677
Vecsmall([2, 10, 13, 11, 12, 5, 4, 14, 1, 9, 16, 15, 8, 3, 6, 7])
8681
Vecsmall([10, 9, 8, 16, 15, 12, 11, 3, 2, 1, 7, 6, 14, 13, 5, 4])
8689
Vecsmall([13, 8, 9, 15, 16, 11, 12, 2, 3, 14, 6, 7, 1, 10, 4, 5])
8693
Vecsmall([2, 10, 13, 11, 12, 5, 4, 14, 1, 9, 16, 15, 8, 3, 6, 7])
8699
Vecsmall([11, 5, 4, 2, 3, 10, 13, 16, 15, 7, 14, 1, 6, 12, 8, 9])
8707
Vecsmall([12, 4, 5, 3, 2, 13, 10, 15, 16, 6, 1, 14, 7, 11, 9, 8])
8713
Vecsmall([14, 3, 2, 5, 4, 7, 6, 9, 8, 13, 12, 11, 10, 1, 16, 15])
8719
Vecsmall([4, 6, 7, 1, 14, 2, 3, 11, 12, 16, 8, 9, 15, 5, 13, 10])
8731
Vecsmall([6, 16, 15, 8, 9, 14, 1, 5, 4, 12, 10, 13, 11, 7, 2, 3])
8737
Vecsmall([13, 8, 9, 15, 16, 11, 12, 2, 3, 14, 6, 7, 1, 10, 4, 5])
8741
Vecsmall([8, 14, 1, 6, 7, 16, 15, 10, 13, 3, 5, 4, 2, 9, 11, 12])
8747
Vecsmall([11, 5, 4, 2, 3, 10, 13, 16, 15, 7, 14, 1, 6, 12, 8, 9])
8753
Vecsmall([13, 8, 9, 15, 16, 11, 12, 2, 3, 14, 6, 7, 1, 10, 4, 5])
8761
Vecsmall([14, 3, 2, 5, 4, 7, 6, 9, 8, 13, 12, 11, 10, 1, 16, 15])
8779
Vecsmall([6, 16, 15, 8, 9, 14, 1, 5, 4, 12, 10, 13, 11, 7, 2, 3])
8783
Vecsmall([15, 11, 12, 13, 10, 8, 9, 6, 7, 5, 2, 3, 4, 16, 1, 14])
8803
Vecsmall([7, 15, 16, 9, 8, 1, 14, 4, 5, 11, 13, 10, 12, 6, 3, 2])
8807
Vecsmall([16, 12, 11, 10, 13, 9, 8, 7, 6, 4, 3, 2, 5, 15, 14, 1])
8819
Vecsmall([12, 4, 5, 3, 2, 13, 10, 15, 16, 6, 1, 14, 7, 11, 9, 8])
8821
Vecsmall([2, 10, 13, 11, 12, 5, 4, 14, 1, 9, 16, 15, 8, 3, 6, 7])
8831
Vecsmall([4, 6, 7, 1, 14, 2, 3, 11, 12, 16, 8, 9, 15, 5, 13, 10])
8837
Vecsmall([2, 10, 13, 11, 12, 5, 4, 14, 1, 9, 16, 15, 8, 3, 6, 7])
8839
Vecsmall([16, 12, 11, 10, 13, 9, 8, 7, 6, 4, 3, 2, 5, 15, 14, 1])
8849
Vecsmall([13, 8, 9, 15, 16, 11, 12, 2, 3, 14, 6, 7, 1, 10, 4, 5])
8861
Vecsmall([3, 13, 10, 12, 11, 4, 5, 1, 14, 8, 15, 16, 9, 2, 7, 6])
8863
Vecsmall([4, 6, 7, 1, 14, 2, 3, 11, 12, 16, 8, 9, 15, 5, 13, 10])
8867
Vecsmall([12, 4, 5, 3, 2, 13, 10, 15, 16, 6, 1, 14, 7, 11, 9, 8])
8887
Vecsmall([5, 7, 6, 14, 1, 3, 2, 12, 11, 15, 9, 8, 16, 4, 10, 13])
8893
Vecsmall([3, 13, 10, 12, 11, 4, 5, 1, 14, 8, 15, 16, 9, 2, 7, 6])
8923
Vecsmall([11, 5, 4, 2, 3, 10, 13, 16, 15, 7, 14, 1, 6, 12, 8, 9])
8929
Vecsmall([13, 8, 9, 15, 16, 11, 12, 2, 3, 14, 6, 7, 1, 10, 4, 5])
8933
Vecsmall([2, 10, 13, 11, 12, 5, 4, 14, 1, 9, 16, 15, 8, 3, 6, 7])
8941
Vecsmall([9, 1, 14, 7, 6, 15, 16, 13, 10, 2, 4, 5, 3, 8, 12, 11])
8951
Vecsmall([5, 7, 6, 14, 1, 3, 2, 12, 11, 15, 9, 8, 16, 4, 10, 13])
8963
Vecsmall([7, 15, 16, 9, 8, 1, 14, 4, 5, 11, 13, 10, 12, 6, 3, 2])
8969
Vecsmall([14, 3, 2, 5, 4, 7, 6, 9, 8, 13, 12, 11, 10, 1, 16, 15])
8971
Vecsmall([11, 5, 4, 2, 3, 10, 13, 16, 15, 7, 14, 1, 6, 12, 8, 9])
8999
Vecsmall([16, 12, 11, 10, 13, 9, 8, 7, 6, 4, 3, 2, 5, 15, 14, 1])
9001
Vecsmall([14, 3, 2, 5, 4, 7, 6, 9, 8, 13, 12, 11, 10, 1, 16, 15])
9007
Vecsmall([15, 11, 12, 13, 10, 8, 9, 6, 7, 5, 2, 3, 4, 16, 1, 14])
9011
Vecsmall([12, 4, 5, 3, 2, 13, 10, 15, 16, 6, 1, 14, 7, 11, 9, 8])
9013
Vecsmall([8, 14, 1, 6, 7, 16, 15, 10, 13, 3, 5, 4, 2, 9, 11, 12])
9029
Vecsmall([2, 10, 13, 11, 12, 5, 4, 14, 1, 9, 16, 15, 8, 3, 6, 7])
9041
Vecsmall([13, 8, 9, 15, 16, 11, 12, 2, 3, 14, 6, 7, 1, 10, 4, 5])
9043
Vecsmall([12, 4, 5, 3, 2, 13, 10, 15, 16, 6, 1, 14, 7, 11, 9, 8])
9049
Vecsmall([10, 9, 8, 16, 15, 12, 11, 3, 2, 1, 7, 6, 14, 13, 5, 4])
9059
Vecsmall([7, 15, 16, 9, 8, 1, 14, 4, 5, 11, 13, 10, 12, 6, 3, 2])
9067
Vecsmall([6, 16, 15, 8, 9, 14, 1, 5, 4, 12, 10, 13, 11, 7, 2, 3])
9091
Vecsmall([7, 15, 16, 9, 8, 1, 14, 4, 5, 11, 13, 10, 12, 6, 3, 2])
9103
Vecsmall([4, 6, 7, 1, 14, 2, 3, 11, 12, 16, 8, 9, 15, 5, 13, 10])
9109
Vecsmall([2, 10, 13, 11, 12, 5, 4, 14, 1, 9, 16, 15, 8, 3, 6, 7])
9127
Vecsmall([5, 7, 6, 14, 1, 3, 2, 12, 11, 15, 9, 8, 16, 4, 10, 13])
9133
Vecsmall([3, 13, 10, 12, 11, 4, 5, 1, 14, 8, 15, 16, 9, 2, 7, 6])
9137
Vecsmall([1, 2, 3, 4, 5, 6, 7, 8, 9, 10, 11, 12, 13, 14, 15, 16])
9151
Vecsmall([15, 11, 12, 13, 10, 8, 9, 6, 7, 5, 2, 3, 4, 16, 1, 14])
9157
Vecsmall([2, 10, 13, 11, 12, 5, 4, 14, 1, 9, 16, 15, 8, 3, 6, 7])
9161
Vecsmall([10, 9, 8, 16, 15, 12, 11, 3, 2, 1, 7, 6, 14, 13, 5, 4])
9173
Vecsmall([8, 14, 1, 6, 7, 16, 15, 10, 13, 3, 5, 4, 2, 9, 11, 12])
9181
Vecsmall([9, 1, 14, 7, 6, 15, 16, 13, 10, 2, 4, 5, 3, 8, 12, 11])
9187
Vecsmall([7, 15, 16, 9, 8, 1, 14, 4, 5, 11, 13, 10, 12, 6, 3, 2])
9199
Vecsmall([15, 11, 12, 13, 10, 8, 9, 6, 7, 5, 2, 3, 4, 16, 1, 14])
9203
Vecsmall([12, 4, 5, 3, 2, 13, 10, 15, 16, 6, 1, 14, 7, 11, 9, 8])
9209
Vecsmall([14, 3, 2, 5, 4, 7, 6, 9, 8, 13, 12, 11, 10, 1, 16, 15])
9221
Vecsmall([8, 14, 1, 6, 7, 16, 15, 10, 13, 3, 5, 4, 2, 9, 11, 12])
9227
Vecsmall([11, 5, 4, 2, 3, 10, 13, 16, 15, 7, 14, 1, 6, 12, 8, 9])
9239
Vecsmall([16, 12, 11, 10, 13, 9, 8, 7, 6, 4, 3, 2, 5, 15, 14, 1])
9241
Vecsmall([14, 3, 2, 5, 4, 7, 6, 9, 8, 13, 12, 11, 10, 1, 16, 15])
9257
Vecsmall([10, 9, 8, 16, 15, 12, 11, 3, 2, 1, 7, 6, 14, 13, 5, 4])
9277
Vecsmall([9, 1, 14, 7, 6, 15, 16, 13, 10, 2, 4, 5, 3, 8, 12, 11])
9281
Vecsmall([1, 2, 3, 4, 5, 6, 7, 8, 9, 10, 11, 12, 13, 14, 15, 16])
9283
Vecsmall([7, 15, 16, 9, 8, 1, 14, 4, 5, 11, 13, 10, 12, 6, 3, 2])
9293
Vecsmall([9, 1, 14, 7, 6, 15, 16, 13, 10, 2, 4, 5, 3, 8, 12, 11])
9311
Vecsmall([15, 11, 12, 13, 10, 8, 9, 6, 7, 5, 2, 3, 4, 16, 1, 14])
9319
Vecsmall([16, 12, 11, 10, 13, 9, 8, 7, 6, 4, 3, 2, 5, 15, 14, 1])
9323
Vecsmall([11, 5, 4, 2, 3, 10, 13, 16, 15, 7, 14, 1, 6, 12, 8, 9])
9337
Vecsmall([14, 3, 2, 5, 4, 7, 6, 9, 8, 13, 12, 11, 10, 1, 16, 15])
9341
Vecsmall([9, 1, 14, 7, 6, 15, 16, 13, 10, 2, 4, 5, 3, 8, 12, 11])
9343
Vecsmall([4, 6, 7, 1, 14, 2, 3, 11, 12, 16, 8, 9, 15, 5, 13, 10])
9349
Vecsmall([2, 10, 13, 11, 12, 5, 4, 14, 1, 9, 16, 15, 8, 3, 6, 7])
9371
Vecsmall([6, 16, 15, 8, 9, 14, 1, 5, 4, 12, 10, 13, 11, 7, 2, 3])
9377
Vecsmall([1, 2, 3, 4, 5, 6, 7, 8, 9, 10, 11, 12, 13, 14, 15, 16])
9391
Vecsmall([15, 11, 12, 13, 10, 8, 9, 6, 7, 5, 2, 3, 4, 16, 1, 14])
9397
Vecsmall([8, 14, 1, 6, 7, 16, 15, 10, 13, 3, 5, 4, 2, 9, 11, 12])
9403
Vecsmall([11, 5, 4, 2, 3, 10, 13, 16, 15, 7, 14, 1, 6, 12, 8, 9])
9413
Vecsmall([2, 10, 13, 11, 12, 5, 4, 14, 1, 9, 16, 15, 8, 3, 6, 7])
9419
Vecsmall([11, 5, 4, 2, 3, 10, 13, 16, 15, 7, 14, 1, 6, 12, 8, 9])
9421
Vecsmall([9, 1, 14, 7, 6, 15, 16, 13, 10, 2, 4, 5, 3, 8, 12, 11])
9431
Vecsmall([5, 7, 6, 14, 1, 3, 2, 12, 11, 15, 9, 8, 16, 4, 10, 13])
9433
Vecsmall([10, 9, 8, 16, 15, 12, 11, 3, 2, 1, 7, 6, 14, 13, 5, 4])
9437
Vecsmall([3, 13, 10, 12, 11, 4, 5, 1, 14, 8, 15, 16, 9, 2, 7, 6])
9439
Vecsmall([15, 11, 12, 13, 10, 8, 9, 6, 7, 5, 2, 3, 4, 16, 1, 14])
9461
Vecsmall([2, 10, 13, 11, 12, 5, 4, 14, 1, 9, 16, 15, 8, 3, 6, 7])
9463
Vecsmall([5, 7, 6, 14, 1, 3, 2, 12, 11, 15, 9, 8, 16, 4, 10, 13])
9467
Vecsmall([11, 5, 4, 2, 3, 10, 13, 16, 15, 7, 14, 1, 6, 12, 8, 9])
9473
Vecsmall([1, 2, 3, 4, 5, 6, 7, 8, 9, 10, 11, 12, 13, 14, 15, 16])
9479
Vecsmall([16, 12, 11, 10, 13, 9, 8, 7, 6, 4, 3, 2, 5, 15, 14, 1])
9491
Vecsmall([7, 15, 16, 9, 8, 1, 14, 4, 5, 11, 13, 10, 12, 6, 3, 2])
9497
Vecsmall([10, 9, 8, 16, 15, 12, 11, 3, 2, 1, 7, 6, 14, 13, 5, 4])
9511
Vecsmall([16, 12, 11, 10, 13, 9, 8, 7, 6, 4, 3, 2, 5, 15, 14, 1])
9521
Vecsmall([1, 2, 3, 4, 5, 6, 7, 8, 9, 10, 11, 12, 13, 14, 15, 16])
9533
Vecsmall([3, 13, 10, 12, 11, 4, 5, 1, 14, 8, 15, 16, 9, 2, 7, 6])
9539
Vecsmall([12, 4, 5, 3, 2, 13, 10, 15, 16, 6, 1, 14, 7, 11, 9, 8])
9547
Vecsmall([11, 5, 4, 2, 3, 10, 13, 16, 15, 7, 14, 1, 6, 12, 8, 9])
9551
Vecsmall([4, 6, 7, 1, 14, 2, 3, 11, 12, 16, 8, 9, 15, 5, 13, 10])
9587
Vecsmall([12, 4, 5, 3, 2, 13, 10, 15, 16, 6, 1, 14, 7, 11, 9, 8])
9601
Vecsmall([1, 2, 3, 4, 5, 6, 7, 8, 9, 10, 11, 12, 13, 14, 15, 16])
9613
Vecsmall([9, 1, 14, 7, 6, 15, 16, 13, 10, 2, 4, 5, 3, 8, 12, 11])
9619
Vecsmall([7, 15, 16, 9, 8, 1, 14, 4, 5, 11, 13, 10, 12, 6, 3, 2])
9623
Vecsmall([16, 12, 11, 10, 13, 9, 8, 7, 6, 4, 3, 2, 5, 15, 14, 1])
9629
Vecsmall([9, 1, 14, 7, 6, 15, 16, 13, 10, 2, 4, 5, 3, 8, 12, 11])
9631
Vecsmall([4, 6, 7, 1, 14, 2, 3, 11, 12, 16, 8, 9, 15, 5, 13, 10])
9643
Vecsmall([11, 5, 4, 2, 3, 10, 13, 16, 15, 7, 14, 1, 6, 12, 8, 9])
9649
Vecsmall([1, 2, 3, 4, 5, 6, 7, 8, 9, 10, 11, 12, 13, 14, 15, 16])
9661
Vecsmall([9, 1, 14, 7, 6, 15, 16, 13, 10, 2, 4, 5, 3, 8, 12, 11])
9677
Vecsmall([9, 1, 14, 7, 6, 15, 16, 13, 10, 2, 4, 5, 3, 8, 12, 11])
9679
Vecsmall([4, 6, 7, 1, 14, 2, 3, 11, 12, 16, 8, 9, 15, 5, 13, 10])
9689
Vecsmall([10, 9, 8, 16, 15, 12, 11, 3, 2, 1, 7, 6, 14, 13, 5, 4])
9697
Vecsmall([1, 2, 3, 4, 5, 6, 7, 8, 9, 10, 11, 12, 13, 14, 15, 16])
9719
Vecsmall([16, 12, 11, 10, 13, 9, 8, 7, 6, 4, 3, 2, 5, 15, 14, 1])
9721
Vecsmall([14, 3, 2, 5, 4, 7, 6, 9, 8, 13, 12, 11, 10, 1, 16, 15])
9733
Vecsmall([8, 14, 1, 6, 7, 16, 15, 10, 13, 3, 5, 4, 2, 9, 11, 12])
9739
Vecsmall([6, 16, 15, 8, 9, 14, 1, 5, 4, 12, 10, 13, 11, 7, 2, 3])
9743
Vecsmall([4, 6, 7, 1, 14, 2, 3, 11, 12, 16, 8, 9, 15, 5, 13, 10])
9749
Vecsmall([2, 10, 13, 11, 12, 5, 4, 14, 1, 9, 16, 15, 8, 3, 6, 7])
9767
Vecsmall([5, 7, 6, 14, 1, 3, 2, 12, 11, 15, 9, 8, 16, 4, 10, 13])
9769
Vecsmall([14, 3, 2, 5, 4, 7, 6, 9, 8, 13, 12, 11, 10, 1, 16, 15])
9781
Vecsmall([2, 10, 13, 11, 12, 5, 4, 14, 1, 9, 16, 15, 8, 3, 6, 7])
9787
Vecsmall([6, 16, 15, 8, 9, 14, 1, 5, 4, 12, 10, 13, 11, 7, 2, 3])
9791
Vecsmall([4, 6, 7, 1, 14, 2, 3, 11, 12, 16, 8, 9, 15, 5, 13, 10])
9803
Vecsmall([6, 16, 15, 8, 9, 14, 1, 5, 4, 12, 10, 13, 11, 7, 2, 3])
9811
Vecsmall([7, 15, 16, 9, 8, 1, 14, 4, 5, 11, 13, 10, 12, 6, 3, 2])
9817
Vecsmall([10, 9, 8, 16, 15, 12, 11, 3, 2, 1, 7, 6, 14, 13, 5, 4])
9829
Vecsmall([8, 14, 1, 6, 7, 16, 15, 10, 13, 3, 5, 4, 2, 9, 11, 12])
9833
Vecsmall([10, 9, 8, 16, 15, 12, 11, 3, 2, 1, 7, 6, 14, 13, 5, 4])
9839
Vecsmall([15, 11, 12, 13, 10, 8, 9, 6, 7, 5, 2, 3, 4, 16, 1, 14])
9851
Vecsmall([11, 5, 4, 2, 3, 10, 13, 16, 15, 7, 14, 1, 6, 12, 8, 9])
9857
Vecsmall([13, 8, 9, 15, 16, 11, 12, 2, 3, 14, 6, 7, 1, 10, 4, 5])
9859
Vecsmall([12, 4, 5, 3, 2, 13, 10, 15, 16, 6, 1, 14, 7, 11, 9, 8])
9871
Vecsmall([4, 6, 7, 1, 14, 2, 3, 11, 12, 16, 8, 9, 15, 5, 13, 10])
9883
Vecsmall([11, 5, 4, 2, 3, 10, 13, 16, 15, 7, 14, 1, 6, 12, 8, 9])
9887
Vecsmall([15, 11, 12, 13, 10, 8, 9, 6, 7, 5, 2, 3, 4, 16, 1, 14])
9901
Vecsmall([9, 1, 14, 7, 6, 15, 16, 13, 10, 2, 4, 5, 3, 8, 12, 11])
9907
Vecsmall([12, 4, 5, 3, 2, 13, 10, 15, 16, 6, 1, 14, 7, 11, 9, 8])
9923
Vecsmall([7, 15, 16, 9, 8, 1, 14, 4, 5, 11, 13, 10, 12, 6, 3, 2])
9929
Vecsmall([10, 9, 8, 16, 15, 12, 11, 3, 2, 1, 7, 6, 14, 13, 5, 4])
9931
Vecsmall([11, 5, 4, 2, 3, 10, 13, 16, 15, 7, 14, 1, 6, 12, 8, 9])
9941
Vecsmall([2, 10, 13, 11, 12, 5, 4, 14, 1, 9, 16, 15, 8, 3, 6, 7])
9949
Vecsmall([3, 13, 10, 12, 11, 4, 5, 1, 14, 8, 15, 16, 9, 2, 7, 6])
9967
Vecsmall([4, 6, 7, 1, 14, 2, 3, 11, 12, 16, 8, 9, 15, 5, 13, 10])
9973
Vecsmall([8, 14, 1, 6, 7, 16, 15, 10, 13, 3, 5, 4, 2, 9, 11, 12])
10007
Vecsmall([16, 12, 11, 10, 13, 9, 8, 7, 6, 4, 3, 2, 5, 15, 14, 1])
10009
Vecsmall([10, 9, 8, 16, 15, 12, 11, 3, 2, 1, 7, 6, 14, 13, 5, 4])
10037
Vecsmall([8, 14, 1, 6, 7, 16, 15, 10, 13, 3, 5, 4, 2, 9, 11, 12])
10039
Vecsmall([16, 12, 11, 10, 13, 9, 8, 7, 6, 4, 3, 2, 5, 15, 14, 1])
10061
Vecsmall([9, 1, 14, 7, 6, 15, 16, 13, 10, 2, 4, 5, 3, 8, 12, 11])
10067
Vecsmall([7, 15, 16, 9, 8, 1, 14, 4, 5, 11, 13, 10, 12, 6, 3, 2])
10069
Vecsmall([2, 10, 13, 11, 12, 5, 4, 14, 1, 9, 16, 15, 8, 3, 6, 7])
10079
Vecsmall([4, 6, 7, 1, 14, 2, 3, 11, 12, 16, 8, 9, 15, 5, 13, 10])
10091
Vecsmall([6, 16, 15, 8, 9, 14, 1, 5, 4, 12, 10, 13, 11, 7, 2, 3])
10093
Vecsmall([3, 13, 10, 12, 11, 4, 5, 1, 14, 8, 15, 16, 9, 2, 7, 6])
10099
Vecsmall([7, 15, 16, 9, 8, 1, 14, 4, 5, 11, 13, 10, 12, 6, 3, 2])
10103
Vecsmall([5, 7, 6, 14, 1, 3, 2, 12, 11, 15, 9, 8, 16, 4, 10, 13])
10111
Vecsmall([15, 11, 12, 13, 10, 8, 9, 6, 7, 5, 2, 3, 4, 16, 1, 14])
10133
Vecsmall([8, 14, 1, 6, 7, 16, 15, 10, 13, 3, 5, 4, 2, 9, 11, 12])
10139
Vecsmall([6, 16, 15, 8, 9, 14, 1, 5, 4, 12, 10, 13, 11, 7, 2, 3])
10141
Vecsmall([9, 1, 14, 7, 6, 15, 16, 13, 10, 2, 4, 5, 3, 8, 12, 11])
