Extension
#3
\zeta_8
\sqrt[4]{2}
sqrt(alpha)
sqrt(sqrt(2))
Mod(3/14*y^7 + 71/84*y^6 + 29/42*y^5 + 155/84*y^4 + 128/21*y^3 + 5/28*y^2 - 146/21*y + 253/28, y^8 + 8*y^5 - 2*y^4 - 16*y^3 + 32*y^2 - 24*y + 9)


Galois identify
[16, 7]


Galois conjug classes
[[Vecsmall([1, 2, 3, 4, 5, 6, 7, 8, 9, 10, 11, 12, 13, 14, 15, 16])], [Vecsmall([15, 16, 12, 8, 14, 10, 11, 4, 13, 6, 7, 3, 9, 5, 1, 2]), Vecsmall([11, 7, 13, 14, 9, 16, 2, 12, 5, 15, 1, 8, 3, 4, 10, 6]), Vecsmall([6, 10, 4, 3, 8, 1, 15, 5, 12, 2, 16, 9, 14, 13, 7, 11]), Vecsmall([2, 1, 5, 9, 3, 7, 6, 13, 4, 11, 10, 14, 8, 12, 16, 15])], [Vecsmall([9, 5, 1, 2, 11, 4, 14, 10, 7, 3, 13, 6, 15, 16, 12, 8]), Vecsmall([3, 4, 10, 6, 2, 12, 9, 16, 1, 8, 5, 15, 11, 7, 13, 14])], [Vecsmall([13, 14, 15, 16, 7, 8, 5, 6, 11, 12, 9, 10, 1, 2, 3, 4]), Vecsmall([12, 8, 6, 10, 16, 3, 13, 2, 15, 4, 14, 1, 7, 11, 9, 5]), Vecsmall([5, 9, 11, 7, 1, 14, 4, 15, 2, 13, 3, 16, 10, 6, 8, 12]), Vecsmall([4, 3, 2, 1, 10, 9, 12, 11, 6, 5, 8, 7, 16, 15, 14, 13])], [Vecsmall([10, 6, 8, 12, 4, 15, 1, 14, 3, 16, 2, 13, 5, 9, 11, 7]), Vecsmall([7, 11, 9, 5, 13, 2, 16, 3, 14, 1, 15, 4, 12, 8, 6, 10])], [Vecsmall([14, 13, 7, 11, 15, 5, 8, 1, 16, 9, 12, 2, 6, 10, 4, 3]), Vecsmall([8, 12, 16, 15, 6, 13, 3, 7, 10, 14, 4, 11, 2, 1, 5, 9])], [Vecsmall([16, 15, 14, 13, 12, 11, 10, 9, 8, 7, 6, 5, 4, 3, 2, 1])]]


3
Vecsmall([5, 9, 11, 7, 1, 14, 4, 15, 2, 13, 3, 16, 10, 6, 8, 12])
5
Vecsmall([14, 13, 7, 11, 15, 5, 8, 1, 16, 9, 12, 2, 6, 10, 4, 3])
7
Vecsmall([11, 7, 13, 14, 9, 16, 2, 12, 5, 15, 1, 8, 3, 4, 10, 6])
11
Vecsmall([4, 3, 2, 1, 10, 9, 12, 11, 6, 5, 8, 7, 16, 15, 14, 13])
13
Vecsmall([9, 5, 1, 2, 11, 4, 14, 10, 7, 3, 13, 6, 15, 16, 12, 8])
17
Vecsmall([7, 11, 9, 5, 13, 2, 16, 3, 14, 1, 15, 4, 12, 8, 6, 10])
19
Vecsmall([4, 3, 2, 1, 10, 9, 12, 11, 6, 5, 8, 7, 16, 15, 14, 13])
23
Vecsmall([15, 16, 12, 8, 14, 10, 11, 4, 13, 6, 7, 3, 9, 5, 1, 2])
29
Vecsmall([9, 5, 1, 2, 11, 4, 14, 10, 7, 3, 13, 6, 15, 16, 12, 8])
31
Vecsmall([6, 10, 4, 3, 8, 1, 15, 5, 12, 2, 16, 9, 14, 13, 7, 11])
37
Vecsmall([3, 4, 10, 6, 2, 12, 9, 16, 1, 8, 5, 15, 11, 7, 13, 14])
41
Vecsmall([10, 6, 8, 12, 4, 15, 1, 14, 3, 16, 2, 13, 5, 9, 11, 7])
43
Vecsmall([4, 3, 2, 1, 10, 9, 12, 11, 6, 5, 8, 7, 16, 15, 14, 13])
47
Vecsmall([15, 16, 12, 8, 14, 10, 11, 4, 13, 6, 7, 3, 9, 5, 1, 2])
53
Vecsmall([14, 13, 7, 11, 15, 5, 8, 1, 16, 9, 12, 2, 6, 10, 4, 3])
59
Vecsmall([12, 8, 6, 10, 16, 3, 13, 2, 15, 4, 14, 1, 7, 11, 9, 5])
61
Vecsmall([8, 12, 16, 15, 6, 13, 3, 7, 10, 14, 4, 11, 2, 1, 5, 9])
67
Vecsmall([13, 14, 15, 16, 7, 8, 5, 6, 11, 12, 9, 10, 1, 2, 3, 4])
71
Vecsmall([11, 7, 13, 14, 9, 16, 2, 12, 5, 15, 1, 8, 3, 4, 10, 6])
73
Vecsmall([16, 15, 14, 13, 12, 11, 10, 9, 8, 7, 6, 5, 4, 3, 2, 1])
79
Vecsmall([2, 1, 5, 9, 3, 7, 6, 13, 4, 11, 10, 14, 8, 12, 16, 15])
83
Vecsmall([13, 14, 15, 16, 7, 8, 5, 6, 11, 12, 9, 10, 1, 2, 3, 4])
89
Vecsmall([16, 15, 14, 13, 12, 11, 10, 9, 8, 7, 6, 5, 4, 3, 2, 1])
97
Vecsmall([7, 11, 9, 5, 13, 2, 16, 3, 14, 1, 15, 4, 12, 8, 6, 10])
101
Vecsmall([3, 4, 10, 6, 2, 12, 9, 16, 1, 8, 5, 15, 11, 7, 13, 14])
103
Vecsmall([2, 1, 5, 9, 3, 7, 6, 13, 4, 11, 10, 14, 8, 12, 16, 15])
107
Vecsmall([4, 3, 2, 1, 10, 9, 12, 11, 6, 5, 8, 7, 16, 15, 14, 13])
109
Vecsmall([14, 13, 7, 11, 15, 5, 8, 1, 16, 9, 12, 2, 6, 10, 4, 3])
113
Vecsmall([16, 15, 14, 13, 12, 11, 10, 9, 8, 7, 6, 5, 4, 3, 2, 1])
127
Vecsmall([2, 1, 5, 9, 3, 7, 6, 13, 4, 11, 10, 14, 8, 12, 16, 15])
131
Vecsmall([4, 3, 2, 1, 10, 9, 12, 11, 6, 5, 8, 7, 16, 15, 14, 13])
137
Vecsmall([7, 11, 9, 5, 13, 2, 16, 3, 14, 1, 15, 4, 12, 8, 6, 10])
139
Vecsmall([4, 3, 2, 1, 10, 9, 12, 11, 6, 5, 8, 7, 16, 15, 14, 13])
149
Vecsmall([9, 5, 1, 2, 11, 4, 14, 10, 7, 3, 13, 6, 15, 16, 12, 8])
151
Vecsmall([11, 7, 13, 14, 9, 16, 2, 12, 5, 15, 1, 8, 3, 4, 10, 6])
157
Vecsmall([14, 13, 7, 11, 15, 5, 8, 1, 16, 9, 12, 2, 6, 10, 4, 3])
163
Vecsmall([4, 3, 2, 1, 10, 9, 12, 11, 6, 5, 8, 7, 16, 15, 14, 13])
167
Vecsmall([15, 16, 12, 8, 14, 10, 11, 4, 13, 6, 7, 3, 9, 5, 1, 2])
173
Vecsmall([9, 5, 1, 2, 11, 4, 14, 10, 7, 3, 13, 6, 15, 16, 12, 8])
179
Vecsmall([12, 8, 6, 10, 16, 3, 13, 2, 15, 4, 14, 1, 7, 11, 9, 5])
181
Vecsmall([9, 5, 1, 2, 11, 4, 14, 10, 7, 3, 13, 6, 15, 16, 12, 8])
191
Vecsmall([11, 7, 13, 14, 9, 16, 2, 12, 5, 15, 1, 8, 3, 4, 10, 6])
193
Vecsmall([10, 6, 8, 12, 4, 15, 1, 14, 3, 16, 2, 13, 5, 9, 11, 7])
197
Vecsmall([8, 12, 16, 15, 6, 13, 3, 7, 10, 14, 4, 11, 2, 1, 5, 9])
199
Vecsmall([11, 7, 13, 14, 9, 16, 2, 12, 5, 15, 1, 8, 3, 4, 10, 6])
211
Vecsmall([13, 14, 15, 16, 7, 8, 5, 6, 11, 12, 9, 10, 1, 2, 3, 4])
223
Vecsmall([15, 16, 12, 8, 14, 10, 11, 4, 13, 6, 7, 3, 9, 5, 1, 2])
227
Vecsmall([12, 8, 6, 10, 16, 3, 13, 2, 15, 4, 14, 1, 7, 11, 9, 5])
229
Vecsmall([14, 13, 7, 11, 15, 5, 8, 1, 16, 9, 12, 2, 6, 10, 4, 3])
233
Vecsmall([16, 15, 14, 13, 12, 11, 10, 9, 8, 7, 6, 5, 4, 3, 2, 1])
239
Vecsmall([11, 7, 13, 14, 9, 16, 2, 12, 5, 15, 1, 8, 3, 4, 10, 6])
241
Vecsmall([10, 6, 8, 12, 4, 15, 1, 14, 3, 16, 2, 13, 5, 9, 11, 7])
251
Vecsmall([4, 3, 2, 1, 10, 9, 12, 11, 6, 5, 8, 7, 16, 15, 14, 13])
257
Vecsmall([1, 2, 3, 4, 5, 6, 7, 8, 9, 10, 11, 12, 13, 14, 15, 16])
263
Vecsmall([15, 16, 12, 8, 14, 10, 11, 4, 13, 6, 7, 3, 9, 5, 1, 2])
269
Vecsmall([8, 12, 16, 15, 6, 13, 3, 7, 10, 14, 4, 11, 2, 1, 5, 9])
271
Vecsmall([2, 1, 5, 9, 3, 7, 6, 13, 4, 11, 10, 14, 8, 12, 16, 15])
277
Vecsmall([8, 12, 16, 15, 6, 13, 3, 7, 10, 14, 4, 11, 2, 1, 5, 9])
281
Vecsmall([1, 2, 3, 4, 5, 6, 7, 8, 9, 10, 11, 12, 13, 14, 15, 16])
283
Vecsmall([12, 8, 6, 10, 16, 3, 13, 2, 15, 4, 14, 1, 7, 11, 9, 5])
293
Vecsmall([8, 12, 16, 15, 6, 13, 3, 7, 10, 14, 4, 11, 2, 1, 5, 9])
307
Vecsmall([4, 3, 2, 1, 10, 9, 12, 11, 6, 5, 8, 7, 16, 15, 14, 13])
311
Vecsmall([2, 1, 5, 9, 3, 7, 6, 13, 4, 11, 10, 14, 8, 12, 16, 15])
313
Vecsmall([7, 11, 9, 5, 13, 2, 16, 3, 14, 1, 15, 4, 12, 8, 6, 10])
317
Vecsmall([9, 5, 1, 2, 11, 4, 14, 10, 7, 3, 13, 6, 15, 16, 12, 8])
331
Vecsmall([13, 14, 15, 16, 7, 8, 5, 6, 11, 12, 9, 10, 1, 2, 3, 4])
337
Vecsmall([1, 2, 3, 4, 5, 6, 7, 8, 9, 10, 11, 12, 13, 14, 15, 16])
347
Vecsmall([13, 14, 15, 16, 7, 8, 5, 6, 11, 12, 9, 10, 1, 2, 3, 4])
349
Vecsmall([3, 4, 10, 6, 2, 12, 9, 16, 1, 8, 5, 15, 11, 7, 13, 14])
353
Vecsmall([16, 15, 14, 13, 12, 11, 10, 9, 8, 7, 6, 5, 4, 3, 2, 1])
359
Vecsmall([2, 1, 5, 9, 3, 7, 6, 13, 4, 11, 10, 14, 8, 12, 16, 15])
367
Vecsmall([11, 7, 13, 14, 9, 16, 2, 12, 5, 15, 1, 8, 3, 4, 10, 6])
373
Vecsmall([14, 13, 7, 11, 15, 5, 8, 1, 16, 9, 12, 2, 6, 10, 4, 3])
379
Vecsmall([4, 3, 2, 1, 10, 9, 12, 11, 6, 5, 8, 7, 16, 15, 14, 13])
383
Vecsmall([11, 7, 13, 14, 9, 16, 2, 12, 5, 15, 1, 8, 3, 4, 10, 6])
389
Vecsmall([3, 4, 10, 6, 2, 12, 9, 16, 1, 8, 5, 15, 11, 7, 13, 14])
397
Vecsmall([8, 12, 16, 15, 6, 13, 3, 7, 10, 14, 4, 11, 2, 1, 5, 9])
401
Vecsmall([10, 6, 8, 12, 4, 15, 1, 14, 3, 16, 2, 13, 5, 9, 11, 7])
409
Vecsmall([7, 11, 9, 5, 13, 2, 16, 3, 14, 1, 15, 4, 12, 8, 6, 10])
419
Vecsmall([13, 14, 15, 16, 7, 8, 5, 6, 11, 12, 9, 10, 1, 2, 3, 4])
421
Vecsmall([14, 13, 7, 11, 15, 5, 8, 1, 16, 9, 12, 2, 6, 10, 4, 3])
431
Vecsmall([11, 7, 13, 14, 9, 16, 2, 12, 5, 15, 1, 8, 3, 4, 10, 6])
433
Vecsmall([7, 11, 9, 5, 13, 2, 16, 3, 14, 1, 15, 4, 12, 8, 6, 10])
439
Vecsmall([2, 1, 5, 9, 3, 7, 6, 13, 4, 11, 10, 14, 8, 12, 16, 15])
443
Vecsmall([4, 3, 2, 1, 10, 9, 12, 11, 6, 5, 8, 7, 16, 15, 14, 13])
449
Vecsmall([10, 6, 8, 12, 4, 15, 1, 14, 3, 16, 2, 13, 5, 9, 11, 7])
457
Vecsmall([7, 11, 9, 5, 13, 2, 16, 3, 14, 1, 15, 4, 12, 8, 6, 10])
461
Vecsmall([14, 13, 7, 11, 15, 5, 8, 1, 16, 9, 12, 2, 6, 10, 4, 3])
463
Vecsmall([2, 1, 5, 9, 3, 7, 6, 13, 4, 11, 10, 14, 8, 12, 16, 15])
467
Vecsmall([13, 14, 15, 16, 7, 8, 5, 6, 11, 12, 9, 10, 1, 2, 3, 4])
479
Vecsmall([15, 16, 12, 8, 14, 10, 11, 4, 13, 6, 7, 3, 9, 5, 1, 2])
487
Vecsmall([15, 16, 12, 8, 14, 10, 11, 4, 13, 6, 7, 3, 9, 5, 1, 2])
491
Vecsmall([13, 14, 15, 16, 7, 8, 5, 6, 11, 12, 9, 10, 1, 2, 3, 4])
499
Vecsmall([4, 3, 2, 1, 10, 9, 12, 11, 6, 5, 8, 7, 16, 15, 14, 13])
503
Vecsmall([2, 1, 5, 9, 3, 7, 6, 13, 4, 11, 10, 14, 8, 12, 16, 15])
509
Vecsmall([14, 13, 7, 11, 15, 5, 8, 1, 16, 9, 12, 2, 6, 10, 4, 3])
521
Vecsmall([10, 6, 8, 12, 4, 15, 1, 14, 3, 16, 2, 13, 5, 9, 11, 7])
523
Vecsmall([4, 3, 2, 1, 10, 9, 12, 11, 6, 5, 8, 7, 16, 15, 14, 13])
541
Vecsmall([14, 13, 7, 11, 15, 5, 8, 1, 16, 9, 12, 2, 6, 10, 4, 3])
547
Vecsmall([4, 3, 2, 1, 10, 9, 12, 11, 6, 5, 8, 7, 16, 15, 14, 13])
557
Vecsmall([9, 5, 1, 2, 11, 4, 14, 10, 7, 3, 13, 6, 15, 16, 12, 8])
563
Vecsmall([12, 8, 6, 10, 16, 3, 13, 2, 15, 4, 14, 1, 7, 11, 9, 5])
569
Vecsmall([7, 11, 9, 5, 13, 2, 16, 3, 14, 1, 15, 4, 12, 8, 6, 10])
571
Vecsmall([13, 14, 15, 16, 7, 8, 5, 6, 11, 12, 9, 10, 1, 2, 3, 4])
577
Vecsmall([16, 15, 14, 13, 12, 11, 10, 9, 8, 7, 6, 5, 4, 3, 2, 1])
587
Vecsmall([13, 14, 15, 16, 7, 8, 5, 6, 11, 12, 9, 10, 1, 2, 3, 4])
593
Vecsmall([16, 15, 14, 13, 12, 11, 10, 9, 8, 7, 6, 5, 4, 3, 2, 1])
599
Vecsmall([11, 7, 13, 14, 9, 16, 2, 12, 5, 15, 1, 8, 3, 4, 10, 6])
601
Vecsmall([16, 15, 14, 13, 12, 11, 10, 9, 8, 7, 6, 5, 4, 3, 2, 1])
607
Vecsmall([11, 7, 13, 14, 9, 16, 2, 12, 5, 15, 1, 8, 3, 4, 10, 6])
613
Vecsmall([8, 12, 16, 15, 6, 13, 3, 7, 10, 14, 4, 11, 2, 1, 5, 9])
617
Vecsmall([1, 2, 3, 4, 5, 6, 7, 8, 9, 10, 11, 12, 13, 14, 15, 16])
619
Vecsmall([12, 8, 6, 10, 16, 3, 13, 2, 15, 4, 14, 1, 7, 11, 9, 5])
631
Vecsmall([2, 1, 5, 9, 3, 7, 6, 13, 4, 11, 10, 14, 8, 12, 16, 15])
641
Vecsmall([7, 11, 9, 5, 13, 2, 16, 3, 14, 1, 15, 4, 12, 8, 6, 10])
643
Vecsmall([12, 8, 6, 10, 16, 3, 13, 2, 15, 4, 14, 1, 7, 11, 9, 5])
647
Vecsmall([15, 16, 12, 8, 14, 10, 11, 4, 13, 6, 7, 3, 9, 5, 1, 2])
653
Vecsmall([8, 12, 16, 15, 6, 13, 3, 7, 10, 14, 4, 11, 2, 1, 5, 9])
659
Vecsmall([4, 3, 2, 1, 10, 9, 12, 11, 6, 5, 8, 7, 16, 15, 14, 13])
661
Vecsmall([3, 4, 10, 6, 2, 12, 9, 16, 1, 8, 5, 15, 11, 7, 13, 14])
673
Vecsmall([10, 6, 8, 12, 4, 15, 1, 14, 3, 16, 2, 13, 5, 9, 11, 7])
677
Vecsmall([3, 4, 10, 6, 2, 12, 9, 16, 1, 8, 5, 15, 11, 7, 13, 14])
683
Vecsmall([13, 14, 15, 16, 7, 8, 5, 6, 11, 12, 9, 10, 1, 2, 3, 4])
691
Vecsmall([13, 14, 15, 16, 7, 8, 5, 6, 11, 12, 9, 10, 1, 2, 3, 4])
701
Vecsmall([14, 13, 7, 11, 15, 5, 8, 1, 16, 9, 12, 2, 6, 10, 4, 3])
709
Vecsmall([9, 5, 1, 2, 11, 4, 14, 10, 7, 3, 13, 6, 15, 16, 12, 8])
719
Vecsmall([2, 1, 5, 9, 3, 7, 6, 13, 4, 11, 10, 14, 8, 12, 16, 15])
727
Vecsmall([2, 1, 5, 9, 3, 7, 6, 13, 4, 11, 10, 14, 8, 12, 16, 15])
733
Vecsmall([3, 4, 10, 6, 2, 12, 9, 16, 1, 8, 5, 15, 11, 7, 13, 14])
739
Vecsmall([12, 8, 6, 10, 16, 3, 13, 2, 15, 4, 14, 1, 7, 11, 9, 5])
743
Vecsmall([2, 1, 5, 9, 3, 7, 6, 13, 4, 11, 10, 14, 8, 12, 16, 15])
751
Vecsmall([2, 1, 5, 9, 3, 7, 6, 13, 4, 11, 10, 14, 8, 12, 16, 15])
757
Vecsmall([3, 4, 10, 6, 2, 12, 9, 16, 1, 8, 5, 15, 11, 7, 13, 14])
761
Vecsmall([10, 6, 8, 12, 4, 15, 1, 14, 3, 16, 2, 13, 5, 9, 11, 7])
769
Vecsmall([7, 11, 9, 5, 13, 2, 16, 3, 14, 1, 15, 4, 12, 8, 6, 10])
773
Vecsmall([9, 5, 1, 2, 11, 4, 14, 10, 7, 3, 13, 6, 15, 16, 12, 8])
787
Vecsmall([13, 14, 15, 16, 7, 8, 5, 6, 11, 12, 9, 10, 1, 2, 3, 4])
797
Vecsmall([14, 13, 7, 11, 15, 5, 8, 1, 16, 9, 12, 2, 6, 10, 4, 3])
809
Vecsmall([7, 11, 9, 5, 13, 2, 16, 3, 14, 1, 15, 4, 12, 8, 6, 10])
811
Vecsmall([4, 3, 2, 1, 10, 9, 12, 11, 6, 5, 8, 7, 16, 15, 14, 13])
821
Vecsmall([14, 13, 7, 11, 15, 5, 8, 1, 16, 9, 12, 2, 6, 10, 4, 3])
823
Vecsmall([2, 1, 5, 9, 3, 7, 6, 13, 4, 11, 10, 14, 8, 12, 16, 15])
827
Vecsmall([12, 8, 6, 10, 16, 3, 13, 2, 15, 4, 14, 1, 7, 11, 9, 5])
829
Vecsmall([8, 12, 16, 15, 6, 13, 3, 7, 10, 14, 4, 11, 2, 1, 5, 9])
839
Vecsmall([2, 1, 5, 9, 3, 7, 6, 13, 4, 11, 10, 14, 8, 12, 16, 15])
853
Vecsmall([8, 12, 16, 15, 6, 13, 3, 7, 10, 14, 4, 11, 2, 1, 5, 9])
857
Vecsmall([7, 11, 9, 5, 13, 2, 16, 3, 14, 1, 15, 4, 12, 8, 6, 10])
859
Vecsmall([12, 8, 6, 10, 16, 3, 13, 2, 15, 4, 14, 1, 7, 11, 9, 5])
863
Vecsmall([11, 7, 13, 14, 9, 16, 2, 12, 5, 15, 1, 8, 3, 4, 10, 6])
877
Vecsmall([8, 12, 16, 15, 6, 13, 3, 7, 10, 14, 4, 11, 2, 1, 5, 9])
881
Vecsmall([1, 2, 3, 4, 5, 6, 7, 8, 9, 10, 11, 12, 13, 14, 15, 16])
883
Vecsmall([12, 8, 6, 10, 16, 3, 13, 2, 15, 4, 14, 1, 7, 11, 9, 5])
887
Vecsmall([2, 1, 5, 9, 3, 7, 6, 13, 4, 11, 10, 14, 8, 12, 16, 15])
907
Vecsmall([4, 3, 2, 1, 10, 9, 12, 11, 6, 5, 8, 7, 16, 15, 14, 13])
911
Vecsmall([2, 1, 5, 9, 3, 7, 6, 13, 4, 11, 10, 14, 8, 12, 16, 15])
919
Vecsmall([15, 16, 12, 8, 14, 10, 11, 4, 13, 6, 7, 3, 9, 5, 1, 2])
929
Vecsmall([7, 11, 9, 5, 13, 2, 16, 3, 14, 1, 15, 4, 12, 8, 6, 10])
937
Vecsmall([16, 15, 14, 13, 12, 11, 10, 9, 8, 7, 6, 5, 4, 3, 2, 1])
941
Vecsmall([8, 12, 16, 15, 6, 13, 3, 7, 10, 14, 4, 11, 2, 1, 5, 9])
947
Vecsmall([4, 3, 2, 1, 10, 9, 12, 11, 6, 5, 8, 7, 16, 15, 14, 13])
953
Vecsmall([10, 6, 8, 12, 4, 15, 1, 14, 3, 16, 2, 13, 5, 9, 11, 7])
967
Vecsmall([15, 16, 12, 8, 14, 10, 11, 4, 13, 6, 7, 3, 9, 5, 1, 2])
971
Vecsmall([13, 14, 15, 16, 7, 8, 5, 6, 11, 12, 9, 10, 1, 2, 3, 4])
977
Vecsmall([10, 6, 8, 12, 4, 15, 1, 14, 3, 16, 2, 13, 5, 9, 11, 7])
983
Vecsmall([11, 7, 13, 14, 9, 16, 2, 12, 5, 15, 1, 8, 3, 4, 10, 6])
991
Vecsmall([2, 1, 5, 9, 3, 7, 6, 13, 4, 11, 10, 14, 8, 12, 16, 15])
997
Vecsmall([9, 5, 1, 2, 11, 4, 14, 10, 7, 3, 13, 6, 15, 16, 12, 8])
1009
Vecsmall([10, 6, 8, 12, 4, 15, 1, 14, 3, 16, 2, 13, 5, 9, 11, 7])
1013
Vecsmall([3, 4, 10, 6, 2, 12, 9, 16, 1, 8, 5, 15, 11, 7, 13, 14])
1019
Vecsmall([4, 3, 2, 1, 10, 9, 12, 11, 6, 5, 8, 7, 16, 15, 14, 13])
1021
Vecsmall([3, 4, 10, 6, 2, 12, 9, 16, 1, 8, 5, 15, 11, 7, 13, 14])
1031
Vecsmall([2, 1, 5, 9, 3, 7, 6, 13, 4, 11, 10, 14, 8, 12, 16, 15])
1033
Vecsmall([1, 2, 3, 4, 5, 6, 7, 8, 9, 10, 11, 12, 13, 14, 15, 16])
1039
Vecsmall([15, 16, 12, 8, 14, 10, 11, 4, 13, 6, 7, 3, 9, 5, 1, 2])
1049
Vecsmall([1, 2, 3, 4, 5, 6, 7, 8, 9, 10, 11, 12, 13, 14, 15, 16])
1051
Vecsmall([12, 8, 6, 10, 16, 3, 13, 2, 15, 4, 14, 1, 7, 11, 9, 5])
1061
Vecsmall([9, 5, 1, 2, 11, 4, 14, 10, 7, 3, 13, 6, 15, 16, 12, 8])
1063
Vecsmall([2, 1, 5, 9, 3, 7, 6, 13, 4, 11, 10, 14, 8, 12, 16, 15])
1069
Vecsmall([3, 4, 10, 6, 2, 12, 9, 16, 1, 8, 5, 15, 11, 7, 13, 14])
1087
Vecsmall([15, 16, 12, 8, 14, 10, 11, 4, 13, 6, 7, 3, 9, 5, 1, 2])
1091
Vecsmall([12, 8, 6, 10, 16, 3, 13, 2, 15, 4, 14, 1, 7, 11, 9, 5])
1093
Vecsmall([8, 12, 16, 15, 6, 13, 3, 7, 10, 14, 4, 11, 2, 1, 5, 9])
1097
Vecsmall([1, 2, 3, 4, 5, 6, 7, 8, 9, 10, 11, 12, 13, 14, 15, 16])
1103
Vecsmall([2, 1, 5, 9, 3, 7, 6, 13, 4, 11, 10, 14, 8, 12, 16, 15])
1109
Vecsmall([3, 4, 10, 6, 2, 12, 9, 16, 1, 8, 5, 15, 11, 7, 13, 14])
1117
Vecsmall([8, 12, 16, 15, 6, 13, 3, 7, 10, 14, 4, 11, 2, 1, 5, 9])
1123
Vecsmall([4, 3, 2, 1, 10, 9, 12, 11, 6, 5, 8, 7, 16, 15, 14, 13])
1129
Vecsmall([10, 6, 8, 12, 4, 15, 1, 14, 3, 16, 2, 13, 5, 9, 11, 7])
1151
Vecsmall([2, 1, 5, 9, 3, 7, 6, 13, 4, 11, 10, 14, 8, 12, 16, 15])
1153
Vecsmall([16, 15, 14, 13, 12, 11, 10, 9, 8, 7, 6, 5, 4, 3, 2, 1])
1163
Vecsmall([12, 8, 6, 10, 16, 3, 13, 2, 15, 4, 14, 1, 7, 11, 9, 5])
1171
Vecsmall([4, 3, 2, 1, 10, 9, 12, 11, 6, 5, 8, 7, 16, 15, 14, 13])
1181
Vecsmall([9, 5, 1, 2, 11, 4, 14, 10, 7, 3, 13, 6, 15, 16, 12, 8])
1187
Vecsmall([4, 3, 2, 1, 10, 9, 12, 11, 6, 5, 8, 7, 16, 15, 14, 13])
1193
Vecsmall([1, 2, 3, 4, 5, 6, 7, 8, 9, 10, 11, 12, 13, 14, 15, 16])
1201
Vecsmall([16, 15, 14, 13, 12, 11, 10, 9, 8, 7, 6, 5, 4, 3, 2, 1])
1213
Vecsmall([8, 12, 16, 15, 6, 13, 3, 7, 10, 14, 4, 11, 2, 1, 5, 9])
1217
Vecsmall([1, 2, 3, 4, 5, 6, 7, 8, 9, 10, 11, 12, 13, 14, 15, 16])
1223
Vecsmall([11, 7, 13, 14, 9, 16, 2, 12, 5, 15, 1, 8, 3, 4, 10, 6])
1229
Vecsmall([3, 4, 10, 6, 2, 12, 9, 16, 1, 8, 5, 15, 11, 7, 13, 14])
1231
Vecsmall([2, 1, 5, 9, 3, 7, 6, 13, 4, 11, 10, 14, 8, 12, 16, 15])
1237
Vecsmall([14, 13, 7, 11, 15, 5, 8, 1, 16, 9, 12, 2, 6, 10, 4, 3])
1249
Vecsmall([1, 2, 3, 4, 5, 6, 7, 8, 9, 10, 11, 12, 13, 14, 15, 16])
1259
Vecsmall([12, 8, 6, 10, 16, 3, 13, 2, 15, 4, 14, 1, 7, 11, 9, 5])
1277
Vecsmall([3, 4, 10, 6, 2, 12, 9, 16, 1, 8, 5, 15, 11, 7, 13, 14])
1279
Vecsmall([15, 16, 12, 8, 14, 10, 11, 4, 13, 6, 7, 3, 9, 5, 1, 2])
1283
Vecsmall([4, 3, 2, 1, 10, 9, 12, 11, 6, 5, 8, 7, 16, 15, 14, 13])
1289
Vecsmall([16, 15, 14, 13, 12, 11, 10, 9, 8, 7, 6, 5, 4, 3, 2, 1])
1291
Vecsmall([12, 8, 6, 10, 16, 3, 13, 2, 15, 4, 14, 1, 7, 11, 9, 5])
1297
Vecsmall([7, 11, 9, 5, 13, 2, 16, 3, 14, 1, 15, 4, 12, 8, 6, 10])
1301
Vecsmall([9, 5, 1, 2, 11, 4, 14, 10, 7, 3, 13, 6, 15, 16, 12, 8])
1303
Vecsmall([2, 1, 5, 9, 3, 7, 6, 13, 4, 11, 10, 14, 8, 12, 16, 15])
1307
Vecsmall([4, 3, 2, 1, 10, 9, 12, 11, 6, 5, 8, 7, 16, 15, 14, 13])
1319
Vecsmall([15, 16, 12, 8, 14, 10, 11, 4, 13, 6, 7, 3, 9, 5, 1, 2])
1321
Vecsmall([10, 6, 8, 12, 4, 15, 1, 14, 3, 16, 2, 13, 5, 9, 11, 7])
1327
Vecsmall([11, 7, 13, 14, 9, 16, 2, 12, 5, 15, 1, 8, 3, 4, 10, 6])
1361
Vecsmall([10, 6, 8, 12, 4, 15, 1, 14, 3, 16, 2, 13, 5, 9, 11, 7])
1367
Vecsmall([11, 7, 13, 14, 9, 16, 2, 12, 5, 15, 1, 8, 3, 4, 10, 6])
1373
Vecsmall([9, 5, 1, 2, 11, 4, 14, 10, 7, 3, 13, 6, 15, 16, 12, 8])
1381
Vecsmall([14, 13, 7, 11, 15, 5, 8, 1, 16, 9, 12, 2, 6, 10, 4, 3])
1399
Vecsmall([11, 7, 13, 14, 9, 16, 2, 12, 5, 15, 1, 8, 3, 4, 10, 6])
1409
Vecsmall([7, 11, 9, 5, 13, 2, 16, 3, 14, 1, 15, 4, 12, 8, 6, 10])
1423
Vecsmall([15, 16, 12, 8, 14, 10, 11, 4, 13, 6, 7, 3, 9, 5, 1, 2])
1427
Vecsmall([4, 3, 2, 1, 10, 9, 12, 11, 6, 5, 8, 7, 16, 15, 14, 13])
1429
Vecsmall([14, 13, 7, 11, 15, 5, 8, 1, 16, 9, 12, 2, 6, 10, 4, 3])
1433
Vecsmall([16, 15, 14, 13, 12, 11, 10, 9, 8, 7, 6, 5, 4, 3, 2, 1])
1439
Vecsmall([11, 7, 13, 14, 9, 16, 2, 12, 5, 15, 1, 8, 3, 4, 10, 6])
1447
Vecsmall([2, 1, 5, 9, 3, 7, 6, 13, 4, 11, 10, 14, 8, 12, 16, 15])
1451
Vecsmall([13, 14, 15, 16, 7, 8, 5, 6, 11, 12, 9, 10, 1, 2, 3, 4])
1453
Vecsmall([14, 13, 7, 11, 15, 5, 8, 1, 16, 9, 12, 2, 6, 10, 4, 3])
1459
Vecsmall([12, 8, 6, 10, 16, 3, 13, 2, 15, 4, 14, 1, 7, 11, 9, 5])
1471
Vecsmall([2, 1, 5, 9, 3, 7, 6, 13, 4, 11, 10, 14, 8, 12, 16, 15])
1481
Vecsmall([1, 2, 3, 4, 5, 6, 7, 8, 9, 10, 11, 12, 13, 14, 15, 16])
1483
Vecsmall([13, 14, 15, 16, 7, 8, 5, 6, 11, 12, 9, 10, 1, 2, 3, 4])
1487
Vecsmall([11, 7, 13, 14, 9, 16, 2, 12, 5, 15, 1, 8, 3, 4, 10, 6])
1489
Vecsmall([7, 11, 9, 5, 13, 2, 16, 3, 14, 1, 15, 4, 12, 8, 6, 10])
1493
Vecsmall([3, 4, 10, 6, 2, 12, 9, 16, 1, 8, 5, 15, 11, 7, 13, 14])
1499
Vecsmall([12, 8, 6, 10, 16, 3, 13, 2, 15, 4, 14, 1, 7, 11, 9, 5])
1511
Vecsmall([2, 1, 5, 9, 3, 7, 6, 13, 4, 11, 10, 14, 8, 12, 16, 15])
1523
Vecsmall([12, 8, 6, 10, 16, 3, 13, 2, 15, 4, 14, 1, 7, 11, 9, 5])
1531
Vecsmall([13, 14, 15, 16, 7, 8, 5, 6, 11, 12, 9, 10, 1, 2, 3, 4])
1543
Vecsmall([2, 1, 5, 9, 3, 7, 6, 13, 4, 11, 10, 14, 8, 12, 16, 15])
1549
Vecsmall([3, 4, 10, 6, 2, 12, 9, 16, 1, 8, 5, 15, 11, 7, 13, 14])
1553
Vecsmall([1, 2, 3, 4, 5, 6, 7, 8, 9, 10, 11, 12, 13, 14, 15, 16])
1559
Vecsmall([11, 7, 13, 14, 9, 16, 2, 12, 5, 15, 1, 8, 3, 4, 10, 6])
1567
Vecsmall([15, 16, 12, 8, 14, 10, 11, 4, 13, 6, 7, 3, 9, 5, 1, 2])
1571
Vecsmall([13, 14, 15, 16, 7, 8, 5, 6, 11, 12, 9, 10, 1, 2, 3, 4])
1579
Vecsmall([4, 3, 2, 1, 10, 9, 12, 11, 6, 5, 8, 7, 16, 15, 14, 13])
1583
Vecsmall([2, 1, 5, 9, 3, 7, 6, 13, 4, 11, 10, 14, 8, 12, 16, 15])
1597
Vecsmall([9, 5, 1, 2, 11, 4, 14, 10, 7, 3, 13, 6, 15, 16, 12, 8])
1601
Vecsmall([16, 15, 14, 13, 12, 11, 10, 9, 8, 7, 6, 5, 4, 3, 2, 1])
1607
Vecsmall([2, 1, 5, 9, 3, 7, 6, 13, 4, 11, 10, 14, 8, 12, 16, 15])
1609
Vecsmall([16, 15, 14, 13, 12, 11, 10, 9, 8, 7, 6, 5, 4, 3, 2, 1])
1613
Vecsmall([8, 12, 16, 15, 6, 13, 3, 7, 10, 14, 4, 11, 2, 1, 5, 9])
1619
Vecsmall([4, 3, 2, 1, 10, 9, 12, 11, 6, 5, 8, 7, 16, 15, 14, 13])
1621
Vecsmall([3, 4, 10, 6, 2, 12, 9, 16, 1, 8, 5, 15, 11, 7, 13, 14])
1627
Vecsmall([12, 8, 6, 10, 16, 3, 13, 2, 15, 4, 14, 1, 7, 11, 9, 5])
1637
Vecsmall([9, 5, 1, 2, 11, 4, 14, 10, 7, 3, 13, 6, 15, 16, 12, 8])
1657
Vecsmall([7, 11, 9, 5, 13, 2, 16, 3, 14, 1, 15, 4, 12, 8, 6, 10])
1663
Vecsmall([15, 16, 12, 8, 14, 10, 11, 4, 13, 6, 7, 3, 9, 5, 1, 2])
1667
Vecsmall([12, 8, 6, 10, 16, 3, 13, 2, 15, 4, 14, 1, 7, 11, 9, 5])
1669
Vecsmall([3, 4, 10, 6, 2, 12, 9, 16, 1, 8, 5, 15, 11, 7, 13, 14])
1693
Vecsmall([3, 4, 10, 6, 2, 12, 9, 16, 1, 8, 5, 15, 11, 7, 13, 14])
1697
Vecsmall([10, 6, 8, 12, 4, 15, 1, 14, 3, 16, 2, 13, 5, 9, 11, 7])
1699
Vecsmall([13, 14, 15, 16, 7, 8, 5, 6, 11, 12, 9, 10, 1, 2, 3, 4])
1709
Vecsmall([14, 13, 7, 11, 15, 5, 8, 1, 16, 9, 12, 2, 6, 10, 4, 3])
1721
Vecsmall([16, 15, 14, 13, 12, 11, 10, 9, 8, 7, 6, 5, 4, 3, 2, 1])
1723
Vecsmall([12, 8, 6, 10, 16, 3, 13, 2, 15, 4, 14, 1, 7, 11, 9, 5])
1733
Vecsmall([3, 4, 10, 6, 2, 12, 9, 16, 1, 8, 5, 15, 11, 7, 13, 14])
1741
Vecsmall([3, 4, 10, 6, 2, 12, 9, 16, 1, 8, 5, 15, 11, 7, 13, 14])
1747
Vecsmall([12, 8, 6, 10, 16, 3, 13, 2, 15, 4, 14, 1, 7, 11, 9, 5])
1753
Vecsmall([1, 2, 3, 4, 5, 6, 7, 8, 9, 10, 11, 12, 13, 14, 15, 16])
1759
Vecsmall([2, 1, 5, 9, 3, 7, 6, 13, 4, 11, 10, 14, 8, 12, 16, 15])
1777
Vecsmall([1, 2, 3, 4, 5, 6, 7, 8, 9, 10, 11, 12, 13, 14, 15, 16])
1783
Vecsmall([2, 1, 5, 9, 3, 7, 6, 13, 4, 11, 10, 14, 8, 12, 16, 15])
1787
Vecsmall([4, 3, 2, 1, 10, 9, 12, 11, 6, 5, 8, 7, 16, 15, 14, 13])
1789
Vecsmall([8, 12, 16, 15, 6, 13, 3, 7, 10, 14, 4, 11, 2, 1, 5, 9])
1801
Vecsmall([16, 15, 14, 13, 12, 11, 10, 9, 8, 7, 6, 5, 4, 3, 2, 1])
1811
Vecsmall([12, 8, 6, 10, 16, 3, 13, 2, 15, 4, 14, 1, 7, 11, 9, 5])
1823
Vecsmall([11, 7, 13, 14, 9, 16, 2, 12, 5, 15, 1, 8, 3, 4, 10, 6])
1831
Vecsmall([11, 7, 13, 14, 9, 16, 2, 12, 5, 15, 1, 8, 3, 4, 10, 6])
1847
Vecsmall([15, 16, 12, 8, 14, 10, 11, 4, 13, 6, 7, 3, 9, 5, 1, 2])
1861
Vecsmall([14, 13, 7, 11, 15, 5, 8, 1, 16, 9, 12, 2, 6, 10, 4, 3])
1867
Vecsmall([13, 14, 15, 16, 7, 8, 5, 6, 11, 12, 9, 10, 1, 2, 3, 4])
1871
Vecsmall([2, 1, 5, 9, 3, 7, 6, 13, 4, 11, 10, 14, 8, 12, 16, 15])
1873
Vecsmall([10, 6, 8, 12, 4, 15, 1, 14, 3, 16, 2, 13, 5, 9, 11, 7])
1877
Vecsmall([14, 13, 7, 11, 15, 5, 8, 1, 16, 9, 12, 2, 6, 10, 4, 3])
1879
Vecsmall([11, 7, 13, 14, 9, 16, 2, 12, 5, 15, 1, 8, 3, 4, 10, 6])
1889
Vecsmall([16, 15, 14, 13, 12, 11, 10, 9, 8, 7, 6, 5, 4, 3, 2, 1])
1901
Vecsmall([8, 12, 16, 15, 6, 13, 3, 7, 10, 14, 4, 11, 2, 1, 5, 9])
1907
Vecsmall([13, 14, 15, 16, 7, 8, 5, 6, 11, 12, 9, 10, 1, 2, 3, 4])
1913
Vecsmall([16, 15, 14, 13, 12, 11, 10, 9, 8, 7, 6, 5, 4, 3, 2, 1])
1931
Vecsmall([13, 14, 15, 16, 7, 8, 5, 6, 11, 12, 9, 10, 1, 2, 3, 4])
1933
Vecsmall([14, 13, 7, 11, 15, 5, 8, 1, 16, 9, 12, 2, 6, 10, 4, 3])
1949
Vecsmall([14, 13, 7, 11, 15, 5, 8, 1, 16, 9, 12, 2, 6, 10, 4, 3])
1951
Vecsmall([15, 16, 12, 8, 14, 10, 11, 4, 13, 6, 7, 3, 9, 5, 1, 2])
1973
Vecsmall([9, 5, 1, 2, 11, 4, 14, 10, 7, 3, 13, 6, 15, 16, 12, 8])
1979
Vecsmall([4, 3, 2, 1, 10, 9, 12, 11, 6, 5, 8, 7, 16, 15, 14, 13])
1987
Vecsmall([13, 14, 15, 16, 7, 8, 5, 6, 11, 12, 9, 10, 1, 2, 3, 4])
1993
Vecsmall([10, 6, 8, 12, 4, 15, 1, 14, 3, 16, 2, 13, 5, 9, 11, 7])
1997
Vecsmall([3, 4, 10, 6, 2, 12, 9, 16, 1, 8, 5, 15, 11, 7, 13, 14])
1999
Vecsmall([2, 1, 5, 9, 3, 7, 6, 13, 4, 11, 10, 14, 8, 12, 16, 15])
2003
Vecsmall([13, 14, 15, 16, 7, 8, 5, 6, 11, 12, 9, 10, 1, 2, 3, 4])
2011
Vecsmall([13, 14, 15, 16, 7, 8, 5, 6, 11, 12, 9, 10, 1, 2, 3, 4])
2017
Vecsmall([10, 6, 8, 12, 4, 15, 1, 14, 3, 16, 2, 13, 5, 9, 11, 7])
2027
Vecsmall([12, 8, 6, 10, 16, 3, 13, 2, 15, 4, 14, 1, 7, 11, 9, 5])
2029
Vecsmall([9, 5, 1, 2, 11, 4, 14, 10, 7, 3, 13, 6, 15, 16, 12, 8])
2039
Vecsmall([15, 16, 12, 8, 14, 10, 11, 4, 13, 6, 7, 3, 9, 5, 1, 2])
2053
Vecsmall([3, 4, 10, 6, 2, 12, 9, 16, 1, 8, 5, 15, 11, 7, 13, 14])
2063
Vecsmall([11, 7, 13, 14, 9, 16, 2, 12, 5, 15, 1, 8, 3, 4, 10, 6])
2069
Vecsmall([3, 4, 10, 6, 2, 12, 9, 16, 1, 8, 5, 15, 11, 7, 13, 14])
2081
Vecsmall([7, 11, 9, 5, 13, 2, 16, 3, 14, 1, 15, 4, 12, 8, 6, 10])
2083
Vecsmall([12, 8, 6, 10, 16, 3, 13, 2, 15, 4, 14, 1, 7, 11, 9, 5])
2087
Vecsmall([15, 16, 12, 8, 14, 10, 11, 4, 13, 6, 7, 3, 9, 5, 1, 2])
2089
Vecsmall([16, 15, 14, 13, 12, 11, 10, 9, 8, 7, 6, 5, 4, 3, 2, 1])
2099
Vecsmall([12, 8, 6, 10, 16, 3, 13, 2, 15, 4, 14, 1, 7, 11, 9, 5])
2111
Vecsmall([2, 1, 5, 9, 3, 7, 6, 13, 4, 11, 10, 14, 8, 12, 16, 15])
2113
Vecsmall([1, 2, 3, 4, 5, 6, 7, 8, 9, 10, 11, 12, 13, 14, 15, 16])
2129
Vecsmall([16, 15, 14, 13, 12, 11, 10, 9, 8, 7, 6, 5, 4, 3, 2, 1])
2131
Vecsmall([4, 3, 2, 1, 10, 9, 12, 11, 6, 5, 8, 7, 16, 15, 14, 13])
2137
Vecsmall([7, 11, 9, 5, 13, 2, 16, 3, 14, 1, 15, 4, 12, 8, 6, 10])
2141
Vecsmall([9, 5, 1, 2, 11, 4, 14, 10, 7, 3, 13, 6, 15, 16, 12, 8])
2143
Vecsmall([11, 7, 13, 14, 9, 16, 2, 12, 5, 15, 1, 8, 3, 4, 10, 6])
2153
Vecsmall([7, 11, 9, 5, 13, 2, 16, 3, 14, 1, 15, 4, 12, 8, 6, 10])
2161
Vecsmall([7, 11, 9, 5, 13, 2, 16, 3, 14, 1, 15, 4, 12, 8, 6, 10])
2179
Vecsmall([4, 3, 2, 1, 10, 9, 12, 11, 6, 5, 8, 7, 16, 15, 14, 13])
2203
Vecsmall([4, 3, 2, 1, 10, 9, 12, 11, 6, 5, 8, 7, 16, 15, 14, 13])
2207
Vecsmall([15, 16, 12, 8, 14, 10, 11, 4, 13, 6, 7, 3, 9, 5, 1, 2])
2213
Vecsmall([14, 13, 7, 11, 15, 5, 8, 1, 16, 9, 12, 2, 6, 10, 4, 3])
2221
Vecsmall([9, 5, 1, 2, 11, 4, 14, 10, 7, 3, 13, 6, 15, 16, 12, 8])
2237
Vecsmall([9, 5, 1, 2, 11, 4, 14, 10, 7, 3, 13, 6, 15, 16, 12, 8])
2239
Vecsmall([2, 1, 5, 9, 3, 7, 6, 13, 4, 11, 10, 14, 8, 12, 16, 15])
2243
Vecsmall([12, 8, 6, 10, 16, 3, 13, 2, 15, 4, 14, 1, 7, 11, 9, 5])
2251
Vecsmall([13, 14, 15, 16, 7, 8, 5, 6, 11, 12, 9, 10, 1, 2, 3, 4])
2267
Vecsmall([4, 3, 2, 1, 10, 9, 12, 11, 6, 5, 8, 7, 16, 15, 14, 13])
2269
Vecsmall([3, 4, 10, 6, 2, 12, 9, 16, 1, 8, 5, 15, 11, 7, 13, 14])
2273
Vecsmall([16, 15, 14, 13, 12, 11, 10, 9, 8, 7, 6, 5, 4, 3, 2, 1])
2281
Vecsmall([1, 2, 3, 4, 5, 6, 7, 8, 9, 10, 11, 12, 13, 14, 15, 16])
2287
Vecsmall([11, 7, 13, 14, 9, 16, 2, 12, 5, 15, 1, 8, 3, 4, 10, 6])
2293
Vecsmall([9, 5, 1, 2, 11, 4, 14, 10, 7, 3, 13, 6, 15, 16, 12, 8])
2297
Vecsmall([7, 11, 9, 5, 13, 2, 16, 3, 14, 1, 15, 4, 12, 8, 6, 10])
2309
Vecsmall([9, 5, 1, 2, 11, 4, 14, 10, 7, 3, 13, 6, 15, 16, 12, 8])
2311
Vecsmall([15, 16, 12, 8, 14, 10, 11, 4, 13, 6, 7, 3, 9, 5, 1, 2])
2333
Vecsmall([8, 12, 16, 15, 6, 13, 3, 7, 10, 14, 4, 11, 2, 1, 5, 9])
2339
Vecsmall([4, 3, 2, 1, 10, 9, 12, 11, 6, 5, 8, 7, 16, 15, 14, 13])
2341
Vecsmall([8, 12, 16, 15, 6, 13, 3, 7, 10, 14, 4, 11, 2, 1, 5, 9])
2347
Vecsmall([4, 3, 2, 1, 10, 9, 12, 11, 6, 5, 8, 7, 16, 15, 14, 13])
2351
Vecsmall([11, 7, 13, 14, 9, 16, 2, 12, 5, 15, 1, 8, 3, 4, 10, 6])
2357
Vecsmall([3, 4, 10, 6, 2, 12, 9, 16, 1, 8, 5, 15, 11, 7, 13, 14])
2371
Vecsmall([4, 3, 2, 1, 10, 9, 12, 11, 6, 5, 8, 7, 16, 15, 14, 13])
2377
Vecsmall([7, 11, 9, 5, 13, 2, 16, 3, 14, 1, 15, 4, 12, 8, 6, 10])
2381
Vecsmall([9, 5, 1, 2, 11, 4, 14, 10, 7, 3, 13, 6, 15, 16, 12, 8])
2383
Vecsmall([15, 16, 12, 8, 14, 10, 11, 4, 13, 6, 7, 3, 9, 5, 1, 2])
2389
Vecsmall([9, 5, 1, 2, 11, 4, 14, 10, 7, 3, 13, 6, 15, 16, 12, 8])
2393
Vecsmall([1, 2, 3, 4, 5, 6, 7, 8, 9, 10, 11, 12, 13, 14, 15, 16])
2399
Vecsmall([11, 7, 13, 14, 9, 16, 2, 12, 5, 15, 1, 8, 3, 4, 10, 6])
2411
Vecsmall([12, 8, 6, 10, 16, 3, 13, 2, 15, 4, 14, 1, 7, 11, 9, 5])
2417
Vecsmall([7, 11, 9, 5, 13, 2, 16, 3, 14, 1, 15, 4, 12, 8, 6, 10])
2423
Vecsmall([15, 16, 12, 8, 14, 10, 11, 4, 13, 6, 7, 3, 9, 5, 1, 2])
2437
Vecsmall([3, 4, 10, 6, 2, 12, 9, 16, 1, 8, 5, 15, 11, 7, 13, 14])
2441
Vecsmall([16, 15, 14, 13, 12, 11, 10, 9, 8, 7, 6, 5, 4, 3, 2, 1])
2447
Vecsmall([2, 1, 5, 9, 3, 7, 6, 13, 4, 11, 10, 14, 8, 12, 16, 15])
2459
Vecsmall([13, 14, 15, 16, 7, 8, 5, 6, 11, 12, 9, 10, 1, 2, 3, 4])
2467
Vecsmall([4, 3, 2, 1, 10, 9, 12, 11, 6, 5, 8, 7, 16, 15, 14, 13])
2473
Vecsmall([1, 2, 3, 4, 5, 6, 7, 8, 9, 10, 11, 12, 13, 14, 15, 16])
2477
Vecsmall([3, 4, 10, 6, 2, 12, 9, 16, 1, 8, 5, 15, 11, 7, 13, 14])
2503
Vecsmall([2, 1, 5, 9, 3, 7, 6, 13, 4, 11, 10, 14, 8, 12, 16, 15])
2521
Vecsmall([7, 11, 9, 5, 13, 2, 16, 3, 14, 1, 15, 4, 12, 8, 6, 10])
2531
Vecsmall([13, 14, 15, 16, 7, 8, 5, 6, 11, 12, 9, 10, 1, 2, 3, 4])
2539
Vecsmall([4, 3, 2, 1, 10, 9, 12, 11, 6, 5, 8, 7, 16, 15, 14, 13])
2543
Vecsmall([11, 7, 13, 14, 9, 16, 2, 12, 5, 15, 1, 8, 3, 4, 10, 6])
2549
Vecsmall([8, 12, 16, 15, 6, 13, 3, 7, 10, 14, 4, 11, 2, 1, 5, 9])
2551
Vecsmall([15, 16, 12, 8, 14, 10, 11, 4, 13, 6, 7, 3, 9, 5, 1, 2])
2557
Vecsmall([3, 4, 10, 6, 2, 12, 9, 16, 1, 8, 5, 15, 11, 7, 13, 14])
2579
Vecsmall([12, 8, 6, 10, 16, 3, 13, 2, 15, 4, 14, 1, 7, 11, 9, 5])
2591
Vecsmall([15, 16, 12, 8, 14, 10, 11, 4, 13, 6, 7, 3, 9, 5, 1, 2])
2593
Vecsmall([1, 2, 3, 4, 5, 6, 7, 8, 9, 10, 11, 12, 13, 14, 15, 16])
2609
Vecsmall([10, 6, 8, 12, 4, 15, 1, 14, 3, 16, 2, 13, 5, 9, 11, 7])
2617
Vecsmall([10, 6, 8, 12, 4, 15, 1, 14, 3, 16, 2, 13, 5, 9, 11, 7])
2621
Vecsmall([9, 5, 1, 2, 11, 4, 14, 10, 7, 3, 13, 6, 15, 16, 12, 8])
2633
Vecsmall([10, 6, 8, 12, 4, 15, 1, 14, 3, 16, 2, 13, 5, 9, 11, 7])
2647
Vecsmall([2, 1, 5, 9, 3, 7, 6, 13, 4, 11, 10, 14, 8, 12, 16, 15])
2657
Vecsmall([1, 2, 3, 4, 5, 6, 7, 8, 9, 10, 11, 12, 13, 14, 15, 16])
2659
Vecsmall([12, 8, 6, 10, 16, 3, 13, 2, 15, 4, 14, 1, 7, 11, 9, 5])
2663
Vecsmall([11, 7, 13, 14, 9, 16, 2, 12, 5, 15, 1, 8, 3, 4, 10, 6])
2671
Vecsmall([15, 16, 12, 8, 14, 10, 11, 4, 13, 6, 7, 3, 9, 5, 1, 2])
2677
Vecsmall([14, 13, 7, 11, 15, 5, 8, 1, 16, 9, 12, 2, 6, 10, 4, 3])
2683
Vecsmall([13, 14, 15, 16, 7, 8, 5, 6, 11, 12, 9, 10, 1, 2, 3, 4])
2687
Vecsmall([15, 16, 12, 8, 14, 10, 11, 4, 13, 6, 7, 3, 9, 5, 1, 2])
2689
Vecsmall([16, 15, 14, 13, 12, 11, 10, 9, 8, 7, 6, 5, 4, 3, 2, 1])
2693
Vecsmall([9, 5, 1, 2, 11, 4, 14, 10, 7, 3, 13, 6, 15, 16, 12, 8])
2699
Vecsmall([12, 8, 6, 10, 16, 3, 13, 2, 15, 4, 14, 1, 7, 11, 9, 5])
2707
Vecsmall([4, 3, 2, 1, 10, 9, 12, 11, 6, 5, 8, 7, 16, 15, 14, 13])
2711
Vecsmall([15, 16, 12, 8, 14, 10, 11, 4, 13, 6, 7, 3, 9, 5, 1, 2])
2713
Vecsmall([7, 11, 9, 5, 13, 2, 16, 3, 14, 1, 15, 4, 12, 8, 6, 10])
2719
Vecsmall([2, 1, 5, 9, 3, 7, 6, 13, 4, 11, 10, 14, 8, 12, 16, 15])
2729
Vecsmall([10, 6, 8, 12, 4, 15, 1, 14, 3, 16, 2, 13, 5, 9, 11, 7])
2731
Vecsmall([4, 3, 2, 1, 10, 9, 12, 11, 6, 5, 8, 7, 16, 15, 14, 13])
2741
Vecsmall([8, 12, 16, 15, 6, 13, 3, 7, 10, 14, 4, 11, 2, 1, 5, 9])
2749
Vecsmall([9, 5, 1, 2, 11, 4, 14, 10, 7, 3, 13, 6, 15, 16, 12, 8])
2753
Vecsmall([7, 11, 9, 5, 13, 2, 16, 3, 14, 1, 15, 4, 12, 8, 6, 10])
2767
Vecsmall([11, 7, 13, 14, 9, 16, 2, 12, 5, 15, 1, 8, 3, 4, 10, 6])
2777
Vecsmall([10, 6, 8, 12, 4, 15, 1, 14, 3, 16, 2, 13, 5, 9, 11, 7])
2789
Vecsmall([14, 13, 7, 11, 15, 5, 8, 1, 16, 9, 12, 2, 6, 10, 4, 3])
2791
Vecsmall([2, 1, 5, 9, 3, 7, 6, 13, 4, 11, 10, 14, 8, 12, 16, 15])
2797
Vecsmall([3, 4, 10, 6, 2, 12, 9, 16, 1, 8, 5, 15, 11, 7, 13, 14])
2801
Vecsmall([10, 6, 8, 12, 4, 15, 1, 14, 3, 16, 2, 13, 5, 9, 11, 7])
2803
Vecsmall([4, 3, 2, 1, 10, 9, 12, 11, 6, 5, 8, 7, 16, 15, 14, 13])
2819
Vecsmall([13, 14, 15, 16, 7, 8, 5, 6, 11, 12, 9, 10, 1, 2, 3, 4])
2833
Vecsmall([1, 2, 3, 4, 5, 6, 7, 8, 9, 10, 11, 12, 13, 14, 15, 16])
2837
Vecsmall([8, 12, 16, 15, 6, 13, 3, 7, 10, 14, 4, 11, 2, 1, 5, 9])
2843
Vecsmall([12, 8, 6, 10, 16, 3, 13, 2, 15, 4, 14, 1, 7, 11, 9, 5])
2851
Vecsmall([4, 3, 2, 1, 10, 9, 12, 11, 6, 5, 8, 7, 16, 15, 14, 13])
2857
Vecsmall([1, 2, 3, 4, 5, 6, 7, 8, 9, 10, 11, 12, 13, 14, 15, 16])
2861
Vecsmall([9, 5, 1, 2, 11, 4, 14, 10, 7, 3, 13, 6, 15, 16, 12, 8])
2879
Vecsmall([2, 1, 5, 9, 3, 7, 6, 13, 4, 11, 10, 14, 8, 12, 16, 15])
2887
Vecsmall([11, 7, 13, 14, 9, 16, 2, 12, 5, 15, 1, 8, 3, 4, 10, 6])
2897
Vecsmall([7, 11, 9, 5, 13, 2, 16, 3, 14, 1, 15, 4, 12, 8, 6, 10])
2903
Vecsmall([11, 7, 13, 14, 9, 16, 2, 12, 5, 15, 1, 8, 3, 4, 10, 6])
2909
Vecsmall([8, 12, 16, 15, 6, 13, 3, 7, 10, 14, 4, 11, 2, 1, 5, 9])
2917
Vecsmall([9, 5, 1, 2, 11, 4, 14, 10, 7, 3, 13, 6, 15, 16, 12, 8])
2927
Vecsmall([15, 16, 12, 8, 14, 10, 11, 4, 13, 6, 7, 3, 9, 5, 1, 2])
2939
Vecsmall([13, 14, 15, 16, 7, 8, 5, 6, 11, 12, 9, 10, 1, 2, 3, 4])
2953
Vecsmall([7, 11, 9, 5, 13, 2, 16, 3, 14, 1, 15, 4, 12, 8, 6, 10])
2957
Vecsmall([9, 5, 1, 2, 11, 4, 14, 10, 7, 3, 13, 6, 15, 16, 12, 8])
2963
Vecsmall([13, 14, 15, 16, 7, 8, 5, 6, 11, 12, 9, 10, 1, 2, 3, 4])
2969
Vecsmall([16, 15, 14, 13, 12, 11, 10, 9, 8, 7, 6, 5, 4, 3, 2, 1])
2971
Vecsmall([4, 3, 2, 1, 10, 9, 12, 11, 6, 5, 8, 7, 16, 15, 14, 13])
2999
Vecsmall([2, 1, 5, 9, 3, 7, 6, 13, 4, 11, 10, 14, 8, 12, 16, 15])
3001
Vecsmall([7, 11, 9, 5, 13, 2, 16, 3, 14, 1, 15, 4, 12, 8, 6, 10])
3011
Vecsmall([13, 14, 15, 16, 7, 8, 5, 6, 11, 12, 9, 10, 1, 2, 3, 4])
3019
Vecsmall([13, 14, 15, 16, 7, 8, 5, 6, 11, 12, 9, 10, 1, 2, 3, 4])
3023
Vecsmall([11, 7, 13, 14, 9, 16, 2, 12, 5, 15, 1, 8, 3, 4, 10, 6])
3037
Vecsmall([14, 13, 7, 11, 15, 5, 8, 1, 16, 9, 12, 2, 6, 10, 4, 3])
3041
Vecsmall([10, 6, 8, 12, 4, 15, 1, 14, 3, 16, 2, 13, 5, 9, 11, 7])
3049
Vecsmall([1, 2, 3, 4, 5, 6, 7, 8, 9, 10, 11, 12, 13, 14, 15, 16])
3061
Vecsmall([9, 5, 1, 2, 11, 4, 14, 10, 7, 3, 13, 6, 15, 16, 12, 8])
3067
Vecsmall([13, 14, 15, 16, 7, 8, 5, 6, 11, 12, 9, 10, 1, 2, 3, 4])
3079
Vecsmall([11, 7, 13, 14, 9, 16, 2, 12, 5, 15, 1, 8, 3, 4, 10, 6])
3083
Vecsmall([12, 8, 6, 10, 16, 3, 13, 2, 15, 4, 14, 1, 7, 11, 9, 5])
3089
Vecsmall([16, 15, 14, 13, 12, 11, 10, 9, 8, 7, 6, 5, 4, 3, 2, 1])
3109
Vecsmall([14, 13, 7, 11, 15, 5, 8, 1, 16, 9, 12, 2, 6, 10, 4, 3])
3119
Vecsmall([2, 1, 5, 9, 3, 7, 6, 13, 4, 11, 10, 14, 8, 12, 16, 15])
3121
Vecsmall([16, 15, 14, 13, 12, 11, 10, 9, 8, 7, 6, 5, 4, 3, 2, 1])
3137
Vecsmall([16, 15, 14, 13, 12, 11, 10, 9, 8, 7, 6, 5, 4, 3, 2, 1])
3163
Vecsmall([12, 8, 6, 10, 16, 3, 13, 2, 15, 4, 14, 1, 7, 11, 9, 5])
3167
Vecsmall([11, 7, 13, 14, 9, 16, 2, 12, 5, 15, 1, 8, 3, 4, 10, 6])
3169
Vecsmall([7, 11, 9, 5, 13, 2, 16, 3, 14, 1, 15, 4, 12, 8, 6, 10])
3181
Vecsmall([9, 5, 1, 2, 11, 4, 14, 10, 7, 3, 13, 6, 15, 16, 12, 8])
3187
Vecsmall([13, 14, 15, 16, 7, 8, 5, 6, 11, 12, 9, 10, 1, 2, 3, 4])
3191
Vecsmall([15, 16, 12, 8, 14, 10, 11, 4, 13, 6, 7, 3, 9, 5, 1, 2])
3203
Vecsmall([13, 14, 15, 16, 7, 8, 5, 6, 11, 12, 9, 10, 1, 2, 3, 4])
3209
Vecsmall([7, 11, 9, 5, 13, 2, 16, 3, 14, 1, 15, 4, 12, 8, 6, 10])
3217
Vecsmall([16, 15, 14, 13, 12, 11, 10, 9, 8, 7, 6, 5, 4, 3, 2, 1])
3221
Vecsmall([8, 12, 16, 15, 6, 13, 3, 7, 10, 14, 4, 11, 2, 1, 5, 9])
3229
Vecsmall([9, 5, 1, 2, 11, 4, 14, 10, 7, 3, 13, 6, 15, 16, 12, 8])
3251
Vecsmall([12, 8, 6, 10, 16, 3, 13, 2, 15, 4, 14, 1, 7, 11, 9, 5])
3253
Vecsmall([8, 12, 16, 15, 6, 13, 3, 7, 10, 14, 4, 11, 2, 1, 5, 9])
3257
Vecsmall([16, 15, 14, 13, 12, 11, 10, 9, 8, 7, 6, 5, 4, 3, 2, 1])
3259
Vecsmall([13, 14, 15, 16, 7, 8, 5, 6, 11, 12, 9, 10, 1, 2, 3, 4])
3271
Vecsmall([11, 7, 13, 14, 9, 16, 2, 12, 5, 15, 1, 8, 3, 4, 10, 6])
3299
Vecsmall([4, 3, 2, 1, 10, 9, 12, 11, 6, 5, 8, 7, 16, 15, 14, 13])
3301
Vecsmall([14, 13, 7, 11, 15, 5, 8, 1, 16, 9, 12, 2, 6, 10, 4, 3])
3307
Vecsmall([4, 3, 2, 1, 10, 9, 12, 11, 6, 5, 8, 7, 16, 15, 14, 13])
3313
Vecsmall([16, 15, 14, 13, 12, 11, 10, 9, 8, 7, 6, 5, 4, 3, 2, 1])
3319
Vecsmall([15, 16, 12, 8, 14, 10, 11, 4, 13, 6, 7, 3, 9, 5, 1, 2])
3323
Vecsmall([5, 9, 11, 7, 1, 14, 4, 15, 2, 13, 3, 16, 10, 6, 8, 12])
3329
Vecsmall([7, 11, 9, 5, 13, 2, 16, 3, 14, 1, 15, 4, 12, 8, 6, 10])
3331
Vecsmall([13, 14, 15, 16, 7, 8, 5, 6, 11, 12, 9, 10, 1, 2, 3, 4])
3343
Vecsmall([2, 1, 5, 9, 3, 7, 6, 13, 4, 11, 10, 14, 8, 12, 16, 15])
3347
Vecsmall([12, 8, 6, 10, 16, 3, 13, 2, 15, 4, 14, 1, 7, 11, 9, 5])
3359
Vecsmall([11, 7, 13, 14, 9, 16, 2, 12, 5, 15, 1, 8, 3, 4, 10, 6])
3361
Vecsmall([16, 15, 14, 13, 12, 11, 10, 9, 8, 7, 6, 5, 4, 3, 2, 1])
3371
Vecsmall([13, 14, 15, 16, 7, 8, 5, 6, 11, 12, 9, 10, 1, 2, 3, 4])
3373
Vecsmall([14, 13, 7, 11, 15, 5, 8, 1, 16, 9, 12, 2, 6, 10, 4, 3])
3389
Vecsmall([14, 13, 7, 11, 15, 5, 8, 1, 16, 9, 12, 2, 6, 10, 4, 3])
3391
Vecsmall([2, 1, 5, 9, 3, 7, 6, 13, 4, 11, 10, 14, 8, 12, 16, 15])
3407
Vecsmall([15, 16, 12, 8, 14, 10, 11, 4, 13, 6, 7, 3, 9, 5, 1, 2])
3413
Vecsmall([3, 4, 10, 6, 2, 12, 9, 16, 1, 8, 5, 15, 11, 7, 13, 14])
3433
Vecsmall([10, 6, 8, 12, 4, 15, 1, 14, 3, 16, 2, 13, 5, 9, 11, 7])
3449
Vecsmall([16, 15, 14, 13, 12, 11, 10, 9, 8, 7, 6, 5, 4, 3, 2, 1])
3457
Vecsmall([10, 6, 8, 12, 4, 15, 1, 14, 3, 16, 2, 13, 5, 9, 11, 7])
3461
Vecsmall([14, 13, 7, 11, 15, 5, 8, 1, 16, 9, 12, 2, 6, 10, 4, 3])
3463
Vecsmall([2, 1, 5, 9, 3, 7, 6, 13, 4, 11, 10, 14, 8, 12, 16, 15])
3467
Vecsmall([13, 14, 15, 16, 7, 8, 5, 6, 11, 12, 9, 10, 1, 2, 3, 4])
3469
Vecsmall([8, 12, 16, 15, 6, 13, 3, 7, 10, 14, 4, 11, 2, 1, 5, 9])
3491
Vecsmall([13, 14, 15, 16, 7, 8, 5, 6, 11, 12, 9, 10, 1, 2, 3, 4])
3499
Vecsmall([13, 14, 15, 16, 7, 8, 5, 6, 11, 12, 9, 10, 1, 2, 3, 4])
3511
Vecsmall([15, 16, 12, 8, 14, 10, 11, 4, 13, 6, 7, 3, 9, 5, 1, 2])
3517
Vecsmall([14, 13, 7, 11, 15, 5, 8, 1, 16, 9, 12, 2, 6, 10, 4, 3])
3527
Vecsmall([15, 16, 12, 8, 14, 10, 11, 4, 13, 6, 7, 3, 9, 5, 1, 2])
3529
Vecsmall([1, 2, 3, 4, 5, 6, 7, 8, 9, 10, 11, 12, 13, 14, 15, 16])
3533
Vecsmall([8, 12, 16, 15, 6, 13, 3, 7, 10, 14, 4, 11, 2, 1, 5, 9])
3539
Vecsmall([4, 3, 2, 1, 10, 9, 12, 11, 6, 5, 8, 7, 16, 15, 14, 13])
3541
Vecsmall([3, 4, 10, 6, 2, 12, 9, 16, 1, 8, 5, 15, 11, 7, 13, 14])
3547
Vecsmall([4, 3, 2, 1, 10, 9, 12, 11, 6, 5, 8, 7, 16, 15, 14, 13])
3557
Vecsmall([8, 12, 16, 15, 6, 13, 3, 7, 10, 14, 4, 11, 2, 1, 5, 9])
3559
Vecsmall([11, 7, 13, 14, 9, 16, 2, 12, 5, 15, 1, 8, 3, 4, 10, 6])
3571
Vecsmall([13, 14, 15, 16, 7, 8, 5, 6, 11, 12, 9, 10, 1, 2, 3, 4])
3581
Vecsmall([14, 13, 7, 11, 15, 5, 8, 1, 16, 9, 12, 2, 6, 10, 4, 3])
3583
Vecsmall([15, 16, 12, 8, 14, 10, 11, 4, 13, 6, 7, 3, 9, 5, 1, 2])
3593
Vecsmall([10, 6, 8, 12, 4, 15, 1, 14, 3, 16, 2, 13, 5, 9, 11, 7])
3607
Vecsmall([15, 16, 12, 8, 14, 10, 11, 4, 13, 6, 7, 3, 9, 5, 1, 2])
3613
Vecsmall([8, 12, 16, 15, 6, 13, 3, 7, 10, 14, 4, 11, 2, 1, 5, 9])
3617
Vecsmall([7, 11, 9, 5, 13, 2, 16, 3, 14, 1, 15, 4, 12, 8, 6, 10])
3623
Vecsmall([2, 1, 5, 9, 3, 7, 6, 13, 4, 11, 10, 14, 8, 12, 16, 15])
3631
Vecsmall([15, 16, 12, 8, 14, 10, 11, 4, 13, 6, 7, 3, 9, 5, 1, 2])
3637
Vecsmall([14, 13, 7, 11, 15, 5, 8, 1, 16, 9, 12, 2, 6, 10, 4, 3])
3643
Vecsmall([4, 3, 2, 1, 10, 9, 12, 11, 6, 5, 8, 7, 16, 15, 14, 13])
3659
Vecsmall([4, 3, 2, 1, 10, 9, 12, 11, 6, 5, 8, 7, 16, 15, 14, 13])
3671
Vecsmall([15, 16, 12, 8, 14, 10, 11, 4, 13, 6, 7, 3, 9, 5, 1, 2])
3673
Vecsmall([1, 2, 3, 4, 5, 6, 7, 8, 9, 10, 11, 12, 13, 14, 15, 16])
3677
Vecsmall([3, 4, 10, 6, 2, 12, 9, 16, 1, 8, 5, 15, 11, 7, 13, 14])
3691
Vecsmall([4, 3, 2, 1, 10, 9, 12, 11, 6, 5, 8, 7, 16, 15, 14, 13])
3697
Vecsmall([7, 11, 9, 5, 13, 2, 16, 3, 14, 1, 15, 4, 12, 8, 6, 10])
3701
Vecsmall([9, 5, 1, 2, 11, 4, 14, 10, 7, 3, 13, 6, 15, 16, 12, 8])
3709
Vecsmall([9, 5, 1, 2, 11, 4, 14, 10, 7, 3, 13, 6, 15, 16, 12, 8])
3719
Vecsmall([11, 7, 13, 14, 9, 16, 2, 12, 5, 15, 1, 8, 3, 4, 10, 6])
3727
Vecsmall([11, 7, 13, 14, 9, 16, 2, 12, 5, 15, 1, 8, 3, 4, 10, 6])
3733
Vecsmall([9, 5, 1, 2, 11, 4, 14, 10, 7, 3, 13, 6, 15, 16, 12, 8])
3739
Vecsmall([13, 14, 15, 16, 7, 8, 5, 6, 11, 12, 9, 10, 1, 2, 3, 4])
3761
Vecsmall([16, 15, 14, 13, 12, 11, 10, 9, 8, 7, 6, 5, 4, 3, 2, 1])
3767
Vecsmall([11, 7, 13, 14, 9, 16, 2, 12, 5, 15, 1, 8, 3, 4, 10, 6])
3769
Vecsmall([10, 6, 8, 12, 4, 15, 1, 14, 3, 16, 2, 13, 5, 9, 11, 7])
3779
Vecsmall([12, 8, 6, 10, 16, 3, 13, 2, 15, 4, 14, 1, 7, 11, 9, 5])
3793
Vecsmall([7, 11, 9, 5, 13, 2, 16, 3, 14, 1, 15, 4, 12, 8, 6, 10])
3797
Vecsmall([14, 13, 7, 11, 15, 5, 8, 1, 16, 9, 12, 2, 6, 10, 4, 3])
3803
Vecsmall([13, 14, 15, 16, 7, 8, 5, 6, 11, 12, 9, 10, 1, 2, 3, 4])
3821
Vecsmall([14, 13, 7, 11, 15, 5, 8, 1, 16, 9, 12, 2, 6, 10, 4, 3])
3823
Vecsmall([15, 16, 12, 8, 14, 10, 11, 4, 13, 6, 7, 3, 9, 5, 1, 2])
3833
Vecsmall([1, 2, 3, 4, 5, 6, 7, 8, 9, 10, 11, 12, 13, 14, 15, 16])
3847
Vecsmall([2, 1, 5, 9, 3, 7, 6, 13, 4, 11, 10, 14, 8, 12, 16, 15])
3851
Vecsmall([13, 14, 15, 16, 7, 8, 5, 6, 11, 12, 9, 10, 1, 2, 3, 4])
3853
Vecsmall([3, 4, 10, 6, 2, 12, 9, 16, 1, 8, 5, 15, 11, 7, 13, 14])
3863
Vecsmall([11, 7, 13, 14, 9, 16, 2, 12, 5, 15, 1, 8, 3, 4, 10, 6])
3877
Vecsmall([9, 5, 1, 2, 11, 4, 14, 10, 7, 3, 13, 6, 15, 16, 12, 8])
3881
Vecsmall([7, 11, 9, 5, 13, 2, 16, 3, 14, 1, 15, 4, 12, 8, 6, 10])
3889
Vecsmall([10, 6, 8, 12, 4, 15, 1, 14, 3, 16, 2, 13, 5, 9, 11, 7])
3907
Vecsmall([4, 3, 2, 1, 10, 9, 12, 11, 6, 5, 8, 7, 16, 15, 14, 13])
3911
Vecsmall([11, 7, 13, 14, 9, 16, 2, 12, 5, 15, 1, 8, 3, 4, 10, 6])
3917
Vecsmall([3, 4, 10, 6, 2, 12, 9, 16, 1, 8, 5, 15, 11, 7, 13, 14])
3919
Vecsmall([15, 16, 12, 8, 14, 10, 11, 4, 13, 6, 7, 3, 9, 5, 1, 2])
3923
Vecsmall([4, 3, 2, 1, 10, 9, 12, 11, 6, 5, 8, 7, 16, 15, 14, 13])
3929
Vecsmall([10, 6, 8, 12, 4, 15, 1, 14, 3, 16, 2, 13, 5, 9, 11, 7])
3931
Vecsmall([13, 14, 15, 16, 7, 8, 5, 6, 11, 12, 9, 10, 1, 2, 3, 4])
3943
Vecsmall([2, 1, 5, 9, 3, 7, 6, 13, 4, 11, 10, 14, 8, 12, 16, 15])
3947
Vecsmall([4, 3, 2, 1, 10, 9, 12, 11, 6, 5, 8, 7, 16, 15, 14, 13])
3967
Vecsmall([11, 7, 13, 14, 9, 16, 2, 12, 5, 15, 1, 8, 3, 4, 10, 6])
3989
Vecsmall([3, 4, 10, 6, 2, 12, 9, 16, 1, 8, 5, 15, 11, 7, 13, 14])
4001
Vecsmall([16, 15, 14, 13, 12, 11, 10, 9, 8, 7, 6, 5, 4, 3, 2, 1])
4003
Vecsmall([12, 8, 6, 10, 16, 3, 13, 2, 15, 4, 14, 1, 7, 11, 9, 5])
4007
Vecsmall([11, 7, 13, 14, 9, 16, 2, 12, 5, 15, 1, 8, 3, 4, 10, 6])
4013
Vecsmall([3, 4, 10, 6, 2, 12, 9, 16, 1, 8, 5, 15, 11, 7, 13, 14])
4019
Vecsmall([4, 3, 2, 1, 10, 9, 12, 11, 6, 5, 8, 7, 16, 15, 14, 13])
4021
Vecsmall([14, 13, 7, 11, 15, 5, 8, 1, 16, 9, 12, 2, 6, 10, 4, 3])
4027
Vecsmall([13, 14, 15, 16, 7, 8, 5, 6, 11, 12, 9, 10, 1, 2, 3, 4])
4049
Vecsmall([1, 2, 3, 4, 5, 6, 7, 8, 9, 10, 11, 12, 13, 14, 15, 16])
4051
Vecsmall([12, 8, 6, 10, 16, 3, 13, 2, 15, 4, 14, 1, 7, 11, 9, 5])
4057
Vecsmall([16, 15, 14, 13, 12, 11, 10, 9, 8, 7, 6, 5, 4, 3, 2, 1])
4073
Vecsmall([7, 11, 9, 5, 13, 2, 16, 3, 14, 1, 15, 4, 12, 8, 6, 10])
4079
Vecsmall([15, 16, 12, 8, 14, 10, 11, 4, 13, 6, 7, 3, 9, 5, 1, 2])
4091
Vecsmall([12, 8, 6, 10, 16, 3, 13, 2, 15, 4, 14, 1, 7, 11, 9, 5])
4093
Vecsmall([14, 13, 7, 11, 15, 5, 8, 1, 16, 9, 12, 2, 6, 10, 4, 3])
4099
Vecsmall([13, 14, 15, 16, 7, 8, 5, 6, 11, 12, 9, 10, 1, 2, 3, 4])
4111
Vecsmall([2, 1, 5, 9, 3, 7, 6, 13, 4, 11, 10, 14, 8, 12, 16, 15])
4127
Vecsmall([11, 7, 13, 14, 9, 16, 2, 12, 5, 15, 1, 8, 3, 4, 10, 6])
4129
Vecsmall([10, 6, 8, 12, 4, 15, 1, 14, 3, 16, 2, 13, 5, 9, 11, 7])
4133
Vecsmall([14, 13, 7, 11, 15, 5, 8, 1, 16, 9, 12, 2, 6, 10, 4, 3])
4139
Vecsmall([13, 14, 15, 16, 7, 8, 5, 6, 11, 12, 9, 10, 1, 2, 3, 4])
4153
Vecsmall([1, 2, 3, 4, 5, 6, 7, 8, 9, 10, 11, 12, 13, 14, 15, 16])
4157
Vecsmall([8, 12, 16, 15, 6, 13, 3, 7, 10, 14, 4, 11, 2, 1, 5, 9])
4159
Vecsmall([2, 1, 5, 9, 3, 7, 6, 13, 4, 11, 10, 14, 8, 12, 16, 15])
4177
Vecsmall([1, 2, 3, 4, 5, 6, 7, 8, 9, 10, 11, 12, 13, 14, 15, 16])
4201
Vecsmall([16, 15, 14, 13, 12, 11, 10, 9, 8, 7, 6, 5, 4, 3, 2, 1])
4211
Vecsmall([4, 3, 2, 1, 10, 9, 12, 11, 6, 5, 8, 7, 16, 15, 14, 13])
4217
Vecsmall([1, 2, 3, 4, 5, 6, 7, 8, 9, 10, 11, 12, 13, 14, 15, 16])
4219
Vecsmall([4, 3, 2, 1, 10, 9, 12, 11, 6, 5, 8, 7, 16, 15, 14, 13])
4229
Vecsmall([14, 13, 7, 11, 15, 5, 8, 1, 16, 9, 12, 2, 6, 10, 4, 3])
4231
Vecsmall([11, 7, 13, 14, 9, 16, 2, 12, 5, 15, 1, 8, 3, 4, 10, 6])
4241
Vecsmall([10, 6, 8, 12, 4, 15, 1, 14, 3, 16, 2, 13, 5, 9, 11, 7])
4243
Vecsmall([13, 14, 15, 16, 7, 8, 5, 6, 11, 12, 9, 10, 1, 2, 3, 4])
4253
Vecsmall([8, 12, 16, 15, 6, 13, 3, 7, 10, 14, 4, 11, 2, 1, 5, 9])
4259
Vecsmall([12, 8, 6, 10, 16, 3, 13, 2, 15, 4, 14, 1, 7, 11, 9, 5])
4261
Vecsmall([9, 5, 1, 2, 11, 4, 14, 10, 7, 3, 13, 6, 15, 16, 12, 8])
4271
Vecsmall([2, 1, 5, 9, 3, 7, 6, 13, 4, 11, 10, 14, 8, 12, 16, 15])
4273
Vecsmall([1, 2, 3, 4, 5, 6, 7, 8, 9, 10, 11, 12, 13, 14, 15, 16])
4283
Vecsmall([4, 3, 2, 1, 10, 9, 12, 11, 6, 5, 8, 7, 16, 15, 14, 13])
4289
Vecsmall([16, 15, 14, 13, 12, 11, 10, 9, 8, 7, 6, 5, 4, 3, 2, 1])
4297
Vecsmall([16, 15, 14, 13, 12, 11, 10, 9, 8, 7, 6, 5, 4, 3, 2, 1])
4327
Vecsmall([15, 16, 12, 8, 14, 10, 11, 4, 13, 6, 7, 3, 9, 5, 1, 2])
4337
Vecsmall([7, 11, 9, 5, 13, 2, 16, 3, 14, 1, 15, 4, 12, 8, 6, 10])
4339
Vecsmall([13, 14, 15, 16, 7, 8, 5, 6, 11, 12, 9, 10, 1, 2, 3, 4])
4349
Vecsmall([3, 4, 10, 6, 2, 12, 9, 16, 1, 8, 5, 15, 11, 7, 13, 14])
4357
Vecsmall([14, 13, 7, 11, 15, 5, 8, 1, 16, 9, 12, 2, 6, 10, 4, 3])
4363
Vecsmall([13, 14, 15, 16, 7, 8, 5, 6, 11, 12, 9, 10, 1, 2, 3, 4])
4373
Vecsmall([8, 12, 16, 15, 6, 13, 3, 7, 10, 14, 4, 11, 2, 1, 5, 9])
4391
Vecsmall([15, 16, 12, 8, 14, 10, 11, 4, 13, 6, 7, 3, 9, 5, 1, 2])
4397
Vecsmall([14, 13, 7, 11, 15, 5, 8, 1, 16, 9, 12, 2, 6, 10, 4, 3])
4409
Vecsmall([16, 15, 14, 13, 12, 11, 10, 9, 8, 7, 6, 5, 4, 3, 2, 1])
4421
Vecsmall([8, 12, 16, 15, 6, 13, 3, 7, 10, 14, 4, 11, 2, 1, 5, 9])
4423
Vecsmall([11, 7, 13, 14, 9, 16, 2, 12, 5, 15, 1, 8, 3, 4, 10, 6])
4441
Vecsmall([7, 11, 9, 5, 13, 2, 16, 3, 14, 1, 15, 4, 12, 8, 6, 10])
4447
Vecsmall([11, 7, 13, 14, 9, 16, 2, 12, 5, 15, 1, 8, 3, 4, 10, 6])
4451
Vecsmall([13, 14, 15, 16, 7, 8, 5, 6, 11, 12, 9, 10, 1, 2, 3, 4])
4457
Vecsmall([1, 2, 3, 4, 5, 6, 7, 8, 9, 10, 11, 12, 13, 14, 15, 16])
4463
Vecsmall([2, 1, 5, 9, 3, 7, 6, 13, 4, 11, 10, 14, 8, 12, 16, 15])
4481
Vecsmall([1, 2, 3, 4, 5, 6, 7, 8, 9, 10, 11, 12, 13, 14, 15, 16])
4483
Vecsmall([13, 14, 15, 16, 7, 8, 5, 6, 11, 12, 9, 10, 1, 2, 3, 4])
4493
Vecsmall([9, 5, 1, 2, 11, 4, 14, 10, 7, 3, 13, 6, 15, 16, 12, 8])
4507
Vecsmall([4, 3, 2, 1, 10, 9, 12, 11, 6, 5, 8, 7, 16, 15, 14, 13])
4513
Vecsmall([1, 2, 3, 4, 5, 6, 7, 8, 9, 10, 11, 12, 13, 14, 15, 16])
4517
Vecsmall([14, 13, 7, 11, 15, 5, 8, 1, 16, 9, 12, 2, 6, 10, 4, 3])
4519
Vecsmall([15, 16, 12, 8, 14, 10, 11, 4, 13, 6, 7, 3, 9, 5, 1, 2])
4523
Vecsmall([13, 14, 15, 16, 7, 8, 5, 6, 11, 12, 9, 10, 1, 2, 3, 4])
4547
Vecsmall([13, 14, 15, 16, 7, 8, 5, 6, 11, 12, 9, 10, 1, 2, 3, 4])
4549
Vecsmall([14, 13, 7, 11, 15, 5, 8, 1, 16, 9, 12, 2, 6, 10, 4, 3])
4561
Vecsmall([10, 6, 8, 12, 4, 15, 1, 14, 3, 16, 2, 13, 5, 9, 11, 7])
4567
Vecsmall([11, 7, 13, 14, 9, 16, 2, 12, 5, 15, 1, 8, 3, 4, 10, 6])
4583
Vecsmall([15, 16, 12, 8, 14, 10, 11, 4, 13, 6, 7, 3, 9, 5, 1, 2])
4591
Vecsmall([2, 1, 5, 9, 3, 7, 6, 13, 4, 11, 10, 14, 8, 12, 16, 15])
4597
Vecsmall([9, 5, 1, 2, 11, 4, 14, 10, 7, 3, 13, 6, 15, 16, 12, 8])
4603
Vecsmall([13, 14, 15, 16, 7, 8, 5, 6, 11, 12, 9, 10, 1, 2, 3, 4])
4621
Vecsmall([9, 5, 1, 2, 11, 4, 14, 10, 7, 3, 13, 6, 15, 16, 12, 8])
4637
Vecsmall([3, 4, 10, 6, 2, 12, 9, 16, 1, 8, 5, 15, 11, 7, 13, 14])
4639
Vecsmall([11, 7, 13, 14, 9, 16, 2, 12, 5, 15, 1, 8, 3, 4, 10, 6])
4643
Vecsmall([12, 8, 6, 10, 16, 3, 13, 2, 15, 4, 14, 1, 7, 11, 9, 5])
4649
Vecsmall([10, 6, 8, 12, 4, 15, 1, 14, 3, 16, 2, 13, 5, 9, 11, 7])
4651
Vecsmall([4, 3, 2, 1, 10, 9, 12, 11, 6, 5, 8, 7, 16, 15, 14, 13])
4657
Vecsmall([16, 15, 14, 13, 12, 11, 10, 9, 8, 7, 6, 5, 4, 3, 2, 1])
4663
Vecsmall([11, 7, 13, 14, 9, 16, 2, 12, 5, 15, 1, 8, 3, 4, 10, 6])
4673
Vecsmall([7, 11, 9, 5, 13, 2, 16, 3, 14, 1, 15, 4, 12, 8, 6, 10])
4679
Vecsmall([11, 7, 13, 14, 9, 16, 2, 12, 5, 15, 1, 8, 3, 4, 10, 6])
4691
Vecsmall([4, 3, 2, 1, 10, 9, 12, 11, 6, 5, 8, 7, 16, 15, 14, 13])
4703
Vecsmall([11, 7, 13, 14, 9, 16, 2, 12, 5, 15, 1, 8, 3, 4, 10, 6])
4721
Vecsmall([1, 2, 3, 4, 5, 6, 7, 8, 9, 10, 11, 12, 13, 14, 15, 16])
4723
Vecsmall([12, 8, 6, 10, 16, 3, 13, 2, 15, 4, 14, 1, 7, 11, 9, 5])
4729
Vecsmall([10, 6, 8, 12, 4, 15, 1, 14, 3, 16, 2, 13, 5, 9, 11, 7])
4733
Vecsmall([8, 12, 16, 15, 6, 13, 3, 7, 10, 14, 4, 11, 2, 1, 5, 9])
4751
Vecsmall([15, 16, 12, 8, 14, 10, 11, 4, 13, 6, 7, 3, 9, 5, 1, 2])
4759
Vecsmall([2, 1, 5, 9, 3, 7, 6, 13, 4, 11, 10, 14, 8, 12, 16, 15])
4783
Vecsmall([2, 1, 5, 9, 3, 7, 6, 13, 4, 11, 10, 14, 8, 12, 16, 15])
4787
Vecsmall([4, 3, 2, 1, 10, 9, 12, 11, 6, 5, 8, 7, 16, 15, 14, 13])
4789
Vecsmall([9, 5, 1, 2, 11, 4, 14, 10, 7, 3, 13, 6, 15, 16, 12, 8])
4793
Vecsmall([7, 11, 9, 5, 13, 2, 16, 3, 14, 1, 15, 4, 12, 8, 6, 10])
4799
Vecsmall([15, 16, 12, 8, 14, 10, 11, 4, 13, 6, 7, 3, 9, 5, 1, 2])
4801
Vecsmall([16, 15, 14, 13, 12, 11, 10, 9, 8, 7, 6, 5, 4, 3, 2, 1])
4813
Vecsmall([3, 4, 10, 6, 2, 12, 9, 16, 1, 8, 5, 15, 11, 7, 13, 14])
4817
Vecsmall([16, 15, 14, 13, 12, 11, 10, 9, 8, 7, 6, 5, 4, 3, 2, 1])
4831
Vecsmall([2, 1, 5, 9, 3, 7, 6, 13, 4, 11, 10, 14, 8, 12, 16, 15])
4861
Vecsmall([8, 12, 16, 15, 6, 13, 3, 7, 10, 14, 4, 11, 2, 1, 5, 9])
4871
Vecsmall([11, 7, 13, 14, 9, 16, 2, 12, 5, 15, 1, 8, 3, 4, 10, 6])
4877
Vecsmall([3, 4, 10, 6, 2, 12, 9, 16, 1, 8, 5, 15, 11, 7, 13, 14])
4889
Vecsmall([7, 11, 9, 5, 13, 2, 16, 3, 14, 1, 15, 4, 12, 8, 6, 10])
4903
Vecsmall([15, 16, 12, 8, 14, 10, 11, 4, 13, 6, 7, 3, 9, 5, 1, 2])
4909
Vecsmall([8, 12, 16, 15, 6, 13, 3, 7, 10, 14, 4, 11, 2, 1, 5, 9])
4919
Vecsmall([11, 7, 13, 14, 9, 16, 2, 12, 5, 15, 1, 8, 3, 4, 10, 6])
4931
Vecsmall([13, 14, 15, 16, 7, 8, 5, 6, 11, 12, 9, 10, 1, 2, 3, 4])
4933
Vecsmall([8, 12, 16, 15, 6, 13, 3, 7, 10, 14, 4, 11, 2, 1, 5, 9])
4937
Vecsmall([1, 2, 3, 4, 5, 6, 7, 8, 9, 10, 11, 12, 13, 14, 15, 16])
4943
Vecsmall([2, 1, 5, 9, 3, 7, 6, 13, 4, 11, 10, 14, 8, 12, 16, 15])
4951
Vecsmall([11, 7, 13, 14, 9, 16, 2, 12, 5, 15, 1, 8, 3, 4, 10, 6])
4957
Vecsmall([3, 4, 10, 6, 2, 12, 9, 16, 1, 8, 5, 15, 11, 7, 13, 14])
4967
Vecsmall([15, 16, 12, 8, 14, 10, 11, 4, 13, 6, 7, 3, 9, 5, 1, 2])
4969
Vecsmall([7, 11, 9, 5, 13, 2, 16, 3, 14, 1, 15, 4, 12, 8, 6, 10])
4973
Vecsmall([14, 13, 7, 11, 15, 5, 8, 1, 16, 9, 12, 2, 6, 10, 4, 3])
4987
Vecsmall([13, 14, 15, 16, 7, 8, 5, 6, 11, 12, 9, 10, 1, 2, 3, 4])
4993
Vecsmall([1, 2, 3, 4, 5, 6, 7, 8, 9, 10, 11, 12, 13, 14, 15, 16])
4999
Vecsmall([15, 16, 12, 8, 14, 10, 11, 4, 13, 6, 7, 3, 9, 5, 1, 2])
5003
Vecsmall([13, 14, 15, 16, 7, 8, 5, 6, 11, 12, 9, 10, 1, 2, 3, 4])
5009
Vecsmall([10, 6, 8, 12, 4, 15, 1, 14, 3, 16, 2, 13, 5, 9, 11, 7])
5011
Vecsmall([4, 3, 2, 1, 10, 9, 12, 11, 6, 5, 8, 7, 16, 15, 14, 13])
5021
Vecsmall([8, 12, 16, 15, 6, 13, 3, 7, 10, 14, 4, 11, 2, 1, 5, 9])
5023
Vecsmall([15, 16, 12, 8, 14, 10, 11, 4, 13, 6, 7, 3, 9, 5, 1, 2])
5039
Vecsmall([15, 16, 12, 8, 14, 10, 11, 4, 13, 6, 7, 3, 9, 5, 1, 2])
5051
Vecsmall([4, 3, 2, 1, 10, 9, 12, 11, 6, 5, 8, 7, 16, 15, 14, 13])
5059
Vecsmall([13, 14, 15, 16, 7, 8, 5, 6, 11, 12, 9, 10, 1, 2, 3, 4])
5077
Vecsmall([3, 4, 10, 6, 2, 12, 9, 16, 1, 8, 5, 15, 11, 7, 13, 14])
5081
Vecsmall([16, 15, 14, 13, 12, 11, 10, 9, 8, 7, 6, 5, 4, 3, 2, 1])
5087
Vecsmall([2, 1, 5, 9, 3, 7, 6, 13, 4, 11, 10, 14, 8, 12, 16, 15])
5099
Vecsmall([4, 3, 2, 1, 10, 9, 12, 11, 6, 5, 8, 7, 16, 15, 14, 13])
5101
Vecsmall([9, 5, 1, 2, 11, 4, 14, 10, 7, 3, 13, 6, 15, 16, 12, 8])
5107
Vecsmall([4, 3, 2, 1, 10, 9, 12, 11, 6, 5, 8, 7, 16, 15, 14, 13])
5113
Vecsmall([1, 2, 3, 4, 5, 6, 7, 8, 9, 10, 11, 12, 13, 14, 15, 16])
5119
Vecsmall([15, 16, 12, 8, 14, 10, 11, 4, 13, 6, 7, 3, 9, 5, 1, 2])
5147
Vecsmall([13, 14, 15, 16, 7, 8, 5, 6, 11, 12, 9, 10, 1, 2, 3, 4])
5153
Vecsmall([10, 6, 8, 12, 4, 15, 1, 14, 3, 16, 2, 13, 5, 9, 11, 7])
5167
Vecsmall([11, 7, 13, 14, 9, 16, 2, 12, 5, 15, 1, 8, 3, 4, 10, 6])
5171
Vecsmall([4, 3, 2, 1, 10, 9, 12, 11, 6, 5, 8, 7, 16, 15, 14, 13])
5179
Vecsmall([12, 8, 6, 10, 16, 3, 13, 2, 15, 4, 14, 1, 7, 11, 9, 5])
5189
Vecsmall([3, 4, 10, 6, 2, 12, 9, 16, 1, 8, 5, 15, 11, 7, 13, 14])
5197
Vecsmall([3, 4, 10, 6, 2, 12, 9, 16, 1, 8, 5, 15, 11, 7, 13, 14])
5209
Vecsmall([16, 15, 14, 13, 12, 11, 10, 9, 8, 7, 6, 5, 4, 3, 2, 1])
5227
Vecsmall([4, 3, 2, 1, 10, 9, 12, 11, 6, 5, 8, 7, 16, 15, 14, 13])
5231
Vecsmall([15, 16, 12, 8, 14, 10, 11, 4, 13, 6, 7, 3, 9, 5, 1, 2])
5233
Vecsmall([16, 15, 14, 13, 12, 11, 10, 9, 8, 7, 6, 5, 4, 3, 2, 1])
5237
Vecsmall([14, 13, 7, 11, 15, 5, 8, 1, 16, 9, 12, 2, 6, 10, 4, 3])
5261
Vecsmall([14, 13, 7, 11, 15, 5, 8, 1, 16, 9, 12, 2, 6, 10, 4, 3])
5273
Vecsmall([7, 11, 9, 5, 13, 2, 16, 3, 14, 1, 15, 4, 12, 8, 6, 10])
5279
Vecsmall([2, 1, 5, 9, 3, 7, 6, 13, 4, 11, 10, 14, 8, 12, 16, 15])
5281
Vecsmall([10, 6, 8, 12, 4, 15, 1, 14, 3, 16, 2, 13, 5, 9, 11, 7])
5297
Vecsmall([1, 2, 3, 4, 5, 6, 7, 8, 9, 10, 11, 12, 13, 14, 15, 16])
5303
Vecsmall([15, 16, 12, 8, 14, 10, 11, 4, 13, 6, 7, 3, 9, 5, 1, 2])
5309
Vecsmall([3, 4, 10, 6, 2, 12, 9, 16, 1, 8, 5, 15, 11, 7, 13, 14])
5323
Vecsmall([13, 14, 15, 16, 7, 8, 5, 6, 11, 12, 9, 10, 1, 2, 3, 4])
5333
Vecsmall([14, 13, 7, 11, 15, 5, 8, 1, 16, 9, 12, 2, 6, 10, 4, 3])
5347
Vecsmall([13, 14, 15, 16, 7, 8, 5, 6, 11, 12, 9, 10, 1, 2, 3, 4])
5351
Vecsmall([15, 16, 12, 8, 14, 10, 11, 4, 13, 6, 7, 3, 9, 5, 1, 2])
5381
Vecsmall([14, 13, 7, 11, 15, 5, 8, 1, 16, 9, 12, 2, 6, 10, 4, 3])
5387
Vecsmall([4, 3, 2, 1, 10, 9, 12, 11, 6, 5, 8, 7, 16, 15, 14, 13])
5393
Vecsmall([16, 15, 14, 13, 12, 11, 10, 9, 8, 7, 6, 5, 4, 3, 2, 1])
5399
Vecsmall([11, 7, 13, 14, 9, 16, 2, 12, 5, 15, 1, 8, 3, 4, 10, 6])
5407
Vecsmall([15, 16, 12, 8, 14, 10, 11, 4, 13, 6, 7, 3, 9, 5, 1, 2])
5413
Vecsmall([9, 5, 1, 2, 11, 4, 14, 10, 7, 3, 13, 6, 15, 16, 12, 8])
5417
Vecsmall([7, 11, 9, 5, 13, 2, 16, 3, 14, 1, 15, 4, 12, 8, 6, 10])
5419
Vecsmall([4, 3, 2, 1, 10, 9, 12, 11, 6, 5, 8, 7, 16, 15, 14, 13])
5431
Vecsmall([2, 1, 5, 9, 3, 7, 6, 13, 4, 11, 10, 14, 8, 12, 16, 15])
5437
Vecsmall([8, 12, 16, 15, 6, 13, 3, 7, 10, 14, 4, 11, 2, 1, 5, 9])
5441
Vecsmall([10, 6, 8, 12, 4, 15, 1, 14, 3, 16, 2, 13, 5, 9, 11, 7])
5443
Vecsmall([12, 8, 6, 10, 16, 3, 13, 2, 15, 4, 14, 1, 7, 11, 9, 5])
5449
Vecsmall([7, 11, 9, 5, 13, 2, 16, 3, 14, 1, 15, 4, 12, 8, 6, 10])
5471
Vecsmall([11, 7, 13, 14, 9, 16, 2, 12, 5, 15, 1, 8, 3, 4, 10, 6])
5477
Vecsmall([3, 4, 10, 6, 2, 12, 9, 16, 1, 8, 5, 15, 11, 7, 13, 14])
5479
Vecsmall([11, 7, 13, 14, 9, 16, 2, 12, 5, 15, 1, 8, 3, 4, 10, 6])
5483
Vecsmall([12, 8, 6, 10, 16, 3, 13, 2, 15, 4, 14, 1, 7, 11, 9, 5])
5501
Vecsmall([8, 12, 16, 15, 6, 13, 3, 7, 10, 14, 4, 11, 2, 1, 5, 9])
5503
Vecsmall([11, 7, 13, 14, 9, 16, 2, 12, 5, 15, 1, 8, 3, 4, 10, 6])
5507
Vecsmall([4, 3, 2, 1, 10, 9, 12, 11, 6, 5, 8, 7, 16, 15, 14, 13])
5519
Vecsmall([15, 16, 12, 8, 14, 10, 11, 4, 13, 6, 7, 3, 9, 5, 1, 2])
5521
Vecsmall([7, 11, 9, 5, 13, 2, 16, 3, 14, 1, 15, 4, 12, 8, 6, 10])
5527
Vecsmall([2, 1, 5, 9, 3, 7, 6, 13, 4, 11, 10, 14, 8, 12, 16, 15])
5531
Vecsmall([12, 8, 6, 10, 16, 3, 13, 2, 15, 4, 14, 1, 7, 11, 9, 5])
5557
Vecsmall([9, 5, 1, 2, 11, 4, 14, 10, 7, 3, 13, 6, 15, 16, 12, 8])
5563
Vecsmall([12, 8, 6, 10, 16, 3, 13, 2, 15, 4, 14, 1, 7, 11, 9, 5])
5569
Vecsmall([16, 15, 14, 13, 12, 11, 10, 9, 8, 7, 6, 5, 4, 3, 2, 1])
5573
Vecsmall([9, 5, 1, 2, 11, 4, 14, 10, 7, 3, 13, 6, 15, 16, 12, 8])
5581
Vecsmall([9, 5, 1, 2, 11, 4, 14, 10, 7, 3, 13, 6, 15, 16, 12, 8])
5591
Vecsmall([11, 7, 13, 14, 9, 16, 2, 12, 5, 15, 1, 8, 3, 4, 10, 6])
5623
Vecsmall([2, 1, 5, 9, 3, 7, 6, 13, 4, 11, 10, 14, 8, 12, 16, 15])
5639
Vecsmall([15, 16, 12, 8, 14, 10, 11, 4, 13, 6, 7, 3, 9, 5, 1, 2])
5641
Vecsmall([10, 6, 8, 12, 4, 15, 1, 14, 3, 16, 2, 13, 5, 9, 11, 7])
5647
Vecsmall([15, 16, 12, 8, 14, 10, 11, 4, 13, 6, 7, 3, 9, 5, 1, 2])
5651
Vecsmall([13, 14, 15, 16, 7, 8, 5, 6, 11, 12, 9, 10, 1, 2, 3, 4])
5653
Vecsmall([14, 13, 7, 11, 15, 5, 8, 1, 16, 9, 12, 2, 6, 10, 4, 3])
5657
Vecsmall([7, 11, 9, 5, 13, 2, 16, 3, 14, 1, 15, 4, 12, 8, 6, 10])
5659
Vecsmall([13, 14, 15, 16, 7, 8, 5, 6, 11, 12, 9, 10, 1, 2, 3, 4])
5669
Vecsmall([9, 5, 1, 2, 11, 4, 14, 10, 7, 3, 13, 6, 15, 16, 12, 8])
5683
Vecsmall([4, 3, 2, 1, 10, 9, 12, 11, 6, 5, 8, 7, 16, 15, 14, 13])
5689
Vecsmall([16, 15, 14, 13, 12, 11, 10, 9, 8, 7, 6, 5, 4, 3, 2, 1])
5693
Vecsmall([9, 5, 1, 2, 11, 4, 14, 10, 7, 3, 13, 6, 15, 16, 12, 8])
5701
Vecsmall([9, 5, 1, 2, 11, 4, 14, 10, 7, 3, 13, 6, 15, 16, 12, 8])
5711
Vecsmall([11, 7, 13, 14, 9, 16, 2, 12, 5, 15, 1, 8, 3, 4, 10, 6])
5717
Vecsmall([3, 4, 10, 6, 2, 12, 9, 16, 1, 8, 5, 15, 11, 7, 13, 14])
5737
Vecsmall([16, 15, 14, 13, 12, 11, 10, 9, 8, 7, 6, 5, 4, 3, 2, 1])
5741
Vecsmall([14, 13, 7, 11, 15, 5, 8, 1, 16, 9, 12, 2, 6, 10, 4, 3])
5743
Vecsmall([2, 1, 5, 9, 3, 7, 6, 13, 4, 11, 10, 14, 8, 12, 16, 15])
5749
Vecsmall([14, 13, 7, 11, 15, 5, 8, 1, 16, 9, 12, 2, 6, 10, 4, 3])
5779
Vecsmall([4, 3, 2, 1, 10, 9, 12, 11, 6, 5, 8, 7, 16, 15, 14, 13])
5783
Vecsmall([2, 1, 5, 9, 3, 7, 6, 13, 4, 11, 10, 14, 8, 12, 16, 15])
5791
Vecsmall([2, 1, 5, 9, 3, 7, 6, 13, 4, 11, 10, 14, 8, 12, 16, 15])
5801
Vecsmall([7, 11, 9, 5, 13, 2, 16, 3, 14, 1, 15, 4, 12, 8, 6, 10])
5807
Vecsmall([2, 1, 5, 9, 3, 7, 6, 13, 4, 11, 10, 14, 8, 12, 16, 15])
5813
Vecsmall([9, 5, 1, 2, 11, 4, 14, 10, 7, 3, 13, 6, 15, 16, 12, 8])
5821
Vecsmall([9, 5, 1, 2, 11, 4, 14, 10, 7, 3, 13, 6, 15, 16, 12, 8])
5827
Vecsmall([12, 8, 6, 10, 16, 3, 13, 2, 15, 4, 14, 1, 7, 11, 9, 5])
5839
Vecsmall([2, 1, 5, 9, 3, 7, 6, 13, 4, 11, 10, 14, 8, 12, 16, 15])
5843
Vecsmall([13, 14, 15, 16, 7, 8, 5, 6, 11, 12, 9, 10, 1, 2, 3, 4])
5849
Vecsmall([10, 6, 8, 12, 4, 15, 1, 14, 3, 16, 2, 13, 5, 9, 11, 7])
5851
Vecsmall([13, 14, 15, 16, 7, 8, 5, 6, 11, 12, 9, 10, 1, 2, 3, 4])
5857
Vecsmall([7, 11, 9, 5, 13, 2, 16, 3, 14, 1, 15, 4, 12, 8, 6, 10])
5861
Vecsmall([3, 4, 10, 6, 2, 12, 9, 16, 1, 8, 5, 15, 11, 7, 13, 14])
5867
Vecsmall([13, 14, 15, 16, 7, 8, 5, 6, 11, 12, 9, 10, 1, 2, 3, 4])
5869
Vecsmall([9, 5, 1, 2, 11, 4, 14, 10, 7, 3, 13, 6, 15, 16, 12, 8])
5879
Vecsmall([15, 16, 12, 8, 14, 10, 11, 4, 13, 6, 7, 3, 9, 5, 1, 2])
5881
Vecsmall([1, 2, 3, 4, 5, 6, 7, 8, 9, 10, 11, 12, 13, 14, 15, 16])
5897
Vecsmall([7, 11, 9, 5, 13, 2, 16, 3, 14, 1, 15, 4, 12, 8, 6, 10])
5903
Vecsmall([2, 1, 5, 9, 3, 7, 6, 13, 4, 11, 10, 14, 8, 12, 16, 15])
5923
Vecsmall([12, 8, 6, 10, 16, 3, 13, 2, 15, 4, 14, 1, 7, 11, 9, 5])
5927
Vecsmall([11, 7, 13, 14, 9, 16, 2, 12, 5, 15, 1, 8, 3, 4, 10, 6])
5939
Vecsmall([13, 14, 15, 16, 7, 8, 5, 6, 11, 12, 9, 10, 1, 2, 3, 4])
5953
Vecsmall([10, 6, 8, 12, 4, 15, 1, 14, 3, 16, 2, 13, 5, 9, 11, 7])
5981
Vecsmall([9, 5, 1, 2, 11, 4, 14, 10, 7, 3, 13, 6, 15, 16, 12, 8])
5987
Vecsmall([13, 14, 15, 16, 7, 8, 5, 6, 11, 12, 9, 10, 1, 2, 3, 4])
6007
Vecsmall([11, 7, 13, 14, 9, 16, 2, 12, 5, 15, 1, 8, 3, 4, 10, 6])
6011
Vecsmall([13, 14, 15, 16, 7, 8, 5, 6, 11, 12, 9, 10, 1, 2, 3, 4])
6029
Vecsmall([14, 13, 7, 11, 15, 5, 8, 1, 16, 9, 12, 2, 6, 10, 4, 3])
6037
Vecsmall([8, 12, 16, 15, 6, 13, 3, 7, 10, 14, 4, 11, 2, 1, 5, 9])
6043
Vecsmall([12, 8, 6, 10, 16, 3, 13, 2, 15, 4, 14, 1, 7, 11, 9, 5])
6047
Vecsmall([11, 7, 13, 14, 9, 16, 2, 12, 5, 15, 1, 8, 3, 4, 10, 6])
6053
Vecsmall([14, 13, 7, 11, 15, 5, 8, 1, 16, 9, 12, 2, 6, 10, 4, 3])
6067
Vecsmall([12, 8, 6, 10, 16, 3, 13, 2, 15, 4, 14, 1, 7, 11, 9, 5])
6073
Vecsmall([10, 6, 8, 12, 4, 15, 1, 14, 3, 16, 2, 13, 5, 9, 11, 7])
6079
Vecsmall([11, 7, 13, 14, 9, 16, 2, 12, 5, 15, 1, 8, 3, 4, 10, 6])
6089
Vecsmall([16, 15, 14, 13, 12, 11, 10, 9, 8, 7, 6, 5, 4, 3, 2, 1])
6091
Vecsmall([13, 14, 15, 16, 7, 8, 5, 6, 11, 12, 9, 10, 1, 2, 3, 4])
6101
Vecsmall([3, 4, 10, 6, 2, 12, 9, 16, 1, 8, 5, 15, 11, 7, 13, 14])
6113
Vecsmall([7, 11, 9, 5, 13, 2, 16, 3, 14, 1, 15, 4, 12, 8, 6, 10])
6121
Vecsmall([1, 2, 3, 4, 5, 6, 7, 8, 9, 10, 11, 12, 13, 14, 15, 16])
6131
Vecsmall([4, 3, 2, 1, 10, 9, 12, 11, 6, 5, 8, 7, 16, 15, 14, 13])
6133
Vecsmall([14, 13, 7, 11, 15, 5, 8, 1, 16, 9, 12, 2, 6, 10, 4, 3])
6143
Vecsmall([11, 7, 13, 14, 9, 16, 2, 12, 5, 15, 1, 8, 3, 4, 10, 6])
6151
Vecsmall([15, 16, 12, 8, 14, 10, 11, 4, 13, 6, 7, 3, 9, 5, 1, 2])
6163
Vecsmall([4, 3, 2, 1, 10, 9, 12, 11, 6, 5, 8, 7, 16, 15, 14, 13])
6173
Vecsmall([8, 12, 16, 15, 6, 13, 3, 7, 10, 14, 4, 11, 2, 1, 5, 9])
6197
Vecsmall([14, 13, 7, 11, 15, 5, 8, 1, 16, 9, 12, 2, 6, 10, 4, 3])
6199
Vecsmall([2, 1, 5, 9, 3, 7, 6, 13, 4, 11, 10, 14, 8, 12, 16, 15])
6203
Vecsmall([13, 14, 15, 16, 7, 8, 5, 6, 11, 12, 9, 10, 1, 2, 3, 4])
6211
Vecsmall([13, 14, 15, 16, 7, 8, 5, 6, 11, 12, 9, 10, 1, 2, 3, 4])
6217
Vecsmall([7, 11, 9, 5, 13, 2, 16, 3, 14, 1, 15, 4, 12, 8, 6, 10])
6221
Vecsmall([3, 4, 10, 6, 2, 12, 9, 16, 1, 8, 5, 15, 11, 7, 13, 14])
6229
Vecsmall([14, 13, 7, 11, 15, 5, 8, 1, 16, 9, 12, 2, 6, 10, 4, 3])
6247
Vecsmall([2, 1, 5, 9, 3, 7, 6, 13, 4, 11, 10, 14, 8, 12, 16, 15])
6257
Vecsmall([10, 6, 8, 12, 4, 15, 1, 14, 3, 16, 2, 13, 5, 9, 11, 7])
6263
Vecsmall([2, 1, 5, 9, 3, 7, 6, 13, 4, 11, 10, 14, 8, 12, 16, 15])
6269
Vecsmall([8, 12, 16, 15, 6, 13, 3, 7, 10, 14, 4, 11, 2, 1, 5, 9])
6271
Vecsmall([11, 7, 13, 14, 9, 16, 2, 12, 5, 15, 1, 8, 3, 4, 10, 6])
6277
Vecsmall([9, 5, 1, 2, 11, 4, 14, 10, 7, 3, 13, 6, 15, 16, 12, 8])
6287
Vecsmall([15, 16, 12, 8, 14, 10, 11, 4, 13, 6, 7, 3, 9, 5, 1, 2])
6299
Vecsmall([12, 8, 6, 10, 16, 3, 13, 2, 15, 4, 14, 1, 7, 11, 9, 5])
6301
Vecsmall([14, 13, 7, 11, 15, 5, 8, 1, 16, 9, 12, 2, 6, 10, 4, 3])
6311
Vecsmall([2, 1, 5, 9, 3, 7, 6, 13, 4, 11, 10, 14, 8, 12, 16, 15])
6317
Vecsmall([14, 13, 7, 11, 15, 5, 8, 1, 16, 9, 12, 2, 6, 10, 4, 3])
6323
Vecsmall([13, 14, 15, 16, 7, 8, 5, 6, 11, 12, 9, 10, 1, 2, 3, 4])
6329
Vecsmall([7, 11, 9, 5, 13, 2, 16, 3, 14, 1, 15, 4, 12, 8, 6, 10])
6337
Vecsmall([7, 11, 9, 5, 13, 2, 16, 3, 14, 1, 15, 4, 12, 8, 6, 10])
6343
Vecsmall([15, 16, 12, 8, 14, 10, 11, 4, 13, 6, 7, 3, 9, 5, 1, 2])
6353
Vecsmall([1, 2, 3, 4, 5, 6, 7, 8, 9, 10, 11, 12, 13, 14, 15, 16])
6359
Vecsmall([11, 7, 13, 14, 9, 16, 2, 12, 5, 15, 1, 8, 3, 4, 10, 6])
6361
Vecsmall([16, 15, 14, 13, 12, 11, 10, 9, 8, 7, 6, 5, 4, 3, 2, 1])
6367
Vecsmall([2, 1, 5, 9, 3, 7, 6, 13, 4, 11, 10, 14, 8, 12, 16, 15])
6373
Vecsmall([8, 12, 16, 15, 6, 13, 3, 7, 10, 14, 4, 11, 2, 1, 5, 9])
6379
Vecsmall([4, 3, 2, 1, 10, 9, 12, 11, 6, 5, 8, 7, 16, 15, 14, 13])
6389
Vecsmall([9, 5, 1, 2, 11, 4, 14, 10, 7, 3, 13, 6, 15, 16, 12, 8])
6397
Vecsmall([8, 12, 16, 15, 6, 13, 3, 7, 10, 14, 4, 11, 2, 1, 5, 9])
6421
Vecsmall([9, 5, 1, 2, 11, 4, 14, 10, 7, 3, 13, 6, 15, 16, 12, 8])
6427
Vecsmall([13, 14, 15, 16, 7, 8, 5, 6, 11, 12, 9, 10, 1, 2, 3, 4])
6449
Vecsmall([1, 2, 3, 4, 5, 6, 7, 8, 9, 10, 11, 12, 13, 14, 15, 16])
6451
Vecsmall([13, 14, 15, 16, 7, 8, 5, 6, 11, 12, 9, 10, 1, 2, 3, 4])
6469
Vecsmall([8, 12, 16, 15, 6, 13, 3, 7, 10, 14, 4, 11, 2, 1, 5, 9])
6473
Vecsmall([7, 11, 9, 5, 13, 2, 16, 3, 14, 1, 15, 4, 12, 8, 6, 10])
6481
Vecsmall([1, 2, 3, 4, 5, 6, 7, 8, 9, 10, 11, 12, 13, 14, 15, 16])
6491
Vecsmall([13, 14, 15, 16, 7, 8, 5, 6, 11, 12, 9, 10, 1, 2, 3, 4])
6521
Vecsmall([1, 2, 3, 4, 5, 6, 7, 8, 9, 10, 11, 12, 13, 14, 15, 16])
6529
Vecsmall([1, 2, 3, 4, 5, 6, 7, 8, 9, 10, 11, 12, 13, 14, 15, 16])
6547
Vecsmall([13, 14, 15, 16, 7, 8, 5, 6, 11, 12, 9, 10, 1, 2, 3, 4])
6551
Vecsmall([15, 16, 12, 8, 14, 10, 11, 4, 13, 6, 7, 3, 9, 5, 1, 2])
6553
Vecsmall([16, 15, 14, 13, 12, 11, 10, 9, 8, 7, 6, 5, 4, 3, 2, 1])
6563
Vecsmall([13, 14, 15, 16, 7, 8, 5, 6, 11, 12, 9, 10, 1, 2, 3, 4])
6569
Vecsmall([1, 2, 3, 4, 5, 6, 7, 8, 9, 10, 11, 12, 13, 14, 15, 16])
6571
Vecsmall([12, 8, 6, 10, 16, 3, 13, 2, 15, 4, 14, 1, 7, 11, 9, 5])
6577
Vecsmall([7, 11, 9, 5, 13, 2, 16, 3, 14, 1, 15, 4, 12, 8, 6, 10])
6581
Vecsmall([9, 5, 1, 2, 11, 4, 14, 10, 7, 3, 13, 6, 15, 16, 12, 8])
6599
Vecsmall([15, 16, 12, 8, 14, 10, 11, 4, 13, 6, 7, 3, 9, 5, 1, 2])
6607
Vecsmall([11, 7, 13, 14, 9, 16, 2, 12, 5, 15, 1, 8, 3, 4, 10, 6])
6619
Vecsmall([12, 8, 6, 10, 16, 3, 13, 2, 15, 4, 14, 1, 7, 11, 9, 5])
6637
Vecsmall([8, 12, 16, 15, 6, 13, 3, 7, 10, 14, 4, 11, 2, 1, 5, 9])
6653
Vecsmall([3, 4, 10, 6, 2, 12, 9, 16, 1, 8, 5, 15, 11, 7, 13, 14])
6659
Vecsmall([4, 3, 2, 1, 10, 9, 12, 11, 6, 5, 8, 7, 16, 15, 14, 13])
6661
Vecsmall([3, 4, 10, 6, 2, 12, 9, 16, 1, 8, 5, 15, 11, 7, 13, 14])
6673
Vecsmall([10, 6, 8, 12, 4, 15, 1, 14, 3, 16, 2, 13, 5, 9, 11, 7])
6679
Vecsmall([15, 16, 12, 8, 14, 10, 11, 4, 13, 6, 7, 3, 9, 5, 1, 2])
6689
Vecsmall([1, 2, 3, 4, 5, 6, 7, 8, 9, 10, 11, 12, 13, 14, 15, 16])
6691
Vecsmall([13, 14, 15, 16, 7, 8, 5, 6, 11, 12, 9, 10, 1, 2, 3, 4])
6701
Vecsmall([14, 13, 7, 11, 15, 5, 8, 1, 16, 9, 12, 2, 6, 10, 4, 3])
6703
Vecsmall([11, 7, 13, 14, 9, 16, 2, 12, 5, 15, 1, 8, 3, 4, 10, 6])
6709
Vecsmall([8, 12, 16, 15, 6, 13, 3, 7, 10, 14, 4, 11, 2, 1, 5, 9])
6719
Vecsmall([2, 1, 5, 9, 3, 7, 6, 13, 4, 11, 10, 14, 8, 12, 16, 15])
6733
Vecsmall([3, 4, 10, 6, 2, 12, 9, 16, 1, 8, 5, 15, 11, 7, 13, 14])
6737
Vecsmall([7, 11, 9, 5, 13, 2, 16, 3, 14, 1, 15, 4, 12, 8, 6, 10])
6761
Vecsmall([1, 2, 3, 4, 5, 6, 7, 8, 9, 10, 11, 12, 13, 14, 15, 16])
6763
Vecsmall([13, 14, 15, 16, 7, 8, 5, 6, 11, 12, 9, 10, 1, 2, 3, 4])
6779
Vecsmall([12, 8, 6, 10, 16, 3, 13, 2, 15, 4, 14, 1, 7, 11, 9, 5])
6781
Vecsmall([3, 4, 10, 6, 2, 12, 9, 16, 1, 8, 5, 15, 11, 7, 13, 14])
6791
Vecsmall([11, 7, 13, 14, 9, 16, 2, 12, 5, 15, 1, 8, 3, 4, 10, 6])
6793
Vecsmall([1, 2, 3, 4, 5, 6, 7, 8, 9, 10, 11, 12, 13, 14, 15, 16])
6803
Vecsmall([4, 3, 2, 1, 10, 9, 12, 11, 6, 5, 8, 7, 16, 15, 14, 13])
6823
Vecsmall([2, 1, 5, 9, 3, 7, 6, 13, 4, 11, 10, 14, 8, 12, 16, 15])
6827
Vecsmall([4, 3, 2, 1, 10, 9, 12, 11, 6, 5, 8, 7, 16, 15, 14, 13])
6829
Vecsmall([9, 5, 1, 2, 11, 4, 14, 10, 7, 3, 13, 6, 15, 16, 12, 8])
6833
Vecsmall([10, 6, 8, 12, 4, 15, 1, 14, 3, 16, 2, 13, 5, 9, 11, 7])
6841
Vecsmall([1, 2, 3, 4, 5, 6, 7, 8, 9, 10, 11, 12, 13, 14, 15, 16])
6857
Vecsmall([16, 15, 14, 13, 12, 11, 10, 9, 8, 7, 6, 5, 4, 3, 2, 1])
6863
Vecsmall([15, 16, 12, 8, 14, 10, 11, 4, 13, 6, 7, 3, 9, 5, 1, 2])
6869
Vecsmall([14, 13, 7, 11, 15, 5, 8, 1, 16, 9, 12, 2, 6, 10, 4, 3])
6871
Vecsmall([2, 1, 5, 9, 3, 7, 6, 13, 4, 11, 10, 14, 8, 12, 16, 15])
6883
Vecsmall([13, 14, 15, 16, 7, 8, 5, 6, 11, 12, 9, 10, 1, 2, 3, 4])
6899
Vecsmall([4, 3, 2, 1, 10, 9, 12, 11, 6, 5, 8, 7, 16, 15, 14, 13])
6907
Vecsmall([12, 8, 6, 10, 16, 3, 13, 2, 15, 4, 14, 1, 7, 11, 9, 5])
6911
Vecsmall([15, 16, 12, 8, 14, 10, 11, 4, 13, 6, 7, 3, 9, 5, 1, 2])
6917
Vecsmall([9, 5, 1, 2, 11, 4, 14, 10, 7, 3, 13, 6, 15, 16, 12, 8])
6947
Vecsmall([4, 3, 2, 1, 10, 9, 12, 11, 6, 5, 8, 7, 16, 15, 14, 13])
6949
Vecsmall([14, 13, 7, 11, 15, 5, 8, 1, 16, 9, 12, 2, 6, 10, 4, 3])
6959
Vecsmall([11, 7, 13, 14, 9, 16, 2, 12, 5, 15, 1, 8, 3, 4, 10, 6])
6961
Vecsmall([7, 11, 9, 5, 13, 2, 16, 3, 14, 1, 15, 4, 12, 8, 6, 10])
6967
Vecsmall([2, 1, 5, 9, 3, 7, 6, 13, 4, 11, 10, 14, 8, 12, 16, 15])
6971
Vecsmall([13, 14, 15, 16, 7, 8, 5, 6, 11, 12, 9, 10, 1, 2, 3, 4])
6977
Vecsmall([10, 6, 8, 12, 4, 15, 1, 14, 3, 16, 2, 13, 5, 9, 11, 7])
6983
Vecsmall([11, 7, 13, 14, 9, 16, 2, 12, 5, 15, 1, 8, 3, 4, 10, 6])
6991
Vecsmall([11, 7, 13, 14, 9, 16, 2, 12, 5, 15, 1, 8, 3, 4, 10, 6])
6997
Vecsmall([9, 5, 1, 2, 11, 4, 14, 10, 7, 3, 13, 6, 15, 16, 12, 8])
7001
Vecsmall([10, 6, 8, 12, 4, 15, 1, 14, 3, 16, 2, 13, 5, 9, 11, 7])
7013
Vecsmall([14, 13, 7, 11, 15, 5, 8, 1, 16, 9, 12, 2, 6, 10, 4, 3])
7019
Vecsmall([4, 3, 2, 1, 10, 9, 12, 11, 6, 5, 8, 7, 16, 15, 14, 13])
7027
Vecsmall([13, 14, 15, 16, 7, 8, 5, 6, 11, 12, 9, 10, 1, 2, 3, 4])
7039
Vecsmall([2, 1, 5, 9, 3, 7, 6, 13, 4, 11, 10, 14, 8, 12, 16, 15])
7043
Vecsmall([4, 3, 2, 1, 10, 9, 12, 11, 6, 5, 8, 7, 16, 15, 14, 13])
7057
Vecsmall([7, 11, 9, 5, 13, 2, 16, 3, 14, 1, 15, 4, 12, 8, 6, 10])
7069
Vecsmall([8, 12, 16, 15, 6, 13, 3, 7, 10, 14, 4, 11, 2, 1, 5, 9])
7079
Vecsmall([15, 16, 12, 8, 14, 10, 11, 4, 13, 6, 7, 3, 9, 5, 1, 2])
7103
Vecsmall([15, 16, 12, 8, 14, 10, 11, 4, 13, 6, 7, 3, 9, 5, 1, 2])
7109
Vecsmall([3, 4, 10, 6, 2, 12, 9, 16, 1, 8, 5, 15, 11, 7, 13, 14])
7121
Vecsmall([1, 2, 3, 4, 5, 6, 7, 8, 9, 10, 11, 12, 13, 14, 15, 16])
7127
Vecsmall([2, 1, 5, 9, 3, 7, 6, 13, 4, 11, 10, 14, 8, 12, 16, 15])
7129
Vecsmall([1, 2, 3, 4, 5, 6, 7, 8, 9, 10, 11, 12, 13, 14, 15, 16])
7151
Vecsmall([11, 7, 13, 14, 9, 16, 2, 12, 5, 15, 1, 8, 3, 4, 10, 6])
7159
Vecsmall([11, 7, 13, 14, 9, 16, 2, 12, 5, 15, 1, 8, 3, 4, 10, 6])
7177
Vecsmall([7, 11, 9, 5, 13, 2, 16, 3, 14, 1, 15, 4, 12, 8, 6, 10])
7187
Vecsmall([4, 3, 2, 1, 10, 9, 12, 11, 6, 5, 8, 7, 16, 15, 14, 13])
7193
Vecsmall([10, 6, 8, 12, 4, 15, 1, 14, 3, 16, 2, 13, 5, 9, 11, 7])
7207
Vecsmall([2, 1, 5, 9, 3, 7, 6, 13, 4, 11, 10, 14, 8, 12, 16, 15])
7211
Vecsmall([13, 14, 15, 16, 7, 8, 5, 6, 11, 12, 9, 10, 1, 2, 3, 4])
7213
Vecsmall([9, 5, 1, 2, 11, 4, 14, 10, 7, 3, 13, 6, 15, 16, 12, 8])
7219
Vecsmall([12, 8, 6, 10, 16, 3, 13, 2, 15, 4, 14, 1, 7, 11, 9, 5])
7229
Vecsmall([3, 4, 10, 6, 2, 12, 9, 16, 1, 8, 5, 15, 11, 7, 13, 14])
7237
Vecsmall([3, 4, 10, 6, 2, 12, 9, 16, 1, 8, 5, 15, 11, 7, 13, 14])
7243
Vecsmall([12, 8, 6, 10, 16, 3, 13, 2, 15, 4, 14, 1, 7, 11, 9, 5])
7247
Vecsmall([2, 1, 5, 9, 3, 7, 6, 13, 4, 11, 10, 14, 8, 12, 16, 15])
7253
Vecsmall([8, 12, 16, 15, 6, 13, 3, 7, 10, 14, 4, 11, 2, 1, 5, 9])
7283
Vecsmall([13, 14, 15, 16, 7, 8, 5, 6, 11, 12, 9, 10, 1, 2, 3, 4])
7297
Vecsmall([10, 6, 8, 12, 4, 15, 1, 14, 3, 16, 2, 13, 5, 9, 11, 7])
7307
Vecsmall([12, 8, 6, 10, 16, 3, 13, 2, 15, 4, 14, 1, 7, 11, 9, 5])
7309
Vecsmall([3, 4, 10, 6, 2, 12, 9, 16, 1, 8, 5, 15, 11, 7, 13, 14])
7321
Vecsmall([10, 6, 8, 12, 4, 15, 1, 14, 3, 16, 2, 13, 5, 9, 11, 7])
7331
Vecsmall([13, 14, 15, 16, 7, 8, 5, 6, 11, 12, 9, 10, 1, 2, 3, 4])
7333
Vecsmall([9, 5, 1, 2, 11, 4, 14, 10, 7, 3, 13, 6, 15, 16, 12, 8])
7349
Vecsmall([14, 13, 7, 11, 15, 5, 8, 1, 16, 9, 12, 2, 6, 10, 4, 3])
7351
Vecsmall([2, 1, 5, 9, 3, 7, 6, 13, 4, 11, 10, 14, 8, 12, 16, 15])
7369
Vecsmall([10, 6, 8, 12, 4, 15, 1, 14, 3, 16, 2, 13, 5, 9, 11, 7])
7393
Vecsmall([16, 15, 14, 13, 12, 11, 10, 9, 8, 7, 6, 5, 4, 3, 2, 1])
7411
Vecsmall([4, 3, 2, 1, 10, 9, 12, 11, 6, 5, 8, 7, 16, 15, 14, 13])
7417
Vecsmall([7, 11, 9, 5, 13, 2, 16, 3, 14, 1, 15, 4, 12, 8, 6, 10])
7433
Vecsmall([10, 6, 8, 12, 4, 15, 1, 14, 3, 16, 2, 13, 5, 9, 11, 7])
7451
Vecsmall([4, 3, 2, 1, 10, 9, 12, 11, 6, 5, 8, 7, 16, 15, 14, 13])
7457
Vecsmall([7, 11, 9, 5, 13, 2, 16, 3, 14, 1, 15, 4, 12, 8, 6, 10])
7459
Vecsmall([4, 3, 2, 1, 10, 9, 12, 11, 6, 5, 8, 7, 16, 15, 14, 13])
7477
Vecsmall([9, 5, 1, 2, 11, 4, 14, 10, 7, 3, 13, 6, 15, 16, 12, 8])
7481
Vecsmall([1, 2, 3, 4, 5, 6, 7, 8, 9, 10, 11, 12, 13, 14, 15, 16])
7487
Vecsmall([11, 7, 13, 14, 9, 16, 2, 12, 5, 15, 1, 8, 3, 4, 10, 6])
7489
Vecsmall([1, 2, 3, 4, 5, 6, 7, 8, 9, 10, 11, 12, 13, 14, 15, 16])
7499
Vecsmall([4, 3, 2, 1, 10, 9, 12, 11, 6, 5, 8, 7, 16, 15, 14, 13])
7507
Vecsmall([12, 8, 6, 10, 16, 3, 13, 2, 15, 4, 14, 1, 7, 11, 9, 5])
7517
Vecsmall([14, 13, 7, 11, 15, 5, 8, 1, 16, 9, 12, 2, 6, 10, 4, 3])
7523
Vecsmall([12, 8, 6, 10, 16, 3, 13, 2, 15, 4, 14, 1, 7, 11, 9, 5])
7529
Vecsmall([16, 15, 14, 13, 12, 11, 10, 9, 8, 7, 6, 5, 4, 3, 2, 1])
7537
Vecsmall([7, 11, 9, 5, 13, 2, 16, 3, 14, 1, 15, 4, 12, 8, 6, 10])
7541
Vecsmall([8, 12, 16, 15, 6, 13, 3, 7, 10, 14, 4, 11, 2, 1, 5, 9])
7547
Vecsmall([13, 14, 15, 16, 7, 8, 5, 6, 11, 12, 9, 10, 1, 2, 3, 4])
7549
Vecsmall([9, 5, 1, 2, 11, 4, 14, 10, 7, 3, 13, 6, 15, 16, 12, 8])
7559
Vecsmall([2, 1, 5, 9, 3, 7, 6, 13, 4, 11, 10, 14, 8, 12, 16, 15])
7561
Vecsmall([10, 6, 8, 12, 4, 15, 1, 14, 3, 16, 2, 13, 5, 9, 11, 7])
7573
Vecsmall([8, 12, 16, 15, 6, 13, 3, 7, 10, 14, 4, 11, 2, 1, 5, 9])
7577
Vecsmall([1, 2, 3, 4, 5, 6, 7, 8, 9, 10, 11, 12, 13, 14, 15, 16])
7583
Vecsmall([11, 7, 13, 14, 9, 16, 2, 12, 5, 15, 1, 8, 3, 4, 10, 6])
7589
Vecsmall([9, 5, 1, 2, 11, 4, 14, 10, 7, 3, 13, 6, 15, 16, 12, 8])
7591
Vecsmall([2, 1, 5, 9, 3, 7, 6, 13, 4, 11, 10, 14, 8, 12, 16, 15])
7603
Vecsmall([12, 8, 6, 10, 16, 3, 13, 2, 15, 4, 14, 1, 7, 11, 9, 5])
7607
Vecsmall([15, 16, 12, 8, 14, 10, 11, 4, 13, 6, 7, 3, 9, 5, 1, 2])
7621
Vecsmall([3, 4, 10, 6, 2, 12, 9, 16, 1, 8, 5, 15, 11, 7, 13, 14])
7639
Vecsmall([2, 1, 5, 9, 3, 7, 6, 13, 4, 11, 10, 14, 8, 12, 16, 15])
7643
Vecsmall([13, 14, 15, 16, 7, 8, 5, 6, 11, 12, 9, 10, 1, 2, 3, 4])
7649
Vecsmall([7, 11, 9, 5, 13, 2, 16, 3, 14, 1, 15, 4, 12, 8, 6, 10])
7669
Vecsmall([9, 5, 1, 2, 11, 4, 14, 10, 7, 3, 13, 6, 15, 16, 12, 8])
7673
Vecsmall([7, 11, 9, 5, 13, 2, 16, 3, 14, 1, 15, 4, 12, 8, 6, 10])
7681
Vecsmall([7, 11, 9, 5, 13, 2, 16, 3, 14, 1, 15, 4, 12, 8, 6, 10])
7687
Vecsmall([15, 16, 12, 8, 14, 10, 11, 4, 13, 6, 7, 3, 9, 5, 1, 2])
7691
Vecsmall([12, 8, 6, 10, 16, 3, 13, 2, 15, 4, 14, 1, 7, 11, 9, 5])
7699
Vecsmall([13, 14, 15, 16, 7, 8, 5, 6, 11, 12, 9, 10, 1, 2, 3, 4])
7703
Vecsmall([2, 1, 5, 9, 3, 7, 6, 13, 4, 11, 10, 14, 8, 12, 16, 15])
7717
Vecsmall([14, 13, 7, 11, 15, 5, 8, 1, 16, 9, 12, 2, 6, 10, 4, 3])
7723
Vecsmall([13, 14, 15, 16, 7, 8, 5, 6, 11, 12, 9, 10, 1, 2, 3, 4])
7727
Vecsmall([11, 7, 13, 14, 9, 16, 2, 12, 5, 15, 1, 8, 3, 4, 10, 6])
7741
Vecsmall([3, 4, 10, 6, 2, 12, 9, 16, 1, 8, 5, 15, 11, 7, 13, 14])
7753
Vecsmall([16, 15, 14, 13, 12, 11, 10, 9, 8, 7, 6, 5, 4, 3, 2, 1])
7757
Vecsmall([8, 12, 16, 15, 6, 13, 3, 7, 10, 14, 4, 11, 2, 1, 5, 9])
7759
Vecsmall([15, 16, 12, 8, 14, 10, 11, 4, 13, 6, 7, 3, 9, 5, 1, 2])
7789
Vecsmall([3, 4, 10, 6, 2, 12, 9, 16, 1, 8, 5, 15, 11, 7, 13, 14])
7793
Vecsmall([16, 15, 14, 13, 12, 11, 10, 9, 8, 7, 6, 5, 4, 3, 2, 1])
7817
Vecsmall([1, 2, 3, 4, 5, 6, 7, 8, 9, 10, 11, 12, 13, 14, 15, 16])
7823
Vecsmall([11, 7, 13, 14, 9, 16, 2, 12, 5, 15, 1, 8, 3, 4, 10, 6])
7829
Vecsmall([8, 12, 16, 15, 6, 13, 3, 7, 10, 14, 4, 11, 2, 1, 5, 9])
7841
Vecsmall([16, 15, 14, 13, 12, 11, 10, 9, 8, 7, 6, 5, 4, 3, 2, 1])
7853
Vecsmall([14, 13, 7, 11, 15, 5, 8, 1, 16, 9, 12, 2, 6, 10, 4, 3])
7867
Vecsmall([12, 8, 6, 10, 16, 3, 13, 2, 15, 4, 14, 1, 7, 11, 9, 5])
7873
Vecsmall([7, 11, 9, 5, 13, 2, 16, 3, 14, 1, 15, 4, 12, 8, 6, 10])
7877
Vecsmall([9, 5, 1, 2, 11, 4, 14, 10, 7, 3, 13, 6, 15, 16, 12, 8])
7879
Vecsmall([15, 16, 12, 8, 14, 10, 11, 4, 13, 6, 7, 3, 9, 5, 1, 2])
7883
Vecsmall([12, 8, 6, 10, 16, 3, 13, 2, 15, 4, 14, 1, 7, 11, 9, 5])
7901
Vecsmall([14, 13, 7, 11, 15, 5, 8, 1, 16, 9, 12, 2, 6, 10, 4, 3])
7907
Vecsmall([4, 3, 2, 1, 10, 9, 12, 11, 6, 5, 8, 7, 16, 15, 14, 13])
7919
Vecsmall([11, 7, 13, 14, 9, 16, 2, 12, 5, 15, 1, 8, 3, 4, 10, 6])
7927
Vecsmall([15, 16, 12, 8, 14, 10, 11, 4, 13, 6, 7, 3, 9, 5, 1, 2])
7933
Vecsmall([9, 5, 1, 2, 11, 4, 14, 10, 7, 3, 13, 6, 15, 16, 12, 8])
7937
Vecsmall([7, 11, 9, 5, 13, 2, 16, 3, 14, 1, 15, 4, 12, 8, 6, 10])
7949
Vecsmall([3, 4, 10, 6, 2, 12, 9, 16, 1, 8, 5, 15, 11, 7, 13, 14])
7951
Vecsmall([15, 16, 12, 8, 14, 10, 11, 4, 13, 6, 7, 3, 9, 5, 1, 2])
7963
Vecsmall([12, 8, 6, 10, 16, 3, 13, 2, 15, 4, 14, 1, 7, 11, 9, 5])
7993
Vecsmall([16, 15, 14, 13, 12, 11, 10, 9, 8, 7, 6, 5, 4, 3, 2, 1])
8009
Vecsmall([10, 6, 8, 12, 4, 15, 1, 14, 3, 16, 2, 13, 5, 9, 11, 7])
8011
Vecsmall([4, 3, 2, 1, 10, 9, 12, 11, 6, 5, 8, 7, 16, 15, 14, 13])
8017
Vecsmall([7, 11, 9, 5, 13, 2, 16, 3, 14, 1, 15, 4, 12, 8, 6, 10])
8039
Vecsmall([2, 1, 5, 9, 3, 7, 6, 13, 4, 11, 10, 14, 8, 12, 16, 15])
8053
Vecsmall([9, 5, 1, 2, 11, 4, 14, 10, 7, 3, 13, 6, 15, 16, 12, 8])
8059
Vecsmall([13, 14, 15, 16, 7, 8, 5, 6, 11, 12, 9, 10, 1, 2, 3, 4])
8069
Vecsmall([8, 12, 16, 15, 6, 13, 3, 7, 10, 14, 4, 11, 2, 1, 5, 9])
8081
Vecsmall([1, 2, 3, 4, 5, 6, 7, 8, 9, 10, 11, 12, 13, 14, 15, 16])
8087
Vecsmall([15, 16, 12, 8, 14, 10, 11, 4, 13, 6, 7, 3, 9, 5, 1, 2])
8089
Vecsmall([7, 11, 9, 5, 13, 2, 16, 3, 14, 1, 15, 4, 12, 8, 6, 10])
8093
Vecsmall([3, 4, 10, 6, 2, 12, 9, 16, 1, 8, 5, 15, 11, 7, 13, 14])
8101
Vecsmall([3, 4, 10, 6, 2, 12, 9, 16, 1, 8, 5, 15, 11, 7, 13, 14])
8111
Vecsmall([2, 1, 5, 9, 3, 7, 6, 13, 4, 11, 10, 14, 8, 12, 16, 15])
8117
Vecsmall([14, 13, 7, 11, 15, 5, 8, 1, 16, 9, 12, 2, 6, 10, 4, 3])
8123
Vecsmall([12, 8, 6, 10, 16, 3, 13, 2, 15, 4, 14, 1, 7, 11, 9, 5])
8147
Vecsmall([13, 14, 15, 16, 7, 8, 5, 6, 11, 12, 9, 10, 1, 2, 3, 4])
8161
Vecsmall([16, 15, 14, 13, 12, 11, 10, 9, 8, 7, 6, 5, 4, 3, 2, 1])
8167
Vecsmall([15, 16, 12, 8, 14, 10, 11, 4, 13, 6, 7, 3, 9, 5, 1, 2])
8171
Vecsmall([12, 8, 6, 10, 16, 3, 13, 2, 15, 4, 14, 1, 7, 11, 9, 5])
8179
Vecsmall([13, 14, 15, 16, 7, 8, 5, 6, 11, 12, 9, 10, 1, 2, 3, 4])
8191
Vecsmall([15, 16, 12, 8, 14, 10, 11, 4, 13, 6, 7, 3, 9, 5, 1, 2])
8209
Vecsmall([16, 15, 14, 13, 12, 11, 10, 9, 8, 7, 6, 5, 4, 3, 2, 1])
8219
Vecsmall([12, 8, 6, 10, 16, 3, 13, 2, 15, 4, 14, 1, 7, 11, 9, 5])
8221
Vecsmall([14, 13, 7, 11, 15, 5, 8, 1, 16, 9, 12, 2, 6, 10, 4, 3])
8231
Vecsmall([2, 1, 5, 9, 3, 7, 6, 13, 4, 11, 10, 14, 8, 12, 16, 15])
8233
Vecsmall([1, 2, 3, 4, 5, 6, 7, 8, 9, 10, 11, 12, 13, 14, 15, 16])
8237
Vecsmall([8, 12, 16, 15, 6, 13, 3, 7, 10, 14, 4, 11, 2, 1, 5, 9])
8243
Vecsmall([12, 8, 6, 10, 16, 3, 13, 2, 15, 4, 14, 1, 7, 11, 9, 5])
8263
Vecsmall([11, 7, 13, 14, 9, 16, 2, 12, 5, 15, 1, 8, 3, 4, 10, 6])
8269
Vecsmall([14, 13, 7, 11, 15, 5, 8, 1, 16, 9, 12, 2, 6, 10, 4, 3])
8273
Vecsmall([16, 15, 14, 13, 12, 11, 10, 9, 8, 7, 6, 5, 4, 3, 2, 1])
8287
Vecsmall([2, 1, 5, 9, 3, 7, 6, 13, 4, 11, 10, 14, 8, 12, 16, 15])
8291
Vecsmall([12, 8, 6, 10, 16, 3, 13, 2, 15, 4, 14, 1, 7, 11, 9, 5])
8293
Vecsmall([14, 13, 7, 11, 15, 5, 8, 1, 16, 9, 12, 2, 6, 10, 4, 3])
8297
Vecsmall([7, 11, 9, 5, 13, 2, 16, 3, 14, 1, 15, 4, 12, 8, 6, 10])
8311
Vecsmall([15, 16, 12, 8, 14, 10, 11, 4, 13, 6, 7, 3, 9, 5, 1, 2])
8317
Vecsmall([8, 12, 16, 15, 6, 13, 3, 7, 10, 14, 4, 11, 2, 1, 5, 9])
8329
Vecsmall([7, 11, 9, 5, 13, 2, 16, 3, 14, 1, 15, 4, 12, 8, 6, 10])
8353
Vecsmall([7, 11, 9, 5, 13, 2, 16, 3, 14, 1, 15, 4, 12, 8, 6, 10])
8363
Vecsmall([4, 3, 2, 1, 10, 9, 12, 11, 6, 5, 8, 7, 16, 15, 14, 13])
8369
Vecsmall([16, 15, 14, 13, 12, 11, 10, 9, 8, 7, 6, 5, 4, 3, 2, 1])
8377
Vecsmall([10, 6, 8, 12, 4, 15, 1, 14, 3, 16, 2, 13, 5, 9, 11, 7])
8387
Vecsmall([12, 8, 6, 10, 16, 3, 13, 2, 15, 4, 14, 1, 7, 11, 9, 5])
8389
Vecsmall([3, 4, 10, 6, 2, 12, 9, 16, 1, 8, 5, 15, 11, 7, 13, 14])
8419
Vecsmall([4, 3, 2, 1, 10, 9, 12, 11, 6, 5, 8, 7, 16, 15, 14, 13])
8423
Vecsmall([11, 7, 13, 14, 9, 16, 2, 12, 5, 15, 1, 8, 3, 4, 10, 6])
8429
Vecsmall([3, 4, 10, 6, 2, 12, 9, 16, 1, 8, 5, 15, 11, 7, 13, 14])
8431
Vecsmall([15, 16, 12, 8, 14, 10, 11, 4, 13, 6, 7, 3, 9, 5, 1, 2])
8443
Vecsmall([12, 8, 6, 10, 16, 3, 13, 2, 15, 4, 14, 1, 7, 11, 9, 5])
8447
Vecsmall([11, 7, 13, 14, 9, 16, 2, 12, 5, 15, 1, 8, 3, 4, 10, 6])
8461
Vecsmall([14, 13, 7, 11, 15, 5, 8, 1, 16, 9, 12, 2, 6, 10, 4, 3])
8467
Vecsmall([4, 3, 2, 1, 10, 9, 12, 11, 6, 5, 8, 7, 16, 15, 14, 13])
8501
Vecsmall([3, 4, 10, 6, 2, 12, 9, 16, 1, 8, 5, 15, 11, 7, 13, 14])
8513
Vecsmall([10, 6, 8, 12, 4, 15, 1, 14, 3, 16, 2, 13, 5, 9, 11, 7])
8521
Vecsmall([10, 6, 8, 12, 4, 15, 1, 14, 3, 16, 2, 13, 5, 9, 11, 7])
8527
Vecsmall([15, 16, 12, 8, 14, 10, 11, 4, 13, 6, 7, 3, 9, 5, 1, 2])
8537
Vecsmall([1, 2, 3, 4, 5, 6, 7, 8, 9, 10, 11, 12, 13, 14, 15, 16])
8539
Vecsmall([13, 14, 15, 16, 7, 8, 5, 6, 11, 12, 9, 10, 1, 2, 3, 4])
8543
Vecsmall([15, 16, 12, 8, 14, 10, 11, 4, 13, 6, 7, 3, 9, 5, 1, 2])
8563
Vecsmall([12, 8, 6, 10, 16, 3, 13, 2, 15, 4, 14, 1, 7, 11, 9, 5])
8573
Vecsmall([9, 5, 1, 2, 11, 4, 14, 10, 7, 3, 13, 6, 15, 16, 12, 8])
8581
Vecsmall([8, 12, 16, 15, 6, 13, 3, 7, 10, 14, 4, 11, 2, 1, 5, 9])
8597
Vecsmall([9, 5, 1, 2, 11, 4, 14, 10, 7, 3, 13, 6, 15, 16, 12, 8])
8599
Vecsmall([2, 1, 5, 9, 3, 7, 6, 13, 4, 11, 10, 14, 8, 12, 16, 15])
8609
Vecsmall([1, 2, 3, 4, 5, 6, 7, 8, 9, 10, 11, 12, 13, 14, 15, 16])
8623
Vecsmall([11, 7, 13, 14, 9, 16, 2, 12, 5, 15, 1, 8, 3, 4, 10, 6])
8627
Vecsmall([13, 14, 15, 16, 7, 8, 5, 6, 11, 12, 9, 10, 1, 2, 3, 4])
8629
Vecsmall([9, 5, 1, 2, 11, 4, 14, 10, 7, 3, 13, 6, 15, 16, 12, 8])
8641
Vecsmall([7, 11, 9, 5, 13, 2, 16, 3, 14, 1, 15, 4, 12, 8, 6, 10])
8647
Vecsmall([2, 1, 5, 9, 3, 7, 6, 13, 4, 11, 10, 14, 8, 12, 16, 15])
8663
Vecsmall([15, 16, 12, 8, 14, 10, 11, 4, 13, 6, 7, 3, 9, 5, 1, 2])
8669
Vecsmall([14, 13, 7, 11, 15, 5, 8, 1, 16, 9, 12, 2, 6, 10, 4, 3])
8677
Vecsmall([8, 12, 16, 15, 6, 13, 3, 7, 10, 14, 4, 11, 2, 1, 5, 9])
8681
Vecsmall([7, 11, 9, 5, 13, 2, 16, 3, 14, 1, 15, 4, 12, 8, 6, 10])
8689
Vecsmall([10, 6, 8, 12, 4, 15, 1, 14, 3, 16, 2, 13, 5, 9, 11, 7])
8693
Vecsmall([3, 4, 10, 6, 2, 12, 9, 16, 1, 8, 5, 15, 11, 7, 13, 14])
8699
Vecsmall([13, 14, 15, 16, 7, 8, 5, 6, 11, 12, 9, 10, 1, 2, 3, 4])
8707
Vecsmall([13, 14, 15, 16, 7, 8, 5, 6, 11, 12, 9, 10, 1, 2, 3, 4])
8713
Vecsmall([16, 15, 14, 13, 12, 11, 10, 9, 8, 7, 6, 5, 4, 3, 2, 1])
8719
Vecsmall([2, 1, 5, 9, 3, 7, 6, 13, 4, 11, 10, 14, 8, 12, 16, 15])
8731
Vecsmall([12, 8, 6, 10, 16, 3, 13, 2, 15, 4, 14, 1, 7, 11, 9, 5])
8737
Vecsmall([10, 6, 8, 12, 4, 15, 1, 14, 3, 16, 2, 13, 5, 9, 11, 7])
8741
Vecsmall([14, 13, 7, 11, 15, 5, 8, 1, 16, 9, 12, 2, 6, 10, 4, 3])
8747
Vecsmall([4, 3, 2, 1, 10, 9, 12, 11, 6, 5, 8, 7, 16, 15, 14, 13])
8753
Vecsmall([7, 11, 9, 5, 13, 2, 16, 3, 14, 1, 15, 4, 12, 8, 6, 10])
8761
Vecsmall([16, 15, 14, 13, 12, 11, 10, 9, 8, 7, 6, 5, 4, 3, 2, 1])
8779
Vecsmall([4, 3, 2, 1, 10, 9, 12, 11, 6, 5, 8, 7, 16, 15, 14, 13])
8783
Vecsmall([11, 7, 13, 14, 9, 16, 2, 12, 5, 15, 1, 8, 3, 4, 10, 6])
8803
Vecsmall([13, 14, 15, 16, 7, 8, 5, 6, 11, 12, 9, 10, 1, 2, 3, 4])
8807
Vecsmall([2, 1, 5, 9, 3, 7, 6, 13, 4, 11, 10, 14, 8, 12, 16, 15])
8819
Vecsmall([13, 14, 15, 16, 7, 8, 5, 6, 11, 12, 9, 10, 1, 2, 3, 4])
8821
Vecsmall([14, 13, 7, 11, 15, 5, 8, 1, 16, 9, 12, 2, 6, 10, 4, 3])
8831
Vecsmall([2, 1, 5, 9, 3, 7, 6, 13, 4, 11, 10, 14, 8, 12, 16, 15])
8837
Vecsmall([8, 12, 16, 15, 6, 13, 3, 7, 10, 14, 4, 11, 2, 1, 5, 9])
8839
Vecsmall([15, 16, 12, 8, 14, 10, 11, 4, 13, 6, 7, 3, 9, 5, 1, 2])
8849
Vecsmall([10, 6, 8, 12, 4, 15, 1, 14, 3, 16, 2, 13, 5, 9, 11, 7])
8861
Vecsmall([3, 4, 10, 6, 2, 12, 9, 16, 1, 8, 5, 15, 11, 7, 13, 14])
8863
Vecsmall([15, 16, 12, 8, 14, 10, 11, 4, 13, 6, 7, 3, 9, 5, 1, 2])
8867
Vecsmall([13, 14, 15, 16, 7, 8, 5, 6, 11, 12, 9, 10, 1, 2, 3, 4])
8887
Vecsmall([2, 1, 5, 9, 3, 7, 6, 13, 4, 11, 10, 14, 8, 12, 16, 15])
8893
Vecsmall([3, 4, 10, 6, 2, 12, 9, 16, 1, 8, 5, 15, 11, 7, 13, 14])
8923
Vecsmall([12, 8, 6, 10, 16, 3, 13, 2, 15, 4, 14, 1, 7, 11, 9, 5])
8929
Vecsmall([10, 6, 8, 12, 4, 15, 1, 14, 3, 16, 2, 13, 5, 9, 11, 7])
8933
Vecsmall([8, 12, 16, 15, 6, 13, 3, 7, 10, 14, 4, 11, 2, 1, 5, 9])
8941
Vecsmall([8, 12, 16, 15, 6, 13, 3, 7, 10, 14, 4, 11, 2, 1, 5, 9])
8951
Vecsmall([11, 7, 13, 14, 9, 16, 2, 12, 5, 15, 1, 8, 3, 4, 10, 6])
8963
Vecsmall([13, 14, 15, 16, 7, 8, 5, 6, 11, 12, 9, 10, 1, 2, 3, 4])
8969
Vecsmall([16, 15, 14, 13, 12, 11, 10, 9, 8, 7, 6, 5, 4, 3, 2, 1])
8971
Vecsmall([12, 8, 6, 10, 16, 3, 13, 2, 15, 4, 14, 1, 7, 11, 9, 5])
8999
Vecsmall([2, 1, 5, 9, 3, 7, 6, 13, 4, 11, 10, 14, 8, 12, 16, 15])
9001
Vecsmall([1, 2, 3, 4, 5, 6, 7, 8, 9, 10, 11, 12, 13, 14, 15, 16])
9007
Vecsmall([2, 1, 5, 9, 3, 7, 6, 13, 4, 11, 10, 14, 8, 12, 16, 15])
9011
Vecsmall([4, 3, 2, 1, 10, 9, 12, 11, 6, 5, 8, 7, 16, 15, 14, 13])
9013
Vecsmall([9, 5, 1, 2, 11, 4, 14, 10, 7, 3, 13, 6, 15, 16, 12, 8])
9029
Vecsmall([8, 12, 16, 15, 6, 13, 3, 7, 10, 14, 4, 11, 2, 1, 5, 9])
9041
Vecsmall([7, 11, 9, 5, 13, 2, 16, 3, 14, 1, 15, 4, 12, 8, 6, 10])
9043
Vecsmall([4, 3, 2, 1, 10, 9, 12, 11, 6, 5, 8, 7, 16, 15, 14, 13])
9049
Vecsmall([7, 11, 9, 5, 13, 2, 16, 3, 14, 1, 15, 4, 12, 8, 6, 10])
9059
Vecsmall([13, 14, 15, 16, 7, 8, 5, 6, 11, 12, 9, 10, 1, 2, 3, 4])
9067
Vecsmall([12, 8, 6, 10, 16, 3, 13, 2, 15, 4, 14, 1, 7, 11, 9, 5])
9091
Vecsmall([12, 8, 6, 10, 16, 3, 13, 2, 15, 4, 14, 1, 7, 11, 9, 5])
9103
Vecsmall([11, 7, 13, 14, 9, 16, 2, 12, 5, 15, 1, 8, 3, 4, 10, 6])
9109
Vecsmall([14, 13, 7, 11, 15, 5, 8, 1, 16, 9, 12, 2, 6, 10, 4, 3])
9127
Vecsmall([11, 7, 13, 14, 9, 16, 2, 12, 5, 15, 1, 8, 3, 4, 10, 6])
9133
Vecsmall([14, 13, 7, 11, 15, 5, 8, 1, 16, 9, 12, 2, 6, 10, 4, 3])
9137
Vecsmall([1, 2, 3, 4, 5, 6, 7, 8, 9, 10, 11, 12, 13, 14, 15, 16])
9151
Vecsmall([2, 1, 5, 9, 3, 7, 6, 13, 4, 11, 10, 14, 8, 12, 16, 15])
9157
Vecsmall([9, 5, 1, 2, 11, 4, 14, 10, 7, 3, 13, 6, 15, 16, 12, 8])
9161
Vecsmall([7, 11, 9, 5, 13, 2, 16, 3, 14, 1, 15, 4, 12, 8, 6, 10])
9173
Vecsmall([8, 12, 16, 15, 6, 13, 3, 7, 10, 14, 4, 11, 2, 1, 5, 9])
9181
Vecsmall([3, 4, 10, 6, 2, 12, 9, 16, 1, 8, 5, 15, 11, 7, 13, 14])
9187
Vecsmall([12, 8, 6, 10, 16, 3, 13, 2, 15, 4, 14, 1, 7, 11, 9, 5])
9199
Vecsmall([11, 7, 13, 14, 9, 16, 2, 12, 5, 15, 1, 8, 3, 4, 10, 6])
9203
Vecsmall([12, 8, 6, 10, 16, 3, 13, 2, 15, 4, 14, 1, 7, 11, 9, 5])
9209
Vecsmall([1, 2, 3, 4, 5, 6, 7, 8, 9, 10, 11, 12, 13, 14, 15, 16])
9221
Vecsmall([8, 12, 16, 15, 6, 13, 3, 7, 10, 14, 4, 11, 2, 1, 5, 9])
9227
Vecsmall([13, 14, 15, 16, 7, 8, 5, 6, 11, 12, 9, 10, 1, 2, 3, 4])
9239
Vecsmall([15, 16, 12, 8, 14, 10, 11, 4, 13, 6, 7, 3, 9, 5, 1, 2])
9241
Vecsmall([1, 2, 3, 4, 5, 6, 7, 8, 9, 10, 11, 12, 13, 14, 15, 16])
9257
Vecsmall([7, 11, 9, 5, 13, 2, 16, 3, 14, 1, 15, 4, 12, 8, 6, 10])
9277
Vecsmall([9, 5, 1, 2, 11, 4, 14, 10, 7, 3, 13, 6, 15, 16, 12, 8])
9281
Vecsmall([1, 2, 3, 4, 5, 6, 7, 8, 9, 10, 11, 12, 13, 14, 15, 16])
9283
Vecsmall([12, 8, 6, 10, 16, 3, 13, 2, 15, 4, 14, 1, 7, 11, 9, 5])
9293
Vecsmall([8, 12, 16, 15, 6, 13, 3, 7, 10, 14, 4, 11, 2, 1, 5, 9])
9311
Vecsmall([2, 1, 5, 9, 3, 7, 6, 13, 4, 11, 10, 14, 8, 12, 16, 15])
9319
Vecsmall([2, 1, 5, 9, 3, 7, 6, 13, 4, 11, 10, 14, 8, 12, 16, 15])
9323
Vecsmall([12, 8, 6, 10, 16, 3, 13, 2, 15, 4, 14, 1, 7, 11, 9, 5])
9337
Vecsmall([1, 2, 3, 4, 5, 6, 7, 8, 9, 10, 11, 12, 13, 14, 15, 16])
9341
Vecsmall([9, 5, 1, 2, 11, 4, 14, 10, 7, 3, 13, 6, 15, 16, 12, 8])
9343
Vecsmall([11, 7, 13, 14, 9, 16, 2, 12, 5, 15, 1, 8, 3, 4, 10, 6])
9349
Vecsmall([8, 12, 16, 15, 6, 13, 3, 7, 10, 14, 4, 11, 2, 1, 5, 9])
9371
Vecsmall([12, 8, 6, 10, 16, 3, 13, 2, 15, 4, 14, 1, 7, 11, 9, 5])
9377
Vecsmall([16, 15, 14, 13, 12, 11, 10, 9, 8, 7, 6, 5, 4, 3, 2, 1])
9391
Vecsmall([2, 1, 5, 9, 3, 7, 6, 13, 4, 11, 10, 14, 8, 12, 16, 15])
9397
Vecsmall([8, 12, 16, 15, 6, 13, 3, 7, 10, 14, 4, 11, 2, 1, 5, 9])
9403
Vecsmall([13, 14, 15, 16, 7, 8, 5, 6, 11, 12, 9, 10, 1, 2, 3, 4])
9413
Vecsmall([14, 13, 7, 11, 15, 5, 8, 1, 16, 9, 12, 2, 6, 10, 4, 3])
9419
Vecsmall([13, 14, 15, 16, 7, 8, 5, 6, 11, 12, 9, 10, 1, 2, 3, 4])
9421
Vecsmall([8, 12, 16, 15, 6, 13, 3, 7, 10, 14, 4, 11, 2, 1, 5, 9])
9431
Vecsmall([2, 1, 5, 9, 3, 7, 6, 13, 4, 11, 10, 14, 8, 12, 16, 15])
9433
Vecsmall([10, 6, 8, 12, 4, 15, 1, 14, 3, 16, 2, 13, 5, 9, 11, 7])
9437
Vecsmall([9, 5, 1, 2, 11, 4, 14, 10, 7, 3, 13, 6, 15, 16, 12, 8])
9439
Vecsmall([2, 1, 5, 9, 3, 7, 6, 13, 4, 11, 10, 14, 8, 12, 16, 15])
9461
Vecsmall([8, 12, 16, 15, 6, 13, 3, 7, 10, 14, 4, 11, 2, 1, 5, 9])
9463
Vecsmall([11, 7, 13, 14, 9, 16, 2, 12, 5, 15, 1, 8, 3, 4, 10, 6])
9467
Vecsmall([4, 3, 2, 1, 10, 9, 12, 11, 6, 5, 8, 7, 16, 15, 14, 13])
9473
Vecsmall([16, 15, 14, 13, 12, 11, 10, 9, 8, 7, 6, 5, 4, 3, 2, 1])
9479
Vecsmall([15, 16, 12, 8, 14, 10, 11, 4, 13, 6, 7, 3, 9, 5, 1, 2])
9491
Vecsmall([4, 3, 2, 1, 10, 9, 12, 11, 6, 5, 8, 7, 16, 15, 14, 13])
9497
Vecsmall([7, 11, 9, 5, 13, 2, 16, 3, 14, 1, 15, 4, 12, 8, 6, 10])
9511
Vecsmall([15, 16, 12, 8, 14, 10, 11, 4, 13, 6, 7, 3, 9, 5, 1, 2])
9521
Vecsmall([16, 15, 14, 13, 12, 11, 10, 9, 8, 7, 6, 5, 4, 3, 2, 1])
9533
Vecsmall([3, 4, 10, 6, 2, 12, 9, 16, 1, 8, 5, 15, 11, 7, 13, 14])
9539
Vecsmall([4, 3, 2, 1, 10, 9, 12, 11, 6, 5, 8, 7, 16, 15, 14, 13])
9547
Vecsmall([13, 14, 15, 16, 7, 8, 5, 6, 11, 12, 9, 10, 1, 2, 3, 4])
9551
Vecsmall([15, 16, 12, 8, 14, 10, 11, 4, 13, 6, 7, 3, 9, 5, 1, 2])
9587
Vecsmall([12, 8, 6, 10, 16, 3, 13, 2, 15, 4, 14, 1, 7, 11, 9, 5])
9601
Vecsmall([16, 15, 14, 13, 12, 11, 10, 9, 8, 7, 6, 5, 4, 3, 2, 1])
9613
Vecsmall([9, 5, 1, 2, 11, 4, 14, 10, 7, 3, 13, 6, 15, 16, 12, 8])
9619
Vecsmall([4, 3, 2, 1, 10, 9, 12, 11, 6, 5, 8, 7, 16, 15, 14, 13])
9623
Vecsmall([15, 16, 12, 8, 14, 10, 11, 4, 13, 6, 7, 3, 9, 5, 1, 2])
9629
Vecsmall([3, 4, 10, 6, 2, 12, 9, 16, 1, 8, 5, 15, 11, 7, 13, 14])
9631
Vecsmall([15, 16, 12, 8, 14, 10, 11, 4, 13, 6, 7, 3, 9, 5, 1, 2])
9643
Vecsmall([4, 3, 2, 1, 10, 9, 12, 11, 6, 5, 8, 7, 16, 15, 14, 13])
9649
Vecsmall([1, 2, 3, 4, 5, 6, 7, 8, 9, 10, 11, 12, 13, 14, 15, 16])
9661
Vecsmall([14, 13, 7, 11, 15, 5, 8, 1, 16, 9, 12, 2, 6, 10, 4, 3])
9677
Vecsmall([3, 4, 10, 6, 2, 12, 9, 16, 1, 8, 5, 15, 11, 7, 13, 14])
9679
Vecsmall([15, 16, 12, 8, 14, 10, 11, 4, 13, 6, 7, 3, 9, 5, 1, 2])
9689
Vecsmall([10, 6, 8, 12, 4, 15, 1, 14, 3, 16, 2, 13, 5, 9, 11, 7])
9697
Vecsmall([16, 15, 14, 13, 12, 11, 10, 9, 8, 7, 6, 5, 4, 3, 2, 1])
9719
Vecsmall([11, 7, 13, 14, 9, 16, 2, 12, 5, 15, 1, 8, 3, 4, 10, 6])
9721
Vecsmall([1, 2, 3, 4, 5, 6, 7, 8, 9, 10, 11, 12, 13, 14, 15, 16])
9733
Vecsmall([8, 12, 16, 15, 6, 13, 3, 7, 10, 14, 4, 11, 2, 1, 5, 9])
9739
Vecsmall([13, 14, 15, 16, 7, 8, 5, 6, 11, 12, 9, 10, 1, 2, 3, 4])
9743
Vecsmall([2, 1, 5, 9, 3, 7, 6, 13, 4, 11, 10, 14, 8, 12, 16, 15])
9749
Vecsmall([8, 12, 16, 15, 6, 13, 3, 7, 10, 14, 4, 11, 2, 1, 5, 9])
9767
Vecsmall([11, 7, 13, 14, 9, 16, 2, 12, 5, 15, 1, 8, 3, 4, 10, 6])
9769
Vecsmall([16, 15, 14, 13, 12, 11, 10, 9, 8, 7, 6, 5, 4, 3, 2, 1])
9781
Vecsmall([3, 4, 10, 6, 2, 12, 9, 16, 1, 8, 5, 15, 11, 7, 13, 14])
9787
Vecsmall([4, 3, 2, 1, 10, 9, 12, 11, 6, 5, 8, 7, 16, 15, 14, 13])
9791
Vecsmall([2, 1, 5, 9, 3, 7, 6, 13, 4, 11, 10, 14, 8, 12, 16, 15])
9803
Vecsmall([13, 14, 15, 16, 7, 8, 5, 6, 11, 12, 9, 10, 1, 2, 3, 4])
9811
Vecsmall([13, 14, 15, 16, 7, 8, 5, 6, 11, 12, 9, 10, 1, 2, 3, 4])
9817
Vecsmall([10, 6, 8, 12, 4, 15, 1, 14, 3, 16, 2, 13, 5, 9, 11, 7])
9829
Vecsmall([8, 12, 16, 15, 6, 13, 3, 7, 10, 14, 4, 11, 2, 1, 5, 9])
9833
Vecsmall([7, 11, 9, 5, 13, 2, 16, 3, 14, 1, 15, 4, 12, 8, 6, 10])
9839
Vecsmall([2, 1, 5, 9, 3, 7, 6, 13, 4, 11, 10, 14, 8, 12, 16, 15])
9851
Vecsmall([13, 14, 15, 16, 7, 8, 5, 6, 11, 12, 9, 10, 1, 2, 3, 4])
9857
Vecsmall([7, 11, 9, 5, 13, 2, 16, 3, 14, 1, 15, 4, 12, 8, 6, 10])
9859
Vecsmall([4, 3, 2, 1, 10, 9, 12, 11, 6, 5, 8, 7, 16, 15, 14, 13])
9871
Vecsmall([15, 16, 12, 8, 14, 10, 11, 4, 13, 6, 7, 3, 9, 5, 1, 2])
9883
Vecsmall([13, 14, 15, 16, 7, 8, 5, 6, 11, 12, 9, 10, 1, 2, 3, 4])
9887
Vecsmall([15, 16, 12, 8, 14, 10, 11, 4, 13, 6, 7, 3, 9, 5, 1, 2])
9901
Vecsmall([14, 13, 7, 11, 15, 5, 8, 1, 16, 9, 12, 2, 6, 10, 4, 3])
9907
Vecsmall([13, 14, 15, 16, 7, 8, 5, 6, 11, 12, 9, 10, 1, 2, 3, 4])
9923
Vecsmall([13, 14, 15, 16, 7, 8, 5, 6, 11, 12, 9, 10, 1, 2, 3, 4])
9929
Vecsmall([10, 6, 8, 12, 4, 15, 1, 14, 3, 16, 2, 13, 5, 9, 11, 7])
9931
Vecsmall([4, 3, 2, 1, 10, 9, 12, 11, 6, 5, 8, 7, 16, 15, 14, 13])
9941
Vecsmall([3, 4, 10, 6, 2, 12, 9, 16, 1, 8, 5, 15, 11, 7, 13, 14])
9949
Vecsmall([14, 13, 7, 11, 15, 5, 8, 1, 16, 9, 12, 2, 6, 10, 4, 3])
9967
Vecsmall([15, 16, 12, 8, 14, 10, 11, 4, 13, 6, 7, 3, 9, 5, 1, 2])
9973
Vecsmall([8, 12, 16, 15, 6, 13, 3, 7, 10, 14, 4, 11, 2, 1, 5, 9])
10007
Vecsmall([2, 1, 5, 9, 3, 7, 6, 13, 4, 11, 10, 14, 8, 12, 16, 15])
10009
Vecsmall([7, 11, 9, 5, 13, 2, 16, 3, 14, 1, 15, 4, 12, 8, 6, 10])
10037
Vecsmall([8, 12, 16, 15, 6, 13, 3, 7, 10, 14, 4, 11, 2, 1, 5, 9])
10039
Vecsmall([11, 7, 13, 14, 9, 16, 2, 12, 5, 15, 1, 8, 3, 4, 10, 6])
10061
Vecsmall([9, 5, 1, 2, 11, 4, 14, 10, 7, 3, 13, 6, 15, 16, 12, 8])
10067
Vecsmall([4, 3, 2, 1, 10, 9, 12, 11, 6, 5, 8, 7, 16, 15, 14, 13])
10069
Vecsmall([14, 13, 7, 11, 15, 5, 8, 1, 16, 9, 12, 2, 6, 10, 4, 3])
10079
Vecsmall([15, 16, 12, 8, 14, 10, 11, 4, 13, 6, 7, 3, 9, 5, 1, 2])
10091
Vecsmall([4, 3, 2, 1, 10, 9, 12, 11, 6, 5, 8, 7, 16, 15, 14, 13])
10093
Vecsmall([14, 13, 7, 11, 15, 5, 8, 1, 16, 9, 12, 2, 6, 10, 4, 3])
10099
Vecsmall([13, 14, 15, 16, 7, 8, 5, 6, 11, 12, 9, 10, 1, 2, 3, 4])
10103
Vecsmall([2, 1, 5, 9, 3, 7, 6, 13, 4, 11, 10, 14, 8, 12, 16, 15])
10111
Vecsmall([15, 16, 12, 8, 14, 10, 11, 4, 13, 6, 7, 3, 9, 5, 1, 2])
10133
Vecsmall([8, 12, 16, 15, 6, 13, 3, 7, 10, 14, 4, 11, 2, 1, 5, 9])
10139
Vecsmall([13, 14, 15, 16, 7, 8, 5, 6, 11, 12, 9, 10, 1, 2, 3, 4])
10141
Vecsmall([14, 13, 7, 11, 15, 5, 8, 1, 16, 9, 12, 2, 6, 10, 4, 3])
