Extension
#3
\zeta_8
\sqrt[4]{2}
sqrt(alpha)
sqrt(sqrt(2))
Mod(-31/42*y^7 - 13/42*y^6 + 8/21*y^5 - 36/7*y^4 - 10/21*y^3 + 326/21*y^2 - 577/42*y + 57/14, y^8 + 8*y^5 - 2*y^4 - 16*y^3 + 32*y^2 - 24*y + 9)


Galois identify
[16, 8]


Galois conjug classes
[[Vecsmall([1, 2, 3, 4, 5, 6, 7, 8, 9, 10, 11, 12, 13, 14, 15, 16])], [Vecsmall([15, 1, 5, 11, 14, 4, 8, 10, 7, 9, 13, 3, 6, 12, 16, 2]), Vecsmall([11, 13, 7, 2, 9, 1, 14, 5, 12, 3, 16, 8, 15, 10, 4, 6]), Vecsmall([6, 4, 10, 15, 8, 16, 3, 12, 5, 14, 1, 9, 2, 7, 13, 11]), Vecsmall([2, 16, 12, 6, 3, 13, 9, 7, 10, 8, 4, 14, 11, 5, 1, 15])], [Vecsmall([9, 12, 16, 14, 11, 10, 2, 4, 13, 15, 7, 6, 3, 1, 5, 8]), Vecsmall([3, 10, 4, 9, 2, 5, 6, 1, 16, 11, 12, 15, 8, 13, 7, 14])], [Vecsmall([13, 6, 8, 1, 7, 15, 12, 14, 3, 5, 2, 10, 16, 9, 11, 4]), Vecsmall([4, 11, 9, 16, 10, 2, 5, 3, 14, 12, 15, 7, 1, 8, 6, 13])], [Vecsmall([12, 8, 6, 10, 16, 3, 13, 2, 15, 4, 14, 1, 7, 11, 9, 5]), Vecsmall([10, 14, 15, 5, 4, 8, 16, 6, 11, 1, 9, 13, 12, 2, 3, 7]), Vecsmall([7, 3, 2, 12, 13, 9, 1, 11, 6, 16, 8, 4, 5, 15, 14, 10]), Vecsmall([5, 9, 11, 7, 1, 14, 4, 15, 2, 13, 3, 16, 10, 6, 8, 12])], [Vecsmall([14, 7, 13, 8, 15, 12, 11, 16, 1, 6, 5, 2, 9, 4, 10, 3]), Vecsmall([8, 5, 1, 3, 6, 7, 15, 13, 4, 2, 10, 11, 14, 16, 12, 9])], [Vecsmall([16, 15, 14, 13, 12, 11, 10, 9, 8, 7, 6, 5, 4, 3, 2, 1])]]


3
Vecsmall([11, 13, 7, 2, 9, 1, 14, 5, 12, 3, 16, 8, 15, 10, 4, 6])
5
Vecsmall([14, 7, 13, 8, 15, 12, 11, 16, 1, 6, 5, 2, 9, 4, 10, 3])
7
Vecsmall([5, 9, 11, 7, 1, 14, 4, 15, 2, 13, 3, 16, 10, 6, 8, 12])
11
Vecsmall([11, 13, 7, 2, 9, 1, 14, 5, 12, 3, 16, 8, 15, 10, 4, 6])
13
Vecsmall([8, 5, 1, 3, 6, 7, 15, 13, 4, 2, 10, 11, 14, 16, 12, 9])
17
Vecsmall([4, 11, 9, 16, 10, 2, 5, 3, 14, 12, 15, 7, 1, 8, 6, 13])
19
Vecsmall([2, 16, 12, 6, 3, 13, 9, 7, 10, 8, 4, 14, 11, 5, 1, 15])
23
Vecsmall([5, 9, 11, 7, 1, 14, 4, 15, 2, 13, 3, 16, 10, 6, 8, 12])
29
Vecsmall([8, 5, 1, 3, 6, 7, 15, 13, 4, 2, 10, 11, 14, 16, 12, 9])
31
Vecsmall([7, 3, 2, 12, 13, 9, 1, 11, 6, 16, 8, 4, 5, 15, 14, 10])
37
Vecsmall([3, 10, 4, 9, 2, 5, 6, 1, 16, 11, 12, 15, 8, 13, 7, 14])
41
Vecsmall([4, 11, 9, 16, 10, 2, 5, 3, 14, 12, 15, 7, 1, 8, 6, 13])
43
Vecsmall([2, 16, 12, 6, 3, 13, 9, 7, 10, 8, 4, 14, 11, 5, 1, 15])
47
Vecsmall([5, 9, 11, 7, 1, 14, 4, 15, 2, 13, 3, 16, 10, 6, 8, 12])
53
Vecsmall([14, 7, 13, 8, 15, 12, 11, 16, 1, 6, 5, 2, 9, 4, 10, 3])
59
Vecsmall([15, 1, 5, 11, 14, 4, 8, 10, 7, 9, 13, 3, 6, 12, 16, 2])
61
Vecsmall([9, 12, 16, 14, 11, 10, 2, 4, 13, 15, 7, 6, 3, 1, 5, 8])
67
Vecsmall([6, 4, 10, 15, 8, 16, 3, 12, 5, 14, 1, 9, 2, 7, 13, 11])
71
Vecsmall([5, 9, 11, 7, 1, 14, 4, 15, 2, 13, 3, 16, 10, 6, 8, 12])
73
Vecsmall([1, 2, 3, 4, 5, 6, 7, 8, 9, 10, 11, 12, 13, 14, 15, 16])
79
Vecsmall([12, 8, 6, 10, 16, 3, 13, 2, 15, 4, 14, 1, 7, 11, 9, 5])
83
Vecsmall([11, 13, 7, 2, 9, 1, 14, 5, 12, 3, 16, 8, 15, 10, 4, 6])
89
Vecsmall([1, 2, 3, 4, 5, 6, 7, 8, 9, 10, 11, 12, 13, 14, 15, 16])
97
Vecsmall([4, 11, 9, 16, 10, 2, 5, 3, 14, 12, 15, 7, 1, 8, 6, 13])
101
Vecsmall([3, 10, 4, 9, 2, 5, 6, 1, 16, 11, 12, 15, 8, 13, 7, 14])
103
Vecsmall([10, 14, 15, 5, 4, 8, 16, 6, 11, 1, 9, 13, 12, 2, 3, 7])
107
Vecsmall([11, 13, 7, 2, 9, 1, 14, 5, 12, 3, 16, 8, 15, 10, 4, 6])
109
Vecsmall([3, 10, 4, 9, 2, 5, 6, 1, 16, 11, 12, 15, 8, 13, 7, 14])
113
Vecsmall([16, 15, 14, 13, 12, 11, 10, 9, 8, 7, 6, 5, 4, 3, 2, 1])
127
Vecsmall([12, 8, 6, 10, 16, 3, 13, 2, 15, 4, 14, 1, 7, 11, 9, 5])
131
Vecsmall([6, 4, 10, 15, 8, 16, 3, 12, 5, 14, 1, 9, 2, 7, 13, 11])
137
Vecsmall([13, 6, 8, 1, 7, 15, 12, 14, 3, 5, 2, 10, 16, 9, 11, 4])
139
Vecsmall([15, 1, 5, 11, 14, 4, 8, 10, 7, 9, 13, 3, 6, 12, 16, 2])
149
Vecsmall([9, 12, 16, 14, 11, 10, 2, 4, 13, 15, 7, 6, 3, 1, 5, 8])
151
Vecsmall([5, 9, 11, 7, 1, 14, 4, 15, 2, 13, 3, 16, 10, 6, 8, 12])
157
Vecsmall([3, 10, 4, 9, 2, 5, 6, 1, 16, 11, 12, 15, 8, 13, 7, 14])
163
Vecsmall([6, 4, 10, 15, 8, 16, 3, 12, 5, 14, 1, 9, 2, 7, 13, 11])
167
Vecsmall([5, 9, 11, 7, 1, 14, 4, 15, 2, 13, 3, 16, 10, 6, 8, 12])
173
Vecsmall([8, 5, 1, 3, 6, 7, 15, 13, 4, 2, 10, 11, 14, 16, 12, 9])
179
Vecsmall([6, 4, 10, 15, 8, 16, 3, 12, 5, 14, 1, 9, 2, 7, 13, 11])
181
Vecsmall([9, 12, 16, 14, 11, 10, 2, 4, 13, 15, 7, 6, 3, 1, 5, 8])
191
Vecsmall([10, 14, 15, 5, 4, 8, 16, 6, 11, 1, 9, 13, 12, 2, 3, 7])
193
Vecsmall([4, 11, 9, 16, 10, 2, 5, 3, 14, 12, 15, 7, 1, 8, 6, 13])
197
Vecsmall([8, 5, 1, 3, 6, 7, 15, 13, 4, 2, 10, 11, 14, 16, 12, 9])
199
Vecsmall([5, 9, 11, 7, 1, 14, 4, 15, 2, 13, 3, 16, 10, 6, 8, 12])
211
Vecsmall([15, 1, 5, 11, 14, 4, 8, 10, 7, 9, 13, 3, 6, 12, 16, 2])
223
Vecsmall([5, 9, 11, 7, 1, 14, 4, 15, 2, 13, 3, 16, 10, 6, 8, 12])
227
Vecsmall([6, 4, 10, 15, 8, 16, 3, 12, 5, 14, 1, 9, 2, 7, 13, 11])
229
Vecsmall([8, 5, 1, 3, 6, 7, 15, 13, 4, 2, 10, 11, 14, 16, 12, 9])
233
Vecsmall([1, 2, 3, 4, 5, 6, 7, 8, 9, 10, 11, 12, 13, 14, 15, 16])
239
Vecsmall([10, 14, 15, 5, 4, 8, 16, 6, 11, 1, 9, 13, 12, 2, 3, 7])
241
Vecsmall([13, 6, 8, 1, 7, 15, 12, 14, 3, 5, 2, 10, 16, 9, 11, 4])
251
Vecsmall([6, 4, 10, 15, 8, 16, 3, 12, 5, 14, 1, 9, 2, 7, 13, 11])
257
Vecsmall([1, 2, 3, 4, 5, 6, 7, 8, 9, 10, 11, 12, 13, 14, 15, 16])
263
Vecsmall([5, 9, 11, 7, 1, 14, 4, 15, 2, 13, 3, 16, 10, 6, 8, 12])
269
Vecsmall([9, 12, 16, 14, 11, 10, 2, 4, 13, 15, 7, 6, 3, 1, 5, 8])
271
Vecsmall([12, 8, 6, 10, 16, 3, 13, 2, 15, 4, 14, 1, 7, 11, 9, 5])
277
Vecsmall([8, 5, 1, 3, 6, 7, 15, 13, 4, 2, 10, 11, 14, 16, 12, 9])
281
Vecsmall([16, 15, 14, 13, 12, 11, 10, 9, 8, 7, 6, 5, 4, 3, 2, 1])
283
Vecsmall([2, 16, 12, 6, 3, 13, 9, 7, 10, 8, 4, 14, 11, 5, 1, 15])
293
Vecsmall([14, 7, 13, 8, 15, 12, 11, 16, 1, 6, 5, 2, 9, 4, 10, 3])
307
Vecsmall([6, 4, 10, 15, 8, 16, 3, 12, 5, 14, 1, 9, 2, 7, 13, 11])
311
Vecsmall([12, 8, 6, 10, 16, 3, 13, 2, 15, 4, 14, 1, 7, 11, 9, 5])
313
Vecsmall([13, 6, 8, 1, 7, 15, 12, 14, 3, 5, 2, 10, 16, 9, 11, 4])
317
Vecsmall([8, 5, 1, 3, 6, 7, 15, 13, 4, 2, 10, 11, 14, 16, 12, 9])
331
Vecsmall([6, 4, 10, 15, 8, 16, 3, 12, 5, 14, 1, 9, 2, 7, 13, 11])
337
Vecsmall([1, 2, 3, 4, 5, 6, 7, 8, 9, 10, 11, 12, 13, 14, 15, 16])
347
Vecsmall([2, 16, 12, 6, 3, 13, 9, 7, 10, 8, 4, 14, 11, 5, 1, 15])
349
Vecsmall([14, 7, 13, 8, 15, 12, 11, 16, 1, 6, 5, 2, 9, 4, 10, 3])
353
Vecsmall([16, 15, 14, 13, 12, 11, 10, 9, 8, 7, 6, 5, 4, 3, 2, 1])
359
Vecsmall([10, 14, 15, 5, 4, 8, 16, 6, 11, 1, 9, 13, 12, 2, 3, 7])
367
Vecsmall([10, 14, 15, 5, 4, 8, 16, 6, 11, 1, 9, 13, 12, 2, 3, 7])
373
Vecsmall([14, 7, 13, 8, 15, 12, 11, 16, 1, 6, 5, 2, 9, 4, 10, 3])
379
Vecsmall([15, 1, 5, 11, 14, 4, 8, 10, 7, 9, 13, 3, 6, 12, 16, 2])
383
Vecsmall([10, 14, 15, 5, 4, 8, 16, 6, 11, 1, 9, 13, 12, 2, 3, 7])
389
Vecsmall([3, 10, 4, 9, 2, 5, 6, 1, 16, 11, 12, 15, 8, 13, 7, 14])
397
Vecsmall([9, 12, 16, 14, 11, 10, 2, 4, 13, 15, 7, 6, 3, 1, 5, 8])
401
Vecsmall([4, 11, 9, 16, 10, 2, 5, 3, 14, 12, 15, 7, 1, 8, 6, 13])
409
Vecsmall([13, 6, 8, 1, 7, 15, 12, 14, 3, 5, 2, 10, 16, 9, 11, 4])
419
Vecsmall([11, 13, 7, 2, 9, 1, 14, 5, 12, 3, 16, 8, 15, 10, 4, 6])
421
Vecsmall([14, 7, 13, 8, 15, 12, 11, 16, 1, 6, 5, 2, 9, 4, 10, 3])
431
Vecsmall([10, 14, 15, 5, 4, 8, 16, 6, 11, 1, 9, 13, 12, 2, 3, 7])
433
Vecsmall([13, 6, 8, 1, 7, 15, 12, 14, 3, 5, 2, 10, 16, 9, 11, 4])
439
Vecsmall([10, 14, 15, 5, 4, 8, 16, 6, 11, 1, 9, 13, 12, 2, 3, 7])
443
Vecsmall([2, 16, 12, 6, 3, 13, 9, 7, 10, 8, 4, 14, 11, 5, 1, 15])
449
Vecsmall([4, 11, 9, 16, 10, 2, 5, 3, 14, 12, 15, 7, 1, 8, 6, 13])
457
Vecsmall([13, 6, 8, 1, 7, 15, 12, 14, 3, 5, 2, 10, 16, 9, 11, 4])
461
Vecsmall([3, 10, 4, 9, 2, 5, 6, 1, 16, 11, 12, 15, 8, 13, 7, 14])
463
Vecsmall([12, 8, 6, 10, 16, 3, 13, 2, 15, 4, 14, 1, 7, 11, 9, 5])
467
Vecsmall([11, 13, 7, 2, 9, 1, 14, 5, 12, 3, 16, 8, 15, 10, 4, 6])
479
Vecsmall([5, 9, 11, 7, 1, 14, 4, 15, 2, 13, 3, 16, 10, 6, 8, 12])
487
Vecsmall([5, 9, 11, 7, 1, 14, 4, 15, 2, 13, 3, 16, 10, 6, 8, 12])
491
Vecsmall([2, 16, 12, 6, 3, 13, 9, 7, 10, 8, 4, 14, 11, 5, 1, 15])
499
Vecsmall([6, 4, 10, 15, 8, 16, 3, 12, 5, 14, 1, 9, 2, 7, 13, 11])
503
Vecsmall([12, 8, 6, 10, 16, 3, 13, 2, 15, 4, 14, 1, 7, 11, 9, 5])
509
Vecsmall([3, 10, 4, 9, 2, 5, 6, 1, 16, 11, 12, 15, 8, 13, 7, 14])
521
Vecsmall([4, 11, 9, 16, 10, 2, 5, 3, 14, 12, 15, 7, 1, 8, 6, 13])
523
Vecsmall([11, 13, 7, 2, 9, 1, 14, 5, 12, 3, 16, 8, 15, 10, 4, 6])
541
Vecsmall([3, 10, 4, 9, 2, 5, 6, 1, 16, 11, 12, 15, 8, 13, 7, 14])
547
Vecsmall([11, 13, 7, 2, 9, 1, 14, 5, 12, 3, 16, 8, 15, 10, 4, 6])
557
Vecsmall([8, 5, 1, 3, 6, 7, 15, 13, 4, 2, 10, 11, 14, 16, 12, 9])
563
Vecsmall([6, 4, 10, 15, 8, 16, 3, 12, 5, 14, 1, 9, 2, 7, 13, 11])
569
Vecsmall([4, 11, 9, 16, 10, 2, 5, 3, 14, 12, 15, 7, 1, 8, 6, 13])
571
Vecsmall([11, 13, 7, 2, 9, 1, 14, 5, 12, 3, 16, 8, 15, 10, 4, 6])
577
Vecsmall([16, 15, 14, 13, 12, 11, 10, 9, 8, 7, 6, 5, 4, 3, 2, 1])
587
Vecsmall([2, 16, 12, 6, 3, 13, 9, 7, 10, 8, 4, 14, 11, 5, 1, 15])
593
Vecsmall([16, 15, 14, 13, 12, 11, 10, 9, 8, 7, 6, 5, 4, 3, 2, 1])
599
Vecsmall([5, 9, 11, 7, 1, 14, 4, 15, 2, 13, 3, 16, 10, 6, 8, 12])
601
Vecsmall([1, 2, 3, 4, 5, 6, 7, 8, 9, 10, 11, 12, 13, 14, 15, 16])
607
Vecsmall([10, 14, 15, 5, 4, 8, 16, 6, 11, 1, 9, 13, 12, 2, 3, 7])
613
Vecsmall([8, 5, 1, 3, 6, 7, 15, 13, 4, 2, 10, 11, 14, 16, 12, 9])
617
Vecsmall([16, 15, 14, 13, 12, 11, 10, 9, 8, 7, 6, 5, 4, 3, 2, 1])
619
Vecsmall([6, 4, 10, 15, 8, 16, 3, 12, 5, 14, 1, 9, 2, 7, 13, 11])
631
Vecsmall([12, 8, 6, 10, 16, 3, 13, 2, 15, 4, 14, 1, 7, 11, 9, 5])
641
Vecsmall([4, 11, 9, 16, 10, 2, 5, 3, 14, 12, 15, 7, 1, 8, 6, 13])
643
Vecsmall([6, 4, 10, 15, 8, 16, 3, 12, 5, 14, 1, 9, 2, 7, 13, 11])
647
Vecsmall([10, 14, 15, 5, 4, 8, 16, 6, 11, 1, 9, 13, 12, 2, 3, 7])
653
Vecsmall([9, 12, 16, 14, 11, 10, 2, 4, 13, 15, 7, 6, 3, 1, 5, 8])
659
Vecsmall([6, 4, 10, 15, 8, 16, 3, 12, 5, 14, 1, 9, 2, 7, 13, 11])
661
Vecsmall([3, 10, 4, 9, 2, 5, 6, 1, 16, 11, 12, 15, 8, 13, 7, 14])
673
Vecsmall([4, 11, 9, 16, 10, 2, 5, 3, 14, 12, 15, 7, 1, 8, 6, 13])
677
Vecsmall([3, 10, 4, 9, 2, 5, 6, 1, 16, 11, 12, 15, 8, 13, 7, 14])
683
Vecsmall([6, 4, 10, 15, 8, 16, 3, 12, 5, 14, 1, 9, 2, 7, 13, 11])
691
Vecsmall([2, 16, 12, 6, 3, 13, 9, 7, 10, 8, 4, 14, 11, 5, 1, 15])
701
Vecsmall([3, 10, 4, 9, 2, 5, 6, 1, 16, 11, 12, 15, 8, 13, 7, 14])
709
Vecsmall([9, 12, 16, 14, 11, 10, 2, 4, 13, 15, 7, 6, 3, 1, 5, 8])
719
Vecsmall([12, 8, 6, 10, 16, 3, 13, 2, 15, 4, 14, 1, 7, 11, 9, 5])
727
Vecsmall([10, 14, 15, 5, 4, 8, 16, 6, 11, 1, 9, 13, 12, 2, 3, 7])
733
Vecsmall([8, 5, 1, 3, 6, 7, 15, 13, 4, 2, 10, 11, 14, 16, 12, 9])
739
Vecsmall([15, 1, 5, 11, 14, 4, 8, 10, 7, 9, 13, 3, 6, 12, 16, 2])
743
Vecsmall([12, 8, 6, 10, 16, 3, 13, 2, 15, 4, 14, 1, 7, 11, 9, 5])
751
Vecsmall([12, 8, 6, 10, 16, 3, 13, 2, 15, 4, 14, 1, 7, 11, 9, 5])
757
Vecsmall([3, 10, 4, 9, 2, 5, 6, 1, 16, 11, 12, 15, 8, 13, 7, 14])
761
Vecsmall([4, 11, 9, 16, 10, 2, 5, 3, 14, 12, 15, 7, 1, 8, 6, 13])
769
Vecsmall([13, 6, 8, 1, 7, 15, 12, 14, 3, 5, 2, 10, 16, 9, 11, 4])
773
Vecsmall([9, 12, 16, 14, 11, 10, 2, 4, 13, 15, 7, 6, 3, 1, 5, 8])
787
Vecsmall([11, 13, 7, 2, 9, 1, 14, 5, 12, 3, 16, 8, 15, 10, 4, 6])
797
Vecsmall([3, 10, 4, 9, 2, 5, 6, 1, 16, 11, 12, 15, 8, 13, 7, 14])
809
Vecsmall([4, 11, 9, 16, 10, 2, 5, 3, 14, 12, 15, 7, 1, 8, 6, 13])
811
Vecsmall([2, 16, 12, 6, 3, 13, 9, 7, 10, 8, 4, 14, 11, 5, 1, 15])
821
Vecsmall([14, 7, 13, 8, 15, 12, 11, 16, 1, 6, 5, 2, 9, 4, 10, 3])
823
Vecsmall([10, 14, 15, 5, 4, 8, 16, 6, 11, 1, 9, 13, 12, 2, 3, 7])
827
Vecsmall([11, 13, 7, 2, 9, 1, 14, 5, 12, 3, 16, 8, 15, 10, 4, 6])
829
Vecsmall([9, 12, 16, 14, 11, 10, 2, 4, 13, 15, 7, 6, 3, 1, 5, 8])
839
Vecsmall([10, 14, 15, 5, 4, 8, 16, 6, 11, 1, 9, 13, 12, 2, 3, 7])
853
Vecsmall([8, 5, 1, 3, 6, 7, 15, 13, 4, 2, 10, 11, 14, 16, 12, 9])
857
Vecsmall([13, 6, 8, 1, 7, 15, 12, 14, 3, 5, 2, 10, 16, 9, 11, 4])
859
Vecsmall([6, 4, 10, 15, 8, 16, 3, 12, 5, 14, 1, 9, 2, 7, 13, 11])
863
Vecsmall([10, 14, 15, 5, 4, 8, 16, 6, 11, 1, 9, 13, 12, 2, 3, 7])
877
Vecsmall([9, 12, 16, 14, 11, 10, 2, 4, 13, 15, 7, 6, 3, 1, 5, 8])
881
Vecsmall([1, 2, 3, 4, 5, 6, 7, 8, 9, 10, 11, 12, 13, 14, 15, 16])
883
Vecsmall([6, 4, 10, 15, 8, 16, 3, 12, 5, 14, 1, 9, 2, 7, 13, 11])
887
Vecsmall([12, 8, 6, 10, 16, 3, 13, 2, 15, 4, 14, 1, 7, 11, 9, 5])
907
Vecsmall([6, 4, 10, 15, 8, 16, 3, 12, 5, 14, 1, 9, 2, 7, 13, 11])
911
Vecsmall([12, 8, 6, 10, 16, 3, 13, 2, 15, 4, 14, 1, 7, 11, 9, 5])
919
Vecsmall([10, 14, 15, 5, 4, 8, 16, 6, 11, 1, 9, 13, 12, 2, 3, 7])
929
Vecsmall([4, 11, 9, 16, 10, 2, 5, 3, 14, 12, 15, 7, 1, 8, 6, 13])
937
Vecsmall([1, 2, 3, 4, 5, 6, 7, 8, 9, 10, 11, 12, 13, 14, 15, 16])
941
Vecsmall([9, 12, 16, 14, 11, 10, 2, 4, 13, 15, 7, 6, 3, 1, 5, 8])
947
Vecsmall([11, 13, 7, 2, 9, 1, 14, 5, 12, 3, 16, 8, 15, 10, 4, 6])
953
Vecsmall([4, 11, 9, 16, 10, 2, 5, 3, 14, 12, 15, 7, 1, 8, 6, 13])
967
Vecsmall([10, 14, 15, 5, 4, 8, 16, 6, 11, 1, 9, 13, 12, 2, 3, 7])
971
Vecsmall([2, 16, 12, 6, 3, 13, 9, 7, 10, 8, 4, 14, 11, 5, 1, 15])
977
Vecsmall([13, 6, 8, 1, 7, 15, 12, 14, 3, 5, 2, 10, 16, 9, 11, 4])
983
Vecsmall([12, 8, 6, 10, 16, 3, 13, 2, 15, 4, 14, 1, 7, 11, 9, 5])
991
Vecsmall([12, 8, 6, 10, 16, 3, 13, 2, 15, 4, 14, 1, 7, 11, 9, 5])
997
Vecsmall([9, 12, 16, 14, 11, 10, 2, 4, 13, 15, 7, 6, 3, 1, 5, 8])
1009
Vecsmall([13, 6, 8, 1, 7, 15, 12, 14, 3, 5, 2, 10, 16, 9, 11, 4])
1013
Vecsmall([3, 10, 4, 9, 2, 5, 6, 1, 16, 11, 12, 15, 8, 13, 7, 14])
1019
Vecsmall([15, 1, 5, 11, 14, 4, 8, 10, 7, 9, 13, 3, 6, 12, 16, 2])
1021
Vecsmall([14, 7, 13, 8, 15, 12, 11, 16, 1, 6, 5, 2, 9, 4, 10, 3])
1031
Vecsmall([10, 14, 15, 5, 4, 8, 16, 6, 11, 1, 9, 13, 12, 2, 3, 7])
1033
Vecsmall([16, 15, 14, 13, 12, 11, 10, 9, 8, 7, 6, 5, 4, 3, 2, 1])
1039
Vecsmall([5, 9, 11, 7, 1, 14, 4, 15, 2, 13, 3, 16, 10, 6, 8, 12])
1049
Vecsmall([16, 15, 14, 13, 12, 11, 10, 9, 8, 7, 6, 5, 4, 3, 2, 1])
1051
Vecsmall([11, 13, 7, 2, 9, 1, 14, 5, 12, 3, 16, 8, 15, 10, 4, 6])
1061
Vecsmall([9, 12, 16, 14, 11, 10, 2, 4, 13, 15, 7, 6, 3, 1, 5, 8])
1063
Vecsmall([12, 8, 6, 10, 16, 3, 13, 2, 15, 4, 14, 1, 7, 11, 9, 5])
1069
Vecsmall([14, 7, 13, 8, 15, 12, 11, 16, 1, 6, 5, 2, 9, 4, 10, 3])
1087
Vecsmall([5, 9, 11, 7, 1, 14, 4, 15, 2, 13, 3, 16, 10, 6, 8, 12])
1091
Vecsmall([15, 1, 5, 11, 14, 4, 8, 10, 7, 9, 13, 3, 6, 12, 16, 2])
1093
Vecsmall([14, 7, 13, 8, 15, 12, 11, 16, 1, 6, 5, 2, 9, 4, 10, 3])
1097
Vecsmall([16, 15, 14, 13, 12, 11, 10, 9, 8, 7, 6, 5, 4, 3, 2, 1])
1103
Vecsmall([12, 8, 6, 10, 16, 3, 13, 2, 15, 4, 14, 1, 7, 11, 9, 5])
1109
Vecsmall([3, 10, 4, 9, 2, 5, 6, 1, 16, 11, 12, 15, 8, 13, 7, 14])
1117
Vecsmall([9, 12, 16, 14, 11, 10, 2, 4, 13, 15, 7, 6, 3, 1, 5, 8])
1123
Vecsmall([2, 16, 12, 6, 3, 13, 9, 7, 10, 8, 4, 14, 11, 5, 1, 15])
1129
Vecsmall([4, 11, 9, 16, 10, 2, 5, 3, 14, 12, 15, 7, 1, 8, 6, 13])
1151
Vecsmall([12, 8, 6, 10, 16, 3, 13, 2, 15, 4, 14, 1, 7, 11, 9, 5])
1153
Vecsmall([16, 15, 14, 13, 12, 11, 10, 9, 8, 7, 6, 5, 4, 3, 2, 1])
1163
Vecsmall([2, 16, 12, 6, 3, 13, 9, 7, 10, 8, 4, 14, 11, 5, 1, 15])
1171
Vecsmall([11, 13, 7, 2, 9, 1, 14, 5, 12, 3, 16, 8, 15, 10, 4, 6])
1181
Vecsmall([8, 5, 1, 3, 6, 7, 15, 13, 4, 2, 10, 11, 14, 16, 12, 9])
1187
Vecsmall([15, 1, 5, 11, 14, 4, 8, 10, 7, 9, 13, 3, 6, 12, 16, 2])
1193
Vecsmall([16, 15, 14, 13, 12, 11, 10, 9, 8, 7, 6, 5, 4, 3, 2, 1])
1201
Vecsmall([16, 15, 14, 13, 12, 11, 10, 9, 8, 7, 6, 5, 4, 3, 2, 1])
1213
Vecsmall([9, 12, 16, 14, 11, 10, 2, 4, 13, 15, 7, 6, 3, 1, 5, 8])
1217
Vecsmall([1, 2, 3, 4, 5, 6, 7, 8, 9, 10, 11, 12, 13, 14, 15, 16])
1223
Vecsmall([12, 8, 6, 10, 16, 3, 13, 2, 15, 4, 14, 1, 7, 11, 9, 5])
1229
Vecsmall([8, 5, 1, 3, 6, 7, 15, 13, 4, 2, 10, 11, 14, 16, 12, 9])
1231
Vecsmall([12, 8, 6, 10, 16, 3, 13, 2, 15, 4, 14, 1, 7, 11, 9, 5])
1237
Vecsmall([14, 7, 13, 8, 15, 12, 11, 16, 1, 6, 5, 2, 9, 4, 10, 3])
1249
Vecsmall([1, 2, 3, 4, 5, 6, 7, 8, 9, 10, 11, 12, 13, 14, 15, 16])
1259
Vecsmall([6, 4, 10, 15, 8, 16, 3, 12, 5, 14, 1, 9, 2, 7, 13, 11])
1277
Vecsmall([14, 7, 13, 8, 15, 12, 11, 16, 1, 6, 5, 2, 9, 4, 10, 3])
1279
Vecsmall([5, 9, 11, 7, 1, 14, 4, 15, 2, 13, 3, 16, 10, 6, 8, 12])
1283
Vecsmall([2, 16, 12, 6, 3, 13, 9, 7, 10, 8, 4, 14, 11, 5, 1, 15])
1289
Vecsmall([1, 2, 3, 4, 5, 6, 7, 8, 9, 10, 11, 12, 13, 14, 15, 16])
1291
Vecsmall([6, 4, 10, 15, 8, 16, 3, 12, 5, 14, 1, 9, 2, 7, 13, 11])
1297
Vecsmall([4, 11, 9, 16, 10, 2, 5, 3, 14, 12, 15, 7, 1, 8, 6, 13])
1301
Vecsmall([9, 12, 16, 14, 11, 10, 2, 4, 13, 15, 7, 6, 3, 1, 5, 8])
1303
Vecsmall([10, 14, 15, 5, 4, 8, 16, 6, 11, 1, 9, 13, 12, 2, 3, 7])
1307
Vecsmall([15, 1, 5, 11, 14, 4, 8, 10, 7, 9, 13, 3, 6, 12, 16, 2])
1319
Vecsmall([10, 14, 15, 5, 4, 8, 16, 6, 11, 1, 9, 13, 12, 2, 3, 7])
1321
Vecsmall([4, 11, 9, 16, 10, 2, 5, 3, 14, 12, 15, 7, 1, 8, 6, 13])
1327
Vecsmall([10, 14, 15, 5, 4, 8, 16, 6, 11, 1, 9, 13, 12, 2, 3, 7])
1361
Vecsmall([13, 6, 8, 1, 7, 15, 12, 14, 3, 5, 2, 10, 16, 9, 11, 4])
1367
Vecsmall([12, 8, 6, 10, 16, 3, 13, 2, 15, 4, 14, 1, 7, 11, 9, 5])
1373
Vecsmall([14, 7, 13, 8, 15, 12, 11, 16, 1, 6, 5, 2, 9, 4, 10, 3])
1381
Vecsmall([14, 7, 13, 8, 15, 12, 11, 16, 1, 6, 5, 2, 9, 4, 10, 3])
1399
Vecsmall([5, 9, 11, 7, 1, 14, 4, 15, 2, 13, 3, 16, 10, 6, 8, 12])
1409
Vecsmall([4, 11, 9, 16, 10, 2, 5, 3, 14, 12, 15, 7, 1, 8, 6, 13])
1423
Vecsmall([5, 9, 11, 7, 1, 14, 4, 15, 2, 13, 3, 16, 10, 6, 8, 12])
1427
Vecsmall([15, 1, 5, 11, 14, 4, 8, 10, 7, 9, 13, 3, 6, 12, 16, 2])
1429
Vecsmall([14, 7, 13, 8, 15, 12, 11, 16, 1, 6, 5, 2, 9, 4, 10, 3])
1433
Vecsmall([1, 2, 3, 4, 5, 6, 7, 8, 9, 10, 11, 12, 13, 14, 15, 16])
1439
Vecsmall([10, 14, 15, 5, 4, 8, 16, 6, 11, 1, 9, 13, 12, 2, 3, 7])
1447
Vecsmall([12, 8, 6, 10, 16, 3, 13, 2, 15, 4, 14, 1, 7, 11, 9, 5])
1451
Vecsmall([2, 16, 12, 6, 3, 13, 9, 7, 10, 8, 4, 14, 11, 5, 1, 15])
1453
Vecsmall([3, 10, 4, 9, 2, 5, 6, 1, 16, 11, 12, 15, 8, 13, 7, 14])
1459
Vecsmall([2, 16, 12, 6, 3, 13, 9, 7, 10, 8, 4, 14, 11, 5, 1, 15])
1471
Vecsmall([12, 8, 6, 10, 16, 3, 13, 2, 15, 4, 14, 1, 7, 11, 9, 5])
1481
Vecsmall([16, 15, 14, 13, 12, 11, 10, 9, 8, 7, 6, 5, 4, 3, 2, 1])
1483
Vecsmall([15, 1, 5, 11, 14, 4, 8, 10, 7, 9, 13, 3, 6, 12, 16, 2])
1487
Vecsmall([10, 14, 15, 5, 4, 8, 16, 6, 11, 1, 9, 13, 12, 2, 3, 7])
1489
Vecsmall([4, 11, 9, 16, 10, 2, 5, 3, 14, 12, 15, 7, 1, 8, 6, 13])
1493
Vecsmall([3, 10, 4, 9, 2, 5, 6, 1, 16, 11, 12, 15, 8, 13, 7, 14])
1499
Vecsmall([11, 13, 7, 2, 9, 1, 14, 5, 12, 3, 16, 8, 15, 10, 4, 6])
1511
Vecsmall([12, 8, 6, 10, 16, 3, 13, 2, 15, 4, 14, 1, 7, 11, 9, 5])
1523
Vecsmall([15, 1, 5, 11, 14, 4, 8, 10, 7, 9, 13, 3, 6, 12, 16, 2])
1531
Vecsmall([15, 1, 5, 11, 14, 4, 8, 10, 7, 9, 13, 3, 6, 12, 16, 2])
1543
Vecsmall([12, 8, 6, 10, 16, 3, 13, 2, 15, 4, 14, 1, 7, 11, 9, 5])
1549
Vecsmall([14, 7, 13, 8, 15, 12, 11, 16, 1, 6, 5, 2, 9, 4, 10, 3])
1553
Vecsmall([1, 2, 3, 4, 5, 6, 7, 8, 9, 10, 11, 12, 13, 14, 15, 16])
1559
Vecsmall([5, 9, 11, 7, 1, 14, 4, 15, 2, 13, 3, 16, 10, 6, 8, 12])
1567
Vecsmall([5, 9, 11, 7, 1, 14, 4, 15, 2, 13, 3, 16, 10, 6, 8, 12])
1571
Vecsmall([6, 4, 10, 15, 8, 16, 3, 12, 5, 14, 1, 9, 2, 7, 13, 11])
1579
Vecsmall([6, 4, 10, 15, 8, 16, 3, 12, 5, 14, 1, 9, 2, 7, 13, 11])
1583
Vecsmall([12, 8, 6, 10, 16, 3, 13, 2, 15, 4, 14, 1, 7, 11, 9, 5])
1597
Vecsmall([8, 5, 1, 3, 6, 7, 15, 13, 4, 2, 10, 11, 14, 16, 12, 9])
1601
Vecsmall([16, 15, 14, 13, 12, 11, 10, 9, 8, 7, 6, 5, 4, 3, 2, 1])
1607
Vecsmall([12, 8, 6, 10, 16, 3, 13, 2, 15, 4, 14, 1, 7, 11, 9, 5])
1609
Vecsmall([1, 2, 3, 4, 5, 6, 7, 8, 9, 10, 11, 12, 13, 14, 15, 16])
1613
Vecsmall([9, 12, 16, 14, 11, 10, 2, 4, 13, 15, 7, 6, 3, 1, 5, 8])
1619
Vecsmall([11, 13, 7, 2, 9, 1, 14, 5, 12, 3, 16, 8, 15, 10, 4, 6])
1621
Vecsmall([3, 10, 4, 9, 2, 5, 6, 1, 16, 11, 12, 15, 8, 13, 7, 14])
1627
Vecsmall([11, 13, 7, 2, 9, 1, 14, 5, 12, 3, 16, 8, 15, 10, 4, 6])
1637
Vecsmall([9, 12, 16, 14, 11, 10, 2, 4, 13, 15, 7, 6, 3, 1, 5, 8])
1657
Vecsmall([13, 6, 8, 1, 7, 15, 12, 14, 3, 5, 2, 10, 16, 9, 11, 4])
1663
Vecsmall([5, 9, 11, 7, 1, 14, 4, 15, 2, 13, 3, 16, 10, 6, 8, 12])
1667
Vecsmall([15, 1, 5, 11, 14, 4, 8, 10, 7, 9, 13, 3, 6, 12, 16, 2])
1669
Vecsmall([3, 10, 4, 9, 2, 5, 6, 1, 16, 11, 12, 15, 8, 13, 7, 14])
1693
Vecsmall([14, 7, 13, 8, 15, 12, 11, 16, 1, 6, 5, 2, 9, 4, 10, 3])
1697
Vecsmall([13, 6, 8, 1, 7, 15, 12, 14, 3, 5, 2, 10, 16, 9, 11, 4])
1699
Vecsmall([11, 13, 7, 2, 9, 1, 14, 5, 12, 3, 16, 8, 15, 10, 4, 6])
1709
Vecsmall([3, 10, 4, 9, 2, 5, 6, 1, 16, 11, 12, 15, 8, 13, 7, 14])
1721
Vecsmall([1, 2, 3, 4, 5, 6, 7, 8, 9, 10, 11, 12, 13, 14, 15, 16])
1723
Vecsmall([11, 13, 7, 2, 9, 1, 14, 5, 12, 3, 16, 8, 15, 10, 4, 6])
1733
Vecsmall([3, 10, 4, 9, 2, 5, 6, 1, 16, 11, 12, 15, 8, 13, 7, 14])
1741
Vecsmall([14, 7, 13, 8, 15, 12, 11, 16, 1, 6, 5, 2, 9, 4, 10, 3])
1747
Vecsmall([6, 4, 10, 15, 8, 16, 3, 12, 5, 14, 1, 9, 2, 7, 13, 11])
1753
Vecsmall([16, 15, 14, 13, 12, 11, 10, 9, 8, 7, 6, 5, 4, 3, 2, 1])
1759
Vecsmall([12, 8, 6, 10, 16, 3, 13, 2, 15, 4, 14, 1, 7, 11, 9, 5])
1777
Vecsmall([1, 2, 3, 4, 5, 6, 7, 8, 9, 10, 11, 12, 13, 14, 15, 16])
1783
Vecsmall([10, 14, 15, 5, 4, 8, 16, 6, 11, 1, 9, 13, 12, 2, 3, 7])
1787
Vecsmall([11, 13, 7, 2, 9, 1, 14, 5, 12, 3, 16, 8, 15, 10, 4, 6])
1789
Vecsmall([9, 12, 16, 14, 11, 10, 2, 4, 13, 15, 7, 6, 3, 1, 5, 8])
1801
Vecsmall([1, 2, 3, 4, 5, 6, 7, 8, 9, 10, 11, 12, 13, 14, 15, 16])
1811
Vecsmall([2, 16, 12, 6, 3, 13, 9, 7, 10, 8, 4, 14, 11, 5, 1, 15])
1823
Vecsmall([10, 14, 15, 5, 4, 8, 16, 6, 11, 1, 9, 13, 12, 2, 3, 7])
1831
Vecsmall([5, 9, 11, 7, 1, 14, 4, 15, 2, 13, 3, 16, 10, 6, 8, 12])
1847
Vecsmall([5, 9, 11, 7, 1, 14, 4, 15, 2, 13, 3, 16, 10, 6, 8, 12])
1861
Vecsmall([14, 7, 13, 8, 15, 12, 11, 16, 1, 6, 5, 2, 9, 4, 10, 3])
1867
Vecsmall([11, 13, 7, 2, 9, 1, 14, 5, 12, 3, 16, 8, 15, 10, 4, 6])
1871
Vecsmall([12, 8, 6, 10, 16, 3, 13, 2, 15, 4, 14, 1, 7, 11, 9, 5])
1873
Vecsmall([13, 6, 8, 1, 7, 15, 12, 14, 3, 5, 2, 10, 16, 9, 11, 4])
1877
Vecsmall([14, 7, 13, 8, 15, 12, 11, 16, 1, 6, 5, 2, 9, 4, 10, 3])
1879
Vecsmall([12, 8, 6, 10, 16, 3, 13, 2, 15, 4, 14, 1, 7, 11, 9, 5])
1889
Vecsmall([16, 15, 14, 13, 12, 11, 10, 9, 8, 7, 6, 5, 4, 3, 2, 1])
1901
Vecsmall([9, 12, 16, 14, 11, 10, 2, 4, 13, 15, 7, 6, 3, 1, 5, 8])
1907
Vecsmall([15, 1, 5, 11, 14, 4, 8, 10, 7, 9, 13, 3, 6, 12, 16, 2])
1913
Vecsmall([1, 2, 3, 4, 5, 6, 7, 8, 9, 10, 11, 12, 13, 14, 15, 16])
1931
Vecsmall([2, 16, 12, 6, 3, 13, 9, 7, 10, 8, 4, 14, 11, 5, 1, 15])
1933
Vecsmall([3, 10, 4, 9, 2, 5, 6, 1, 16, 11, 12, 15, 8, 13, 7, 14])
1949
Vecsmall([3, 10, 4, 9, 2, 5, 6, 1, 16, 11, 12, 15, 8, 13, 7, 14])
1951
Vecsmall([5, 9, 11, 7, 1, 14, 4, 15, 2, 13, 3, 16, 10, 6, 8, 12])
1973
Vecsmall([9, 12, 16, 14, 11, 10, 2, 4, 13, 15, 7, 6, 3, 1, 5, 8])
1979
Vecsmall([2, 16, 12, 6, 3, 13, 9, 7, 10, 8, 4, 14, 11, 5, 1, 15])
1987
Vecsmall([11, 13, 7, 2, 9, 1, 14, 5, 12, 3, 16, 8, 15, 10, 4, 6])
1993
Vecsmall([13, 6, 8, 1, 7, 15, 12, 14, 3, 5, 2, 10, 16, 9, 11, 4])
1997
Vecsmall([14, 7, 13, 8, 15, 12, 11, 16, 1, 6, 5, 2, 9, 4, 10, 3])
1999
Vecsmall([12, 8, 6, 10, 16, 3, 13, 2, 15, 4, 14, 1, 7, 11, 9, 5])
2003
Vecsmall([11, 13, 7, 2, 9, 1, 14, 5, 12, 3, 16, 8, 15, 10, 4, 6])
2011
Vecsmall([15, 1, 5, 11, 14, 4, 8, 10, 7, 9, 13, 3, 6, 12, 16, 2])
2017
Vecsmall([4, 11, 9, 16, 10, 2, 5, 3, 14, 12, 15, 7, 1, 8, 6, 13])
2027
Vecsmall([6, 4, 10, 15, 8, 16, 3, 12, 5, 14, 1, 9, 2, 7, 13, 11])
2029
Vecsmall([14, 7, 13, 8, 15, 12, 11, 16, 1, 6, 5, 2, 9, 4, 10, 3])
2039
Vecsmall([10, 14, 15, 5, 4, 8, 16, 6, 11, 1, 9, 13, 12, 2, 3, 7])
2053
Vecsmall([3, 10, 4, 9, 2, 5, 6, 1, 16, 11, 12, 15, 8, 13, 7, 14])
2063
Vecsmall([10, 14, 15, 5, 4, 8, 16, 6, 11, 1, 9, 13, 12, 2, 3, 7])
2069
Vecsmall([3, 10, 4, 9, 2, 5, 6, 1, 16, 11, 12, 15, 8, 13, 7, 14])
2081
Vecsmall([4, 11, 9, 16, 10, 2, 5, 3, 14, 12, 15, 7, 1, 8, 6, 13])
2083
Vecsmall([2, 16, 12, 6, 3, 13, 9, 7, 10, 8, 4, 14, 11, 5, 1, 15])
2087
Vecsmall([10, 14, 15, 5, 4, 8, 16, 6, 11, 1, 9, 13, 12, 2, 3, 7])
2089
Vecsmall([1, 2, 3, 4, 5, 6, 7, 8, 9, 10, 11, 12, 13, 14, 15, 16])
2099
Vecsmall([11, 13, 7, 2, 9, 1, 14, 5, 12, 3, 16, 8, 15, 10, 4, 6])
2111
Vecsmall([12, 8, 6, 10, 16, 3, 13, 2, 15, 4, 14, 1, 7, 11, 9, 5])
2113
Vecsmall([1, 2, 3, 4, 5, 6, 7, 8, 9, 10, 11, 12, 13, 14, 15, 16])
2129
Vecsmall([16, 15, 14, 13, 12, 11, 10, 9, 8, 7, 6, 5, 4, 3, 2, 1])
2131
Vecsmall([2, 16, 12, 6, 3, 13, 9, 7, 10, 8, 4, 14, 11, 5, 1, 15])
2137
Vecsmall([13, 6, 8, 1, 7, 15, 12, 14, 3, 5, 2, 10, 16, 9, 11, 4])
2141
Vecsmall([8, 5, 1, 3, 6, 7, 15, 13, 4, 2, 10, 11, 14, 16, 12, 9])
2143
Vecsmall([10, 14, 15, 5, 4, 8, 16, 6, 11, 1, 9, 13, 12, 2, 3, 7])
2153
Vecsmall([4, 11, 9, 16, 10, 2, 5, 3, 14, 12, 15, 7, 1, 8, 6, 13])
2161
Vecsmall([13, 6, 8, 1, 7, 15, 12, 14, 3, 5, 2, 10, 16, 9, 11, 4])
2179
Vecsmall([6, 4, 10, 15, 8, 16, 3, 12, 5, 14, 1, 9, 2, 7, 13, 11])
2203
Vecsmall([15, 1, 5, 11, 14, 4, 8, 10, 7, 9, 13, 3, 6, 12, 16, 2])
2207
Vecsmall([5, 9, 11, 7, 1, 14, 4, 15, 2, 13, 3, 16, 10, 6, 8, 12])
2213
Vecsmall([8, 5, 1, 3, 6, 7, 15, 13, 4, 2, 10, 11, 14, 16, 12, 9])
2221
Vecsmall([8, 5, 1, 3, 6, 7, 15, 13, 4, 2, 10, 11, 14, 16, 12, 9])
2237
Vecsmall([8, 5, 1, 3, 6, 7, 15, 13, 4, 2, 10, 11, 14, 16, 12, 9])
2239
Vecsmall([12, 8, 6, 10, 16, 3, 13, 2, 15, 4, 14, 1, 7, 11, 9, 5])
2243
Vecsmall([2, 16, 12, 6, 3, 13, 9, 7, 10, 8, 4, 14, 11, 5, 1, 15])
2251
Vecsmall([11, 13, 7, 2, 9, 1, 14, 5, 12, 3, 16, 8, 15, 10, 4, 6])
2267
Vecsmall([15, 1, 5, 11, 14, 4, 8, 10, 7, 9, 13, 3, 6, 12, 16, 2])
2269
Vecsmall([14, 7, 13, 8, 15, 12, 11, 16, 1, 6, 5, 2, 9, 4, 10, 3])
2273
Vecsmall([16, 15, 14, 13, 12, 11, 10, 9, 8, 7, 6, 5, 4, 3, 2, 1])
2281
Vecsmall([16, 15, 14, 13, 12, 11, 10, 9, 8, 7, 6, 5, 4, 3, 2, 1])
2287
Vecsmall([10, 14, 15, 5, 4, 8, 16, 6, 11, 1, 9, 13, 12, 2, 3, 7])
2293
Vecsmall([9, 12, 16, 14, 11, 10, 2, 4, 13, 15, 7, 6, 3, 1, 5, 8])
2297
Vecsmall([13, 6, 8, 1, 7, 15, 12, 14, 3, 5, 2, 10, 16, 9, 11, 4])
2309
Vecsmall([9, 12, 16, 14, 11, 10, 2, 4, 13, 15, 7, 6, 3, 1, 5, 8])
2311
Vecsmall([10, 14, 15, 5, 4, 8, 16, 6, 11, 1, 9, 13, 12, 2, 3, 7])
2333
Vecsmall([9, 12, 16, 14, 11, 10, 2, 4, 13, 15, 7, 6, 3, 1, 5, 8])
2339
Vecsmall([11, 13, 7, 2, 9, 1, 14, 5, 12, 3, 16, 8, 15, 10, 4, 6])
2341
Vecsmall([8, 5, 1, 3, 6, 7, 15, 13, 4, 2, 10, 11, 14, 16, 12, 9])
2347
Vecsmall([11, 13, 7, 2, 9, 1, 14, 5, 12, 3, 16, 8, 15, 10, 4, 6])
2351
Vecsmall([10, 14, 15, 5, 4, 8, 16, 6, 11, 1, 9, 13, 12, 2, 3, 7])
2357
Vecsmall([3, 10, 4, 9, 2, 5, 6, 1, 16, 11, 12, 15, 8, 13, 7, 14])
2371
Vecsmall([2, 16, 12, 6, 3, 13, 9, 7, 10, 8, 4, 14, 11, 5, 1, 15])
2377
Vecsmall([4, 11, 9, 16, 10, 2, 5, 3, 14, 12, 15, 7, 1, 8, 6, 13])
2381
Vecsmall([8, 5, 1, 3, 6, 7, 15, 13, 4, 2, 10, 11, 14, 16, 12, 9])
2383
Vecsmall([5, 9, 11, 7, 1, 14, 4, 15, 2, 13, 3, 16, 10, 6, 8, 12])
2389
Vecsmall([9, 12, 16, 14, 11, 10, 2, 4, 13, 15, 7, 6, 3, 1, 5, 8])
2393
Vecsmall([16, 15, 14, 13, 12, 11, 10, 9, 8, 7, 6, 5, 4, 3, 2, 1])
2399
Vecsmall([10, 14, 15, 5, 4, 8, 16, 6, 11, 1, 9, 13, 12, 2, 3, 7])
2411
Vecsmall([15, 1, 5, 11, 14, 4, 8, 10, 7, 9, 13, 3, 6, 12, 16, 2])
2417
Vecsmall([4, 11, 9, 16, 10, 2, 5, 3, 14, 12, 15, 7, 1, 8, 6, 13])
2423
Vecsmall([5, 9, 11, 7, 1, 14, 4, 15, 2, 13, 3, 16, 10, 6, 8, 12])
2437
Vecsmall([3, 10, 4, 9, 2, 5, 6, 1, 16, 11, 12, 15, 8, 13, 7, 14])
2441
Vecsmall([1, 2, 3, 4, 5, 6, 7, 8, 9, 10, 11, 12, 13, 14, 15, 16])
2447
Vecsmall([12, 8, 6, 10, 16, 3, 13, 2, 15, 4, 14, 1, 7, 11, 9, 5])
2459
Vecsmall([15, 1, 5, 11, 14, 4, 8, 10, 7, 9, 13, 3, 6, 12, 16, 2])
2467
Vecsmall([2, 16, 12, 6, 3, 13, 9, 7, 10, 8, 4, 14, 11, 5, 1, 15])
2473
Vecsmall([16, 15, 14, 13, 12, 11, 10, 9, 8, 7, 6, 5, 4, 3, 2, 1])
2477
Vecsmall([14, 7, 13, 8, 15, 12, 11, 16, 1, 6, 5, 2, 9, 4, 10, 3])
2503
Vecsmall([10, 14, 15, 5, 4, 8, 16, 6, 11, 1, 9, 13, 12, 2, 3, 7])
2521
Vecsmall([13, 6, 8, 1, 7, 15, 12, 14, 3, 5, 2, 10, 16, 9, 11, 4])
2531
Vecsmall([11, 13, 7, 2, 9, 1, 14, 5, 12, 3, 16, 8, 15, 10, 4, 6])
2539
Vecsmall([11, 13, 7, 2, 9, 1, 14, 5, 12, 3, 16, 8, 15, 10, 4, 6])
2543
Vecsmall([10, 14, 15, 5, 4, 8, 16, 6, 11, 1, 9, 13, 12, 2, 3, 7])
2549
Vecsmall([8, 5, 1, 3, 6, 7, 15, 13, 4, 2, 10, 11, 14, 16, 12, 9])
2551
Vecsmall([5, 9, 11, 7, 1, 14, 4, 15, 2, 13, 3, 16, 10, 6, 8, 12])
2557
Vecsmall([14, 7, 13, 8, 15, 12, 11, 16, 1, 6, 5, 2, 9, 4, 10, 3])
2579
Vecsmall([11, 13, 7, 2, 9, 1, 14, 5, 12, 3, 16, 8, 15, 10, 4, 6])
2591
Vecsmall([5, 9, 11, 7, 1, 14, 4, 15, 2, 13, 3, 16, 10, 6, 8, 12])
2593
Vecsmall([1, 2, 3, 4, 5, 6, 7, 8, 9, 10, 11, 12, 13, 14, 15, 16])
2609
Vecsmall([13, 6, 8, 1, 7, 15, 12, 14, 3, 5, 2, 10, 16, 9, 11, 4])
2617
Vecsmall([4, 11, 9, 16, 10, 2, 5, 3, 14, 12, 15, 7, 1, 8, 6, 13])
2621
Vecsmall([8, 5, 1, 3, 6, 7, 15, 13, 4, 2, 10, 11, 14, 16, 12, 9])
2633
Vecsmall([13, 6, 8, 1, 7, 15, 12, 14, 3, 5, 2, 10, 16, 9, 11, 4])
2647
Vecsmall([10, 14, 15, 5, 4, 8, 16, 6, 11, 1, 9, 13, 12, 2, 3, 7])
2657
Vecsmall([1, 2, 3, 4, 5, 6, 7, 8, 9, 10, 11, 12, 13, 14, 15, 16])
2659
Vecsmall([6, 4, 10, 15, 8, 16, 3, 12, 5, 14, 1, 9, 2, 7, 13, 11])
2663
Vecsmall([5, 9, 11, 7, 1, 14, 4, 15, 2, 13, 3, 16, 10, 6, 8, 12])
2671
Vecsmall([5, 9, 11, 7, 1, 14, 4, 15, 2, 13, 3, 16, 10, 6, 8, 12])
2677
Vecsmall([14, 7, 13, 8, 15, 12, 11, 16, 1, 6, 5, 2, 9, 4, 10, 3])
2683
Vecsmall([6, 4, 10, 15, 8, 16, 3, 12, 5, 14, 1, 9, 2, 7, 13, 11])
2687
Vecsmall([5, 9, 11, 7, 1, 14, 4, 15, 2, 13, 3, 16, 10, 6, 8, 12])
2689
Vecsmall([16, 15, 14, 13, 12, 11, 10, 9, 8, 7, 6, 5, 4, 3, 2, 1])
2693
Vecsmall([9, 12, 16, 14, 11, 10, 2, 4, 13, 15, 7, 6, 3, 1, 5, 8])
2699
Vecsmall([6, 4, 10, 15, 8, 16, 3, 12, 5, 14, 1, 9, 2, 7, 13, 11])
2707
Vecsmall([6, 4, 10, 15, 8, 16, 3, 12, 5, 14, 1, 9, 2, 7, 13, 11])
2711
Vecsmall([5, 9, 11, 7, 1, 14, 4, 15, 2, 13, 3, 16, 10, 6, 8, 12])
2713
Vecsmall([4, 11, 9, 16, 10, 2, 5, 3, 14, 12, 15, 7, 1, 8, 6, 13])
2719
Vecsmall([12, 8, 6, 10, 16, 3, 13, 2, 15, 4, 14, 1, 7, 11, 9, 5])
2729
Vecsmall([4, 11, 9, 16, 10, 2, 5, 3, 14, 12, 15, 7, 1, 8, 6, 13])
2731
Vecsmall([2, 16, 12, 6, 3, 13, 9, 7, 10, 8, 4, 14, 11, 5, 1, 15])
2741
Vecsmall([8, 5, 1, 3, 6, 7, 15, 13, 4, 2, 10, 11, 14, 16, 12, 9])
2749
Vecsmall([8, 5, 1, 3, 6, 7, 15, 13, 4, 2, 10, 11, 14, 16, 12, 9])
2753
Vecsmall([4, 11, 9, 16, 10, 2, 5, 3, 14, 12, 15, 7, 1, 8, 6, 13])
2767
Vecsmall([10, 14, 15, 5, 4, 8, 16, 6, 11, 1, 9, 13, 12, 2, 3, 7])
2777
Vecsmall([13, 6, 8, 1, 7, 15, 12, 14, 3, 5, 2, 10, 16, 9, 11, 4])
2789
Vecsmall([14, 7, 13, 8, 15, 12, 11, 16, 1, 6, 5, 2, 9, 4, 10, 3])
2791
Vecsmall([12, 8, 6, 10, 16, 3, 13, 2, 15, 4, 14, 1, 7, 11, 9, 5])
2797
Vecsmall([14, 7, 13, 8, 15, 12, 11, 16, 1, 6, 5, 2, 9, 4, 10, 3])
2801
Vecsmall([4, 11, 9, 16, 10, 2, 5, 3, 14, 12, 15, 7, 1, 8, 6, 13])
2803
Vecsmall([6, 4, 10, 15, 8, 16, 3, 12, 5, 14, 1, 9, 2, 7, 13, 11])
2819
Vecsmall([11, 13, 7, 2, 9, 1, 14, 5, 12, 3, 16, 8, 15, 10, 4, 6])
2833
Vecsmall([1, 2, 3, 4, 5, 6, 7, 8, 9, 10, 11, 12, 13, 14, 15, 16])
2837
Vecsmall([8, 5, 1, 3, 6, 7, 15, 13, 4, 2, 10, 11, 14, 16, 12, 9])
2843
Vecsmall([6, 4, 10, 15, 8, 16, 3, 12, 5, 14, 1, 9, 2, 7, 13, 11])
2851
Vecsmall([11, 13, 7, 2, 9, 1, 14, 5, 12, 3, 16, 8, 15, 10, 4, 6])
2857
Vecsmall([16, 15, 14, 13, 12, 11, 10, 9, 8, 7, 6, 5, 4, 3, 2, 1])
2861
Vecsmall([8, 5, 1, 3, 6, 7, 15, 13, 4, 2, 10, 11, 14, 16, 12, 9])
2879
Vecsmall([12, 8, 6, 10, 16, 3, 13, 2, 15, 4, 14, 1, 7, 11, 9, 5])
2887
Vecsmall([5, 9, 11, 7, 1, 14, 4, 15, 2, 13, 3, 16, 10, 6, 8, 12])
2897
Vecsmall([13, 6, 8, 1, 7, 15, 12, 14, 3, 5, 2, 10, 16, 9, 11, 4])
2903
Vecsmall([12, 8, 6, 10, 16, 3, 13, 2, 15, 4, 14, 1, 7, 11, 9, 5])
2909
Vecsmall([9, 12, 16, 14, 11, 10, 2, 4, 13, 15, 7, 6, 3, 1, 5, 8])
2917
Vecsmall([9, 12, 16, 14, 11, 10, 2, 4, 13, 15, 7, 6, 3, 1, 5, 8])
2927
Vecsmall([5, 9, 11, 7, 1, 14, 4, 15, 2, 13, 3, 16, 10, 6, 8, 12])
2939
Vecsmall([15, 1, 5, 11, 14, 4, 8, 10, 7, 9, 13, 3, 6, 12, 16, 2])
2953
Vecsmall([4, 11, 9, 16, 10, 2, 5, 3, 14, 12, 15, 7, 1, 8, 6, 13])
2957
Vecsmall([8, 5, 1, 3, 6, 7, 15, 13, 4, 2, 10, 11, 14, 16, 12, 9])
2963
Vecsmall([11, 13, 7, 2, 9, 1, 14, 5, 12, 3, 16, 8, 15, 10, 4, 6])
2969
Vecsmall([1, 2, 3, 4, 5, 6, 7, 8, 9, 10, 11, 12, 13, 14, 15, 16])
2971
Vecsmall([11, 13, 7, 2, 9, 1, 14, 5, 12, 3, 16, 8, 15, 10, 4, 6])
2999
Vecsmall([12, 8, 6, 10, 16, 3, 13, 2, 15, 4, 14, 1, 7, 11, 9, 5])
3001
Vecsmall([13, 6, 8, 1, 7, 15, 12, 14, 3, 5, 2, 10, 16, 9, 11, 4])
3011
Vecsmall([2, 16, 12, 6, 3, 13, 9, 7, 10, 8, 4, 14, 11, 5, 1, 15])
3019
Vecsmall([15, 1, 5, 11, 14, 4, 8, 10, 7, 9, 13, 3, 6, 12, 16, 2])
3023
Vecsmall([10, 14, 15, 5, 4, 8, 16, 6, 11, 1, 9, 13, 12, 2, 3, 7])
3037
Vecsmall([3, 10, 4, 9, 2, 5, 6, 1, 16, 11, 12, 15, 8, 13, 7, 14])
3041
Vecsmall([13, 6, 8, 1, 7, 15, 12, 14, 3, 5, 2, 10, 16, 9, 11, 4])
3049
Vecsmall([16, 15, 14, 13, 12, 11, 10, 9, 8, 7, 6, 5, 4, 3, 2, 1])
3061
Vecsmall([9, 12, 16, 14, 11, 10, 2, 4, 13, 15, 7, 6, 3, 1, 5, 8])
3067
Vecsmall([11, 13, 7, 2, 9, 1, 14, 5, 12, 3, 16, 8, 15, 10, 4, 6])
3079
Vecsmall([12, 8, 6, 10, 16, 3, 13, 2, 15, 4, 14, 1, 7, 11, 9, 5])
3083
Vecsmall([15, 1, 5, 11, 14, 4, 8, 10, 7, 9, 13, 3, 6, 12, 16, 2])
3089
Vecsmall([16, 15, 14, 13, 12, 11, 10, 9, 8, 7, 6, 5, 4, 3, 2, 1])
3109
Vecsmall([14, 7, 13, 8, 15, 12, 11, 16, 1, 6, 5, 2, 9, 4, 10, 3])
3119
Vecsmall([12, 8, 6, 10, 16, 3, 13, 2, 15, 4, 14, 1, 7, 11, 9, 5])
3121
Vecsmall([16, 15, 14, 13, 12, 11, 10, 9, 8, 7, 6, 5, 4, 3, 2, 1])
3137
Vecsmall([16, 15, 14, 13, 12, 11, 10, 9, 8, 7, 6, 5, 4, 3, 2, 1])
3163
Vecsmall([11, 13, 7, 2, 9, 1, 14, 5, 12, 3, 16, 8, 15, 10, 4, 6])
3167
Vecsmall([10, 14, 15, 5, 4, 8, 16, 6, 11, 1, 9, 13, 12, 2, 3, 7])
3169
Vecsmall([4, 11, 9, 16, 10, 2, 5, 3, 14, 12, 15, 7, 1, 8, 6, 13])
3181
Vecsmall([8, 5, 1, 3, 6, 7, 15, 13, 4, 2, 10, 11, 14, 16, 12, 9])
3187
Vecsmall([15, 1, 5, 11, 14, 4, 8, 10, 7, 9, 13, 3, 6, 12, 16, 2])
3191
Vecsmall([5, 9, 11, 7, 1, 14, 4, 15, 2, 13, 3, 16, 10, 6, 8, 12])
3203
Vecsmall([15, 1, 5, 11, 14, 4, 8, 10, 7, 9, 13, 3, 6, 12, 16, 2])
3209
Vecsmall([4, 11, 9, 16, 10, 2, 5, 3, 14, 12, 15, 7, 1, 8, 6, 13])
3217
Vecsmall([16, 15, 14, 13, 12, 11, 10, 9, 8, 7, 6, 5, 4, 3, 2, 1])
3221
Vecsmall([8, 5, 1, 3, 6, 7, 15, 13, 4, 2, 10, 11, 14, 16, 12, 9])
3229
Vecsmall([8, 5, 1, 3, 6, 7, 15, 13, 4, 2, 10, 11, 14, 16, 12, 9])
3251
Vecsmall([6, 4, 10, 15, 8, 16, 3, 12, 5, 14, 1, 9, 2, 7, 13, 11])
3253
Vecsmall([14, 7, 13, 8, 15, 12, 11, 16, 1, 6, 5, 2, 9, 4, 10, 3])
3257
Vecsmall([1, 2, 3, 4, 5, 6, 7, 8, 9, 10, 11, 12, 13, 14, 15, 16])
3259
Vecsmall([6, 4, 10, 15, 8, 16, 3, 12, 5, 14, 1, 9, 2, 7, 13, 11])
3271
Vecsmall([12, 8, 6, 10, 16, 3, 13, 2, 15, 4, 14, 1, 7, 11, 9, 5])
3299
Vecsmall([15, 1, 5, 11, 14, 4, 8, 10, 7, 9, 13, 3, 6, 12, 16, 2])
3301
Vecsmall([14, 7, 13, 8, 15, 12, 11, 16, 1, 6, 5, 2, 9, 4, 10, 3])
3307
Vecsmall([6, 4, 10, 15, 8, 16, 3, 12, 5, 14, 1, 9, 2, 7, 13, 11])
3313
Vecsmall([16, 15, 14, 13, 12, 11, 10, 9, 8, 7, 6, 5, 4, 3, 2, 1])
3319
Vecsmall([5, 9, 11, 7, 1, 14, 4, 15, 2, 13, 3, 16, 10, 6, 8, 12])
3323
Vecsmall([6, 4, 10, 15, 8, 16, 3, 12, 5, 14, 1, 9, 2, 7, 13, 11])
3329
Vecsmall([13, 6, 8, 1, 7, 15, 12, 14, 3, 5, 2, 10, 16, 9, 11, 4])
3331
Vecsmall([6, 4, 10, 15, 8, 16, 3, 12, 5, 14, 1, 9, 2, 7, 13, 11])
3343
Vecsmall([12, 8, 6, 10, 16, 3, 13, 2, 15, 4, 14, 1, 7, 11, 9, 5])
3347
Vecsmall([15, 1, 5, 11, 14, 4, 8, 10, 7, 9, 13, 3, 6, 12, 16, 2])
3359
Vecsmall([10, 14, 15, 5, 4, 8, 16, 6, 11, 1, 9, 13, 12, 2, 3, 7])
3361
Vecsmall([16, 15, 14, 13, 12, 11, 10, 9, 8, 7, 6, 5, 4, 3, 2, 1])
3371
Vecsmall([2, 16, 12, 6, 3, 13, 9, 7, 10, 8, 4, 14, 11, 5, 1, 15])
3373
Vecsmall([3, 10, 4, 9, 2, 5, 6, 1, 16, 11, 12, 15, 8, 13, 7, 14])
3389
Vecsmall([3, 10, 4, 9, 2, 5, 6, 1, 16, 11, 12, 15, 8, 13, 7, 14])
3391
Vecsmall([12, 8, 6, 10, 16, 3, 13, 2, 15, 4, 14, 1, 7, 11, 9, 5])
3407
Vecsmall([5, 9, 11, 7, 1, 14, 4, 15, 2, 13, 3, 16, 10, 6, 8, 12])
3413
Vecsmall([3, 10, 4, 9, 2, 5, 6, 1, 16, 11, 12, 15, 8, 13, 7, 14])
3433
Vecsmall([4, 11, 9, 16, 10, 2, 5, 3, 14, 12, 15, 7, 1, 8, 6, 13])
3449
Vecsmall([1, 2, 3, 4, 5, 6, 7, 8, 9, 10, 11, 12, 13, 14, 15, 16])
3457
Vecsmall([13, 6, 8, 1, 7, 15, 12, 14, 3, 5, 2, 10, 16, 9, 11, 4])
3461
Vecsmall([14, 7, 13, 8, 15, 12, 11, 16, 1, 6, 5, 2, 9, 4, 10, 3])
3463
Vecsmall([12, 8, 6, 10, 16, 3, 13, 2, 15, 4, 14, 1, 7, 11, 9, 5])
3467
Vecsmall([6, 4, 10, 15, 8, 16, 3, 12, 5, 14, 1, 9, 2, 7, 13, 11])
3469
Vecsmall([9, 12, 16, 14, 11, 10, 2, 4, 13, 15, 7, 6, 3, 1, 5, 8])
3491
Vecsmall([11, 13, 7, 2, 9, 1, 14, 5, 12, 3, 16, 8, 15, 10, 4, 6])
3499
Vecsmall([6, 4, 10, 15, 8, 16, 3, 12, 5, 14, 1, 9, 2, 7, 13, 11])
3511
Vecsmall([10, 14, 15, 5, 4, 8, 16, 6, 11, 1, 9, 13, 12, 2, 3, 7])
3517
Vecsmall([3, 10, 4, 9, 2, 5, 6, 1, 16, 11, 12, 15, 8, 13, 7, 14])
3527
Vecsmall([10, 14, 15, 5, 4, 8, 16, 6, 11, 1, 9, 13, 12, 2, 3, 7])
3529
Vecsmall([16, 15, 14, 13, 12, 11, 10, 9, 8, 7, 6, 5, 4, 3, 2, 1])
3533
Vecsmall([9, 12, 16, 14, 11, 10, 2, 4, 13, 15, 7, 6, 3, 1, 5, 8])
3539
Vecsmall([11, 13, 7, 2, 9, 1, 14, 5, 12, 3, 16, 8, 15, 10, 4, 6])
3541
Vecsmall([3, 10, 4, 9, 2, 5, 6, 1, 16, 11, 12, 15, 8, 13, 7, 14])
3547
Vecsmall([15, 1, 5, 11, 14, 4, 8, 10, 7, 9, 13, 3, 6, 12, 16, 2])
3557
Vecsmall([8, 5, 1, 3, 6, 7, 15, 13, 4, 2, 10, 11, 14, 16, 12, 9])
3559
Vecsmall([12, 8, 6, 10, 16, 3, 13, 2, 15, 4, 14, 1, 7, 11, 9, 5])
3571
Vecsmall([15, 1, 5, 11, 14, 4, 8, 10, 7, 9, 13, 3, 6, 12, 16, 2])
3581
Vecsmall([3, 10, 4, 9, 2, 5, 6, 1, 16, 11, 12, 15, 8, 13, 7, 14])
3583
Vecsmall([5, 9, 11, 7, 1, 14, 4, 15, 2, 13, 3, 16, 10, 6, 8, 12])
3593
Vecsmall([4, 11, 9, 16, 10, 2, 5, 3, 14, 12, 15, 7, 1, 8, 6, 13])
3607
Vecsmall([10, 14, 15, 5, 4, 8, 16, 6, 11, 1, 9, 13, 12, 2, 3, 7])
3613
Vecsmall([9, 12, 16, 14, 11, 10, 2, 4, 13, 15, 7, 6, 3, 1, 5, 8])
3617
Vecsmall([4, 11, 9, 16, 10, 2, 5, 3, 14, 12, 15, 7, 1, 8, 6, 13])
3623
Vecsmall([12, 8, 6, 10, 16, 3, 13, 2, 15, 4, 14, 1, 7, 11, 9, 5])
3631
Vecsmall([5, 9, 11, 7, 1, 14, 4, 15, 2, 13, 3, 16, 10, 6, 8, 12])
3637
Vecsmall([14, 7, 13, 8, 15, 12, 11, 16, 1, 6, 5, 2, 9, 4, 10, 3])
3643
Vecsmall([15, 1, 5, 11, 14, 4, 8, 10, 7, 9, 13, 3, 6, 12, 16, 2])
3659
Vecsmall([15, 1, 5, 11, 14, 4, 8, 10, 7, 9, 13, 3, 6, 12, 16, 2])
3671
Vecsmall([5, 9, 11, 7, 1, 14, 4, 15, 2, 13, 3, 16, 10, 6, 8, 12])
3673
Vecsmall([16, 15, 14, 13, 12, 11, 10, 9, 8, 7, 6, 5, 4, 3, 2, 1])
3677
Vecsmall([14, 7, 13, 8, 15, 12, 11, 16, 1, 6, 5, 2, 9, 4, 10, 3])
3691
Vecsmall([6, 4, 10, 15, 8, 16, 3, 12, 5, 14, 1, 9, 2, 7, 13, 11])
3697
Vecsmall([13, 6, 8, 1, 7, 15, 12, 14, 3, 5, 2, 10, 16, 9, 11, 4])
3701
Vecsmall([9, 12, 16, 14, 11, 10, 2, 4, 13, 15, 7, 6, 3, 1, 5, 8])
3709
Vecsmall([8, 5, 1, 3, 6, 7, 15, 13, 4, 2, 10, 11, 14, 16, 12, 9])
3719
Vecsmall([12, 8, 6, 10, 16, 3, 13, 2, 15, 4, 14, 1, 7, 11, 9, 5])
3727
Vecsmall([10, 14, 15, 5, 4, 8, 16, 6, 11, 1, 9, 13, 12, 2, 3, 7])
3733
Vecsmall([9, 12, 16, 14, 11, 10, 2, 4, 13, 15, 7, 6, 3, 1, 5, 8])
3739
Vecsmall([2, 16, 12, 6, 3, 13, 9, 7, 10, 8, 4, 14, 11, 5, 1, 15])
3761
Vecsmall([16, 15, 14, 13, 12, 11, 10, 9, 8, 7, 6, 5, 4, 3, 2, 1])
3767
Vecsmall([12, 8, 6, 10, 16, 3, 13, 2, 15, 4, 14, 1, 7, 11, 9, 5])
3769
Vecsmall([4, 11, 9, 16, 10, 2, 5, 3, 14, 12, 15, 7, 1, 8, 6, 13])
3779
Vecsmall([15, 1, 5, 11, 14, 4, 8, 10, 7, 9, 13, 3, 6, 12, 16, 2])
3793
Vecsmall([4, 11, 9, 16, 10, 2, 5, 3, 14, 12, 15, 7, 1, 8, 6, 13])
3797
Vecsmall([14, 7, 13, 8, 15, 12, 11, 16, 1, 6, 5, 2, 9, 4, 10, 3])
3803
Vecsmall([11, 13, 7, 2, 9, 1, 14, 5, 12, 3, 16, 8, 15, 10, 4, 6])
3821
Vecsmall([3, 10, 4, 9, 2, 5, 6, 1, 16, 11, 12, 15, 8, 13, 7, 14])
3823
Vecsmall([5, 9, 11, 7, 1, 14, 4, 15, 2, 13, 3, 16, 10, 6, 8, 12])
3833
Vecsmall([16, 15, 14, 13, 12, 11, 10, 9, 8, 7, 6, 5, 4, 3, 2, 1])
3847
Vecsmall([12, 8, 6, 10, 16, 3, 13, 2, 15, 4, 14, 1, 7, 11, 9, 5])
3851
Vecsmall([15, 1, 5, 11, 14, 4, 8, 10, 7, 9, 13, 3, 6, 12, 16, 2])
3853
Vecsmall([14, 7, 13, 8, 15, 12, 11, 16, 1, 6, 5, 2, 9, 4, 10, 3])
3863
Vecsmall([12, 8, 6, 10, 16, 3, 13, 2, 15, 4, 14, 1, 7, 11, 9, 5])
3877
Vecsmall([9, 12, 16, 14, 11, 10, 2, 4, 13, 15, 7, 6, 3, 1, 5, 8])
3881
Vecsmall([4, 11, 9, 16, 10, 2, 5, 3, 14, 12, 15, 7, 1, 8, 6, 13])
3889
Vecsmall([13, 6, 8, 1, 7, 15, 12, 14, 3, 5, 2, 10, 16, 9, 11, 4])
3907
Vecsmall([6, 4, 10, 15, 8, 16, 3, 12, 5, 14, 1, 9, 2, 7, 13, 11])
3911
Vecsmall([12, 8, 6, 10, 16, 3, 13, 2, 15, 4, 14, 1, 7, 11, 9, 5])
3917
Vecsmall([14, 7, 13, 8, 15, 12, 11, 16, 1, 6, 5, 2, 9, 4, 10, 3])
3919
Vecsmall([5, 9, 11, 7, 1, 14, 4, 15, 2, 13, 3, 16, 10, 6, 8, 12])
3923
Vecsmall([11, 13, 7, 2, 9, 1, 14, 5, 12, 3, 16, 8, 15, 10, 4, 6])
3929
Vecsmall([4, 11, 9, 16, 10, 2, 5, 3, 14, 12, 15, 7, 1, 8, 6, 13])
3931
Vecsmall([2, 16, 12, 6, 3, 13, 9, 7, 10, 8, 4, 14, 11, 5, 1, 15])
3943
Vecsmall([10, 14, 15, 5, 4, 8, 16, 6, 11, 1, 9, 13, 12, 2, 3, 7])
3947
Vecsmall([6, 4, 10, 15, 8, 16, 3, 12, 5, 14, 1, 9, 2, 7, 13, 11])
3967
Vecsmall([10, 14, 15, 5, 4, 8, 16, 6, 11, 1, 9, 13, 12, 2, 3, 7])
3989
Vecsmall([3, 10, 4, 9, 2, 5, 6, 1, 16, 11, 12, 15, 8, 13, 7, 14])
4001
Vecsmall([16, 15, 14, 13, 12, 11, 10, 9, 8, 7, 6, 5, 4, 3, 2, 1])
4003
Vecsmall([11, 13, 7, 2, 9, 1, 14, 5, 12, 3, 16, 8, 15, 10, 4, 6])
4007
Vecsmall([5, 9, 11, 7, 1, 14, 4, 15, 2, 13, 3, 16, 10, 6, 8, 12])
4013
Vecsmall([14, 7, 13, 8, 15, 12, 11, 16, 1, 6, 5, 2, 9, 4, 10, 3])
4019
Vecsmall([11, 13, 7, 2, 9, 1, 14, 5, 12, 3, 16, 8, 15, 10, 4, 6])
4021
Vecsmall([14, 7, 13, 8, 15, 12, 11, 16, 1, 6, 5, 2, 9, 4, 10, 3])
4027
Vecsmall([6, 4, 10, 15, 8, 16, 3, 12, 5, 14, 1, 9, 2, 7, 13, 11])
4049
Vecsmall([1, 2, 3, 4, 5, 6, 7, 8, 9, 10, 11, 12, 13, 14, 15, 16])
4051
Vecsmall([11, 13, 7, 2, 9, 1, 14, 5, 12, 3, 16, 8, 15, 10, 4, 6])
4057
Vecsmall([1, 2, 3, 4, 5, 6, 7, 8, 9, 10, 11, 12, 13, 14, 15, 16])
4073
Vecsmall([13, 6, 8, 1, 7, 15, 12, 14, 3, 5, 2, 10, 16, 9, 11, 4])
4079
Vecsmall([5, 9, 11, 7, 1, 14, 4, 15, 2, 13, 3, 16, 10, 6, 8, 12])
4091
Vecsmall([2, 16, 12, 6, 3, 13, 9, 7, 10, 8, 4, 14, 11, 5, 1, 15])
4093
Vecsmall([3, 10, 4, 9, 2, 5, 6, 1, 16, 11, 12, 15, 8, 13, 7, 14])
4099
Vecsmall([6, 4, 10, 15, 8, 16, 3, 12, 5, 14, 1, 9, 2, 7, 13, 11])
4111
Vecsmall([12, 8, 6, 10, 16, 3, 13, 2, 15, 4, 14, 1, 7, 11, 9, 5])
4127
Vecsmall([10, 14, 15, 5, 4, 8, 16, 6, 11, 1, 9, 13, 12, 2, 3, 7])
4129
Vecsmall([13, 6, 8, 1, 7, 15, 12, 14, 3, 5, 2, 10, 16, 9, 11, 4])
4133
Vecsmall([14, 7, 13, 8, 15, 12, 11, 16, 1, 6, 5, 2, 9, 4, 10, 3])
4139
Vecsmall([15, 1, 5, 11, 14, 4, 8, 10, 7, 9, 13, 3, 6, 12, 16, 2])
4153
Vecsmall([16, 15, 14, 13, 12, 11, 10, 9, 8, 7, 6, 5, 4, 3, 2, 1])
4157
Vecsmall([9, 12, 16, 14, 11, 10, 2, 4, 13, 15, 7, 6, 3, 1, 5, 8])
4159
Vecsmall([12, 8, 6, 10, 16, 3, 13, 2, 15, 4, 14, 1, 7, 11, 9, 5])
4177
Vecsmall([1, 2, 3, 4, 5, 6, 7, 8, 9, 10, 11, 12, 13, 14, 15, 16])
4201
Vecsmall([1, 2, 3, 4, 5, 6, 7, 8, 9, 10, 11, 12, 13, 14, 15, 16])
4211
Vecsmall([2, 16, 12, 6, 3, 13, 9, 7, 10, 8, 4, 14, 11, 5, 1, 15])
4217
Vecsmall([16, 15, 14, 13, 12, 11, 10, 9, 8, 7, 6, 5, 4, 3, 2, 1])
4219
Vecsmall([6, 4, 10, 15, 8, 16, 3, 12, 5, 14, 1, 9, 2, 7, 13, 11])
4229
Vecsmall([14, 7, 13, 8, 15, 12, 11, 16, 1, 6, 5, 2, 9, 4, 10, 3])
4231
Vecsmall([5, 9, 11, 7, 1, 14, 4, 15, 2, 13, 3, 16, 10, 6, 8, 12])
4241
Vecsmall([13, 6, 8, 1, 7, 15, 12, 14, 3, 5, 2, 10, 16, 9, 11, 4])
4243
Vecsmall([6, 4, 10, 15, 8, 16, 3, 12, 5, 14, 1, 9, 2, 7, 13, 11])
4253
Vecsmall([9, 12, 16, 14, 11, 10, 2, 4, 13, 15, 7, 6, 3, 1, 5, 8])
4259
Vecsmall([6, 4, 10, 15, 8, 16, 3, 12, 5, 14, 1, 9, 2, 7, 13, 11])
4261
Vecsmall([9, 12, 16, 14, 11, 10, 2, 4, 13, 15, 7, 6, 3, 1, 5, 8])
4271
Vecsmall([12, 8, 6, 10, 16, 3, 13, 2, 15, 4, 14, 1, 7, 11, 9, 5])
4273
Vecsmall([1, 2, 3, 4, 5, 6, 7, 8, 9, 10, 11, 12, 13, 14, 15, 16])
4283
Vecsmall([11, 13, 7, 2, 9, 1, 14, 5, 12, 3, 16, 8, 15, 10, 4, 6])
4289
Vecsmall([16, 15, 14, 13, 12, 11, 10, 9, 8, 7, 6, 5, 4, 3, 2, 1])
4297
Vecsmall([1, 2, 3, 4, 5, 6, 7, 8, 9, 10, 11, 12, 13, 14, 15, 16])
4327
Vecsmall([5, 9, 11, 7, 1, 14, 4, 15, 2, 13, 3, 16, 10, 6, 8, 12])
4337
Vecsmall([4, 11, 9, 16, 10, 2, 5, 3, 14, 12, 15, 7, 1, 8, 6, 13])
4339
Vecsmall([15, 1, 5, 11, 14, 4, 8, 10, 7, 9, 13, 3, 6, 12, 16, 2])
4349
Vecsmall([14, 7, 13, 8, 15, 12, 11, 16, 1, 6, 5, 2, 9, 4, 10, 3])
4357
Vecsmall([14, 7, 13, 8, 15, 12, 11, 16, 1, 6, 5, 2, 9, 4, 10, 3])
4363
Vecsmall([2, 16, 12, 6, 3, 13, 9, 7, 10, 8, 4, 14, 11, 5, 1, 15])
4373
Vecsmall([8, 5, 1, 3, 6, 7, 15, 13, 4, 2, 10, 11, 14, 16, 12, 9])
4391
Vecsmall([5, 9, 11, 7, 1, 14, 4, 15, 2, 13, 3, 16, 10, 6, 8, 12])
4397
Vecsmall([3, 10, 4, 9, 2, 5, 6, 1, 16, 11, 12, 15, 8, 13, 7, 14])
4409
Vecsmall([1, 2, 3, 4, 5, 6, 7, 8, 9, 10, 11, 12, 13, 14, 15, 16])
4421
Vecsmall([8, 5, 1, 3, 6, 7, 15, 13, 4, 2, 10, 11, 14, 16, 12, 9])
4423
Vecsmall([12, 8, 6, 10, 16, 3, 13, 2, 15, 4, 14, 1, 7, 11, 9, 5])
4441
Vecsmall([4, 11, 9, 16, 10, 2, 5, 3, 14, 12, 15, 7, 1, 8, 6, 13])
4447
Vecsmall([10, 14, 15, 5, 4, 8, 16, 6, 11, 1, 9, 13, 12, 2, 3, 7])
4451
Vecsmall([2, 16, 12, 6, 3, 13, 9, 7, 10, 8, 4, 14, 11, 5, 1, 15])
4457
Vecsmall([16, 15, 14, 13, 12, 11, 10, 9, 8, 7, 6, 5, 4, 3, 2, 1])
4463
Vecsmall([12, 8, 6, 10, 16, 3, 13, 2, 15, 4, 14, 1, 7, 11, 9, 5])
4481
Vecsmall([1, 2, 3, 4, 5, 6, 7, 8, 9, 10, 11, 12, 13, 14, 15, 16])
4483
Vecsmall([6, 4, 10, 15, 8, 16, 3, 12, 5, 14, 1, 9, 2, 7, 13, 11])
4493
Vecsmall([8, 5, 1, 3, 6, 7, 15, 13, 4, 2, 10, 11, 14, 16, 12, 9])
4507
Vecsmall([11, 13, 7, 2, 9, 1, 14, 5, 12, 3, 16, 8, 15, 10, 4, 6])
4513
Vecsmall([1, 2, 3, 4, 5, 6, 7, 8, 9, 10, 11, 12, 13, 14, 15, 16])
4517
Vecsmall([14, 7, 13, 8, 15, 12, 11, 16, 1, 6, 5, 2, 9, 4, 10, 3])
4519
Vecsmall([10, 14, 15, 5, 4, 8, 16, 6, 11, 1, 9, 13, 12, 2, 3, 7])
4523
Vecsmall([11, 13, 7, 2, 9, 1, 14, 5, 12, 3, 16, 8, 15, 10, 4, 6])
4547
Vecsmall([6, 4, 10, 15, 8, 16, 3, 12, 5, 14, 1, 9, 2, 7, 13, 11])
4549
Vecsmall([14, 7, 13, 8, 15, 12, 11, 16, 1, 6, 5, 2, 9, 4, 10, 3])
4561
Vecsmall([4, 11, 9, 16, 10, 2, 5, 3, 14, 12, 15, 7, 1, 8, 6, 13])
4567
Vecsmall([5, 9, 11, 7, 1, 14, 4, 15, 2, 13, 3, 16, 10, 6, 8, 12])
4583
Vecsmall([5, 9, 11, 7, 1, 14, 4, 15, 2, 13, 3, 16, 10, 6, 8, 12])
4591
Vecsmall([12, 8, 6, 10, 16, 3, 13, 2, 15, 4, 14, 1, 7, 11, 9, 5])
4597
Vecsmall([9, 12, 16, 14, 11, 10, 2, 4, 13, 15, 7, 6, 3, 1, 5, 8])
4603
Vecsmall([11, 13, 7, 2, 9, 1, 14, 5, 12, 3, 16, 8, 15, 10, 4, 6])
4621
Vecsmall([8, 5, 1, 3, 6, 7, 15, 13, 4, 2, 10, 11, 14, 16, 12, 9])
4637
Vecsmall([14, 7, 13, 8, 15, 12, 11, 16, 1, 6, 5, 2, 9, 4, 10, 3])
4639
Vecsmall([10, 14, 15, 5, 4, 8, 16, 6, 11, 1, 9, 13, 12, 2, 3, 7])
4643
Vecsmall([15, 1, 5, 11, 14, 4, 8, 10, 7, 9, 13, 3, 6, 12, 16, 2])
4649
Vecsmall([4, 11, 9, 16, 10, 2, 5, 3, 14, 12, 15, 7, 1, 8, 6, 13])
4651
Vecsmall([6, 4, 10, 15, 8, 16, 3, 12, 5, 14, 1, 9, 2, 7, 13, 11])
4657
Vecsmall([16, 15, 14, 13, 12, 11, 10, 9, 8, 7, 6, 5, 4, 3, 2, 1])
4663
Vecsmall([5, 9, 11, 7, 1, 14, 4, 15, 2, 13, 3, 16, 10, 6, 8, 12])
4673
Vecsmall([4, 11, 9, 16, 10, 2, 5, 3, 14, 12, 15, 7, 1, 8, 6, 13])
4679
Vecsmall([5, 9, 11, 7, 1, 14, 4, 15, 2, 13, 3, 16, 10, 6, 8, 12])
4691
Vecsmall([2, 16, 12, 6, 3, 13, 9, 7, 10, 8, 4, 14, 11, 5, 1, 15])
4703
Vecsmall([10, 14, 15, 5, 4, 8, 16, 6, 11, 1, 9, 13, 12, 2, 3, 7])
4721
Vecsmall([1, 2, 3, 4, 5, 6, 7, 8, 9, 10, 11, 12, 13, 14, 15, 16])
4723
Vecsmall([15, 1, 5, 11, 14, 4, 8, 10, 7, 9, 13, 3, 6, 12, 16, 2])
4729
Vecsmall([13, 6, 8, 1, 7, 15, 12, 14, 3, 5, 2, 10, 16, 9, 11, 4])
4733
Vecsmall([9, 12, 16, 14, 11, 10, 2, 4, 13, 15, 7, 6, 3, 1, 5, 8])
4751
Vecsmall([5, 9, 11, 7, 1, 14, 4, 15, 2, 13, 3, 16, 10, 6, 8, 12])
4759
Vecsmall([10, 14, 15, 5, 4, 8, 16, 6, 11, 1, 9, 13, 12, 2, 3, 7])
4783
Vecsmall([12, 8, 6, 10, 16, 3, 13, 2, 15, 4, 14, 1, 7, 11, 9, 5])
4787
Vecsmall([2, 16, 12, 6, 3, 13, 9, 7, 10, 8, 4, 14, 11, 5, 1, 15])
4789
Vecsmall([9, 12, 16, 14, 11, 10, 2, 4, 13, 15, 7, 6, 3, 1, 5, 8])
4793
Vecsmall([4, 11, 9, 16, 10, 2, 5, 3, 14, 12, 15, 7, 1, 8, 6, 13])
4799
Vecsmall([5, 9, 11, 7, 1, 14, 4, 15, 2, 13, 3, 16, 10, 6, 8, 12])
4801
Vecsmall([16, 15, 14, 13, 12, 11, 10, 9, 8, 7, 6, 5, 4, 3, 2, 1])
4813
Vecsmall([14, 7, 13, 8, 15, 12, 11, 16, 1, 6, 5, 2, 9, 4, 10, 3])
4817
Vecsmall([16, 15, 14, 13, 12, 11, 10, 9, 8, 7, 6, 5, 4, 3, 2, 1])
4831
Vecsmall([12, 8, 6, 10, 16, 3, 13, 2, 15, 4, 14, 1, 7, 11, 9, 5])
4861
Vecsmall([9, 12, 16, 14, 11, 10, 2, 4, 13, 15, 7, 6, 3, 1, 5, 8])
4871
Vecsmall([12, 8, 6, 10, 16, 3, 13, 2, 15, 4, 14, 1, 7, 11, 9, 5])
4877
Vecsmall([14, 7, 13, 8, 15, 12, 11, 16, 1, 6, 5, 2, 9, 4, 10, 3])
4889
Vecsmall([13, 6, 8, 1, 7, 15, 12, 14, 3, 5, 2, 10, 16, 9, 11, 4])
4903
Vecsmall([10, 14, 15, 5, 4, 8, 16, 6, 11, 1, 9, 13, 12, 2, 3, 7])
4909
Vecsmall([9, 12, 16, 14, 11, 10, 2, 4, 13, 15, 7, 6, 3, 1, 5, 8])
4919
Vecsmall([12, 8, 6, 10, 16, 3, 13, 2, 15, 4, 14, 1, 7, 11, 9, 5])
4931
Vecsmall([2, 16, 12, 6, 3, 13, 9, 7, 10, 8, 4, 14, 11, 5, 1, 15])
4933
Vecsmall([8, 5, 1, 3, 6, 7, 15, 13, 4, 2, 10, 11, 14, 16, 12, 9])
4937
Vecsmall([16, 15, 14, 13, 12, 11, 10, 9, 8, 7, 6, 5, 4, 3, 2, 1])
4943
Vecsmall([12, 8, 6, 10, 16, 3, 13, 2, 15, 4, 14, 1, 7, 11, 9, 5])
4951
Vecsmall([5, 9, 11, 7, 1, 14, 4, 15, 2, 13, 3, 16, 10, 6, 8, 12])
4957
Vecsmall([14, 7, 13, 8, 15, 12, 11, 16, 1, 6, 5, 2, 9, 4, 10, 3])
4967
Vecsmall([5, 9, 11, 7, 1, 14, 4, 15, 2, 13, 3, 16, 10, 6, 8, 12])
4969
Vecsmall([13, 6, 8, 1, 7, 15, 12, 14, 3, 5, 2, 10, 16, 9, 11, 4])
4973
Vecsmall([3, 10, 4, 9, 2, 5, 6, 1, 16, 11, 12, 15, 8, 13, 7, 14])
4987
Vecsmall([15, 1, 5, 11, 14, 4, 8, 10, 7, 9, 13, 3, 6, 12, 16, 2])
4993
Vecsmall([1, 2, 3, 4, 5, 6, 7, 8, 9, 10, 11, 12, 13, 14, 15, 16])
4999
Vecsmall([10, 14, 15, 5, 4, 8, 16, 6, 11, 1, 9, 13, 12, 2, 3, 7])
5003
Vecsmall([6, 4, 10, 15, 8, 16, 3, 12, 5, 14, 1, 9, 2, 7, 13, 11])
5009
Vecsmall([4, 11, 9, 16, 10, 2, 5, 3, 14, 12, 15, 7, 1, 8, 6, 13])
5011
Vecsmall([15, 1, 5, 11, 14, 4, 8, 10, 7, 9, 13, 3, 6, 12, 16, 2])
5021
Vecsmall([9, 12, 16, 14, 11, 10, 2, 4, 13, 15, 7, 6, 3, 1, 5, 8])
5023
Vecsmall([5, 9, 11, 7, 1, 14, 4, 15, 2, 13, 3, 16, 10, 6, 8, 12])
5039
Vecsmall([5, 9, 11, 7, 1, 14, 4, 15, 2, 13, 3, 16, 10, 6, 8, 12])
5051
Vecsmall([11, 13, 7, 2, 9, 1, 14, 5, 12, 3, 16, 8, 15, 10, 4, 6])
5059
Vecsmall([6, 4, 10, 15, 8, 16, 3, 12, 5, 14, 1, 9, 2, 7, 13, 11])
5077
Vecsmall([3, 10, 4, 9, 2, 5, 6, 1, 16, 11, 12, 15, 8, 13, 7, 14])
5081
Vecsmall([1, 2, 3, 4, 5, 6, 7, 8, 9, 10, 11, 12, 13, 14, 15, 16])
5087
Vecsmall([12, 8, 6, 10, 16, 3, 13, 2, 15, 4, 14, 1, 7, 11, 9, 5])
5099
Vecsmall([2, 16, 12, 6, 3, 13, 9, 7, 10, 8, 4, 14, 11, 5, 1, 15])
5101
Vecsmall([8, 5, 1, 3, 6, 7, 15, 13, 4, 2, 10, 11, 14, 16, 12, 9])
5107
Vecsmall([15, 1, 5, 11, 14, 4, 8, 10, 7, 9, 13, 3, 6, 12, 16, 2])
5113
Vecsmall([16, 15, 14, 13, 12, 11, 10, 9, 8, 7, 6, 5, 4, 3, 2, 1])
5119
Vecsmall([5, 9, 11, 7, 1, 14, 4, 15, 2, 13, 3, 16, 10, 6, 8, 12])
5147
Vecsmall([6, 4, 10, 15, 8, 16, 3, 12, 5, 14, 1, 9, 2, 7, 13, 11])
5153
Vecsmall([4, 11, 9, 16, 10, 2, 5, 3, 14, 12, 15, 7, 1, 8, 6, 13])
5167
Vecsmall([10, 14, 15, 5, 4, 8, 16, 6, 11, 1, 9, 13, 12, 2, 3, 7])
5171
Vecsmall([6, 4, 10, 15, 8, 16, 3, 12, 5, 14, 1, 9, 2, 7, 13, 11])
5179
Vecsmall([6, 4, 10, 15, 8, 16, 3, 12, 5, 14, 1, 9, 2, 7, 13, 11])
5189
Vecsmall([9, 12, 16, 14, 11, 10, 2, 4, 13, 15, 7, 6, 3, 1, 5, 8])
5197
Vecsmall([14, 7, 13, 8, 15, 12, 11, 16, 1, 6, 5, 2, 9, 4, 10, 3])
5209
Vecsmall([1, 2, 3, 4, 5, 6, 7, 8, 9, 10, 11, 12, 13, 14, 15, 16])
5227
Vecsmall([2, 16, 12, 6, 3, 13, 9, 7, 10, 8, 4, 14, 11, 5, 1, 15])
5231
Vecsmall([5, 9, 11, 7, 1, 14, 4, 15, 2, 13, 3, 16, 10, 6, 8, 12])
5233
Vecsmall([16, 15, 14, 13, 12, 11, 10, 9, 8, 7, 6, 5, 4, 3, 2, 1])
5237
Vecsmall([14, 7, 13, 8, 15, 12, 11, 16, 1, 6, 5, 2, 9, 4, 10, 3])
5261
Vecsmall([3, 10, 4, 9, 2, 5, 6, 1, 16, 11, 12, 15, 8, 13, 7, 14])
5273
Vecsmall([4, 11, 9, 16, 10, 2, 5, 3, 14, 12, 15, 7, 1, 8, 6, 13])
5279
Vecsmall([12, 8, 6, 10, 16, 3, 13, 2, 15, 4, 14, 1, 7, 11, 9, 5])
5281
Vecsmall([13, 6, 8, 1, 7, 15, 12, 14, 3, 5, 2, 10, 16, 9, 11, 4])
5297
Vecsmall([1, 2, 3, 4, 5, 6, 7, 8, 9, 10, 11, 12, 13, 14, 15, 16])
5303
Vecsmall([5, 9, 11, 7, 1, 14, 4, 15, 2, 13, 3, 16, 10, 6, 8, 12])
5309
Vecsmall([14, 7, 13, 8, 15, 12, 11, 16, 1, 6, 5, 2, 9, 4, 10, 3])
5323
Vecsmall([2, 16, 12, 6, 3, 13, 9, 7, 10, 8, 4, 14, 11, 5, 1, 15])
5333
Vecsmall([14, 7, 13, 8, 15, 12, 11, 16, 1, 6, 5, 2, 9, 4, 10, 3])
5347
Vecsmall([6, 4, 10, 15, 8, 16, 3, 12, 5, 14, 1, 9, 2, 7, 13, 11])
5351
Vecsmall([5, 9, 11, 7, 1, 14, 4, 15, 2, 13, 3, 16, 10, 6, 8, 12])
5381
Vecsmall([14, 7, 13, 8, 15, 12, 11, 16, 1, 6, 5, 2, 9, 4, 10, 3])
5387
Vecsmall([11, 13, 7, 2, 9, 1, 14, 5, 12, 3, 16, 8, 15, 10, 4, 6])
5393
Vecsmall([16, 15, 14, 13, 12, 11, 10, 9, 8, 7, 6, 5, 4, 3, 2, 1])
5399
Vecsmall([5, 9, 11, 7, 1, 14, 4, 15, 2, 13, 3, 16, 10, 6, 8, 12])
5407
Vecsmall([5, 9, 11, 7, 1, 14, 4, 15, 2, 13, 3, 16, 10, 6, 8, 12])
5413
Vecsmall([9, 12, 16, 14, 11, 10, 2, 4, 13, 15, 7, 6, 3, 1, 5, 8])
5417
Vecsmall([13, 6, 8, 1, 7, 15, 12, 14, 3, 5, 2, 10, 16, 9, 11, 4])
5419
Vecsmall([2, 16, 12, 6, 3, 13, 9, 7, 10, 8, 4, 14, 11, 5, 1, 15])
5431
Vecsmall([10, 14, 15, 5, 4, 8, 16, 6, 11, 1, 9, 13, 12, 2, 3, 7])
5437
Vecsmall([9, 12, 16, 14, 11, 10, 2, 4, 13, 15, 7, 6, 3, 1, 5, 8])
5441
Vecsmall([4, 11, 9, 16, 10, 2, 5, 3, 14, 12, 15, 7, 1, 8, 6, 13])
5443
Vecsmall([15, 1, 5, 11, 14, 4, 8, 10, 7, 9, 13, 3, 6, 12, 16, 2])
5449
Vecsmall([4, 11, 9, 16, 10, 2, 5, 3, 14, 12, 15, 7, 1, 8, 6, 13])
5471
Vecsmall([10, 14, 15, 5, 4, 8, 16, 6, 11, 1, 9, 13, 12, 2, 3, 7])
5477
Vecsmall([3, 10, 4, 9, 2, 5, 6, 1, 16, 11, 12, 15, 8, 13, 7, 14])
5479
Vecsmall([12, 8, 6, 10, 16, 3, 13, 2, 15, 4, 14, 1, 7, 11, 9, 5])
5483
Vecsmall([11, 13, 7, 2, 9, 1, 14, 5, 12, 3, 16, 8, 15, 10, 4, 6])
5501
Vecsmall([9, 12, 16, 14, 11, 10, 2, 4, 13, 15, 7, 6, 3, 1, 5, 8])
5503
Vecsmall([10, 14, 15, 5, 4, 8, 16, 6, 11, 1, 9, 13, 12, 2, 3, 7])
5507
Vecsmall([6, 4, 10, 15, 8, 16, 3, 12, 5, 14, 1, 9, 2, 7, 13, 11])
5519
Vecsmall([5, 9, 11, 7, 1, 14, 4, 15, 2, 13, 3, 16, 10, 6, 8, 12])
5521
Vecsmall([4, 11, 9, 16, 10, 2, 5, 3, 14, 12, 15, 7, 1, 8, 6, 13])
5527
Vecsmall([12, 8, 6, 10, 16, 3, 13, 2, 15, 4, 14, 1, 7, 11, 9, 5])
5531
Vecsmall([11, 13, 7, 2, 9, 1, 14, 5, 12, 3, 16, 8, 15, 10, 4, 6])
5557
Vecsmall([9, 12, 16, 14, 11, 10, 2, 4, 13, 15, 7, 6, 3, 1, 5, 8])
5563
Vecsmall([2, 16, 12, 6, 3, 13, 9, 7, 10, 8, 4, 14, 11, 5, 1, 15])
5569
Vecsmall([16, 15, 14, 13, 12, 11, 10, 9, 8, 7, 6, 5, 4, 3, 2, 1])
5573
Vecsmall([9, 12, 16, 14, 11, 10, 2, 4, 13, 15, 7, 6, 3, 1, 5, 8])
5581
Vecsmall([8, 5, 1, 3, 6, 7, 15, 13, 4, 2, 10, 11, 14, 16, 12, 9])
5591
Vecsmall([12, 8, 6, 10, 16, 3, 13, 2, 15, 4, 14, 1, 7, 11, 9, 5])
5623
Vecsmall([10, 14, 15, 5, 4, 8, 16, 6, 11, 1, 9, 13, 12, 2, 3, 7])
5639
Vecsmall([5, 9, 11, 7, 1, 14, 4, 15, 2, 13, 3, 16, 10, 6, 8, 12])
5641
Vecsmall([4, 11, 9, 16, 10, 2, 5, 3, 14, 12, 15, 7, 1, 8, 6, 13])
5647
Vecsmall([5, 9, 11, 7, 1, 14, 4, 15, 2, 13, 3, 16, 10, 6, 8, 12])
5651
Vecsmall([2, 16, 12, 6, 3, 13, 9, 7, 10, 8, 4, 14, 11, 5, 1, 15])
5653
Vecsmall([14, 7, 13, 8, 15, 12, 11, 16, 1, 6, 5, 2, 9, 4, 10, 3])
5657
Vecsmall([4, 11, 9, 16, 10, 2, 5, 3, 14, 12, 15, 7, 1, 8, 6, 13])
5659
Vecsmall([15, 1, 5, 11, 14, 4, 8, 10, 7, 9, 13, 3, 6, 12, 16, 2])
5669
Vecsmall([9, 12, 16, 14, 11, 10, 2, 4, 13, 15, 7, 6, 3, 1, 5, 8])
5683
Vecsmall([6, 4, 10, 15, 8, 16, 3, 12, 5, 14, 1, 9, 2, 7, 13, 11])
5689
Vecsmall([1, 2, 3, 4, 5, 6, 7, 8, 9, 10, 11, 12, 13, 14, 15, 16])
5693
Vecsmall([8, 5, 1, 3, 6, 7, 15, 13, 4, 2, 10, 11, 14, 16, 12, 9])
5701
Vecsmall([9, 12, 16, 14, 11, 10, 2, 4, 13, 15, 7, 6, 3, 1, 5, 8])
5711
Vecsmall([10, 14, 15, 5, 4, 8, 16, 6, 11, 1, 9, 13, 12, 2, 3, 7])
5717
Vecsmall([3, 10, 4, 9, 2, 5, 6, 1, 16, 11, 12, 15, 8, 13, 7, 14])
5737
Vecsmall([1, 2, 3, 4, 5, 6, 7, 8, 9, 10, 11, 12, 13, 14, 15, 16])
5741
Vecsmall([3, 10, 4, 9, 2, 5, 6, 1, 16, 11, 12, 15, 8, 13, 7, 14])
5743
Vecsmall([12, 8, 6, 10, 16, 3, 13, 2, 15, 4, 14, 1, 7, 11, 9, 5])
5749
Vecsmall([14, 7, 13, 8, 15, 12, 11, 16, 1, 6, 5, 2, 9, 4, 10, 3])
5779
Vecsmall([2, 16, 12, 6, 3, 13, 9, 7, 10, 8, 4, 14, 11, 5, 1, 15])
5783
Vecsmall([10, 14, 15, 5, 4, 8, 16, 6, 11, 1, 9, 13, 12, 2, 3, 7])
5791
Vecsmall([12, 8, 6, 10, 16, 3, 13, 2, 15, 4, 14, 1, 7, 11, 9, 5])
5801
Vecsmall([13, 6, 8, 1, 7, 15, 12, 14, 3, 5, 2, 10, 16, 9, 11, 4])
5807
Vecsmall([12, 8, 6, 10, 16, 3, 13, 2, 15, 4, 14, 1, 7, 11, 9, 5])
5813
Vecsmall([9, 12, 16, 14, 11, 10, 2, 4, 13, 15, 7, 6, 3, 1, 5, 8])
5821
Vecsmall([8, 5, 1, 3, 6, 7, 15, 13, 4, 2, 10, 11, 14, 16, 12, 9])
5827
Vecsmall([2, 16, 12, 6, 3, 13, 9, 7, 10, 8, 4, 14, 11, 5, 1, 15])
5839
Vecsmall([12, 8, 6, 10, 16, 3, 13, 2, 15, 4, 14, 1, 7, 11, 9, 5])
5843
Vecsmall([11, 13, 7, 2, 9, 1, 14, 5, 12, 3, 16, 8, 15, 10, 4, 6])
5849
Vecsmall([4, 11, 9, 16, 10, 2, 5, 3, 14, 12, 15, 7, 1, 8, 6, 13])
5851
Vecsmall([11, 13, 7, 2, 9, 1, 14, 5, 12, 3, 16, 8, 15, 10, 4, 6])
5857
Vecsmall([4, 11, 9, 16, 10, 2, 5, 3, 14, 12, 15, 7, 1, 8, 6, 13])
5861
Vecsmall([3, 10, 4, 9, 2, 5, 6, 1, 16, 11, 12, 15, 8, 13, 7, 14])
5867
Vecsmall([6, 4, 10, 15, 8, 16, 3, 12, 5, 14, 1, 9, 2, 7, 13, 11])
5869
Vecsmall([8, 5, 1, 3, 6, 7, 15, 13, 4, 2, 10, 11, 14, 16, 12, 9])
5879
Vecsmall([5, 9, 11, 7, 1, 14, 4, 15, 2, 13, 3, 16, 10, 6, 8, 12])
5881
Vecsmall([16, 15, 14, 13, 12, 11, 10, 9, 8, 7, 6, 5, 4, 3, 2, 1])
5897
Vecsmall([13, 6, 8, 1, 7, 15, 12, 14, 3, 5, 2, 10, 16, 9, 11, 4])
5903
Vecsmall([12, 8, 6, 10, 16, 3, 13, 2, 15, 4, 14, 1, 7, 11, 9, 5])
5923
Vecsmall([11, 13, 7, 2, 9, 1, 14, 5, 12, 3, 16, 8, 15, 10, 4, 6])
5927
Vecsmall([12, 8, 6, 10, 16, 3, 13, 2, 15, 4, 14, 1, 7, 11, 9, 5])
5939
Vecsmall([2, 16, 12, 6, 3, 13, 9, 7, 10, 8, 4, 14, 11, 5, 1, 15])
5953
Vecsmall([4, 11, 9, 16, 10, 2, 5, 3, 14, 12, 15, 7, 1, 8, 6, 13])
5981
Vecsmall([8, 5, 1, 3, 6, 7, 15, 13, 4, 2, 10, 11, 14, 16, 12, 9])
5987
Vecsmall([2, 16, 12, 6, 3, 13, 9, 7, 10, 8, 4, 14, 11, 5, 1, 15])
6007
Vecsmall([12, 8, 6, 10, 16, 3, 13, 2, 15, 4, 14, 1, 7, 11, 9, 5])
6011
Vecsmall([6, 4, 10, 15, 8, 16, 3, 12, 5, 14, 1, 9, 2, 7, 13, 11])
6029
Vecsmall([3, 10, 4, 9, 2, 5, 6, 1, 16, 11, 12, 15, 8, 13, 7, 14])
6037
Vecsmall([8, 5, 1, 3, 6, 7, 15, 13, 4, 2, 10, 11, 14, 16, 12, 9])
6043
Vecsmall([2, 16, 12, 6, 3, 13, 9, 7, 10, 8, 4, 14, 11, 5, 1, 15])
6047
Vecsmall([10, 14, 15, 5, 4, 8, 16, 6, 11, 1, 9, 13, 12, 2, 3, 7])
6053
Vecsmall([8, 5, 1, 3, 6, 7, 15, 13, 4, 2, 10, 11, 14, 16, 12, 9])
6067
Vecsmall([15, 1, 5, 11, 14, 4, 8, 10, 7, 9, 13, 3, 6, 12, 16, 2])
6073
Vecsmall([4, 11, 9, 16, 10, 2, 5, 3, 14, 12, 15, 7, 1, 8, 6, 13])
6079
Vecsmall([10, 14, 15, 5, 4, 8, 16, 6, 11, 1, 9, 13, 12, 2, 3, 7])
6089
Vecsmall([1, 2, 3, 4, 5, 6, 7, 8, 9, 10, 11, 12, 13, 14, 15, 16])
6091
Vecsmall([11, 13, 7, 2, 9, 1, 14, 5, 12, 3, 16, 8, 15, 10, 4, 6])
6101
Vecsmall([3, 10, 4, 9, 2, 5, 6, 1, 16, 11, 12, 15, 8, 13, 7, 14])
6113
Vecsmall([4, 11, 9, 16, 10, 2, 5, 3, 14, 12, 15, 7, 1, 8, 6, 13])
6121
Vecsmall([16, 15, 14, 13, 12, 11, 10, 9, 8, 7, 6, 5, 4, 3, 2, 1])
6131
Vecsmall([6, 4, 10, 15, 8, 16, 3, 12, 5, 14, 1, 9, 2, 7, 13, 11])
6133
Vecsmall([14, 7, 13, 8, 15, 12, 11, 16, 1, 6, 5, 2, 9, 4, 10, 3])
6143
Vecsmall([10, 14, 15, 5, 4, 8, 16, 6, 11, 1, 9, 13, 12, 2, 3, 7])
6151
Vecsmall([5, 9, 11, 7, 1, 14, 4, 15, 2, 13, 3, 16, 10, 6, 8, 12])
6163
Vecsmall([15, 1, 5, 11, 14, 4, 8, 10, 7, 9, 13, 3, 6, 12, 16, 2])
6173
Vecsmall([9, 12, 16, 14, 11, 10, 2, 4, 13, 15, 7, 6, 3, 1, 5, 8])
6197
Vecsmall([14, 7, 13, 8, 15, 12, 11, 16, 1, 6, 5, 2, 9, 4, 10, 3])
6199
Vecsmall([12, 8, 6, 10, 16, 3, 13, 2, 15, 4, 14, 1, 7, 11, 9, 5])
6203
Vecsmall([6, 4, 10, 15, 8, 16, 3, 12, 5, 14, 1, 9, 2, 7, 13, 11])
6211
Vecsmall([15, 1, 5, 11, 14, 4, 8, 10, 7, 9, 13, 3, 6, 12, 16, 2])
6217
Vecsmall([4, 11, 9, 16, 10, 2, 5, 3, 14, 12, 15, 7, 1, 8, 6, 13])
6221
Vecsmall([14, 7, 13, 8, 15, 12, 11, 16, 1, 6, 5, 2, 9, 4, 10, 3])
6229
Vecsmall([14, 7, 13, 8, 15, 12, 11, 16, 1, 6, 5, 2, 9, 4, 10, 3])
6247
Vecsmall([10, 14, 15, 5, 4, 8, 16, 6, 11, 1, 9, 13, 12, 2, 3, 7])
6257
Vecsmall([13, 6, 8, 1, 7, 15, 12, 14, 3, 5, 2, 10, 16, 9, 11, 4])
6263
Vecsmall([12, 8, 6, 10, 16, 3, 13, 2, 15, 4, 14, 1, 7, 11, 9, 5])
6269
Vecsmall([9, 12, 16, 14, 11, 10, 2, 4, 13, 15, 7, 6, 3, 1, 5, 8])
6271
Vecsmall([10, 14, 15, 5, 4, 8, 16, 6, 11, 1, 9, 13, 12, 2, 3, 7])
6277
Vecsmall([9, 12, 16, 14, 11, 10, 2, 4, 13, 15, 7, 6, 3, 1, 5, 8])
6287
Vecsmall([5, 9, 11, 7, 1, 14, 4, 15, 2, 13, 3, 16, 10, 6, 8, 12])
6299
Vecsmall([6, 4, 10, 15, 8, 16, 3, 12, 5, 14, 1, 9, 2, 7, 13, 11])
6301
Vecsmall([3, 10, 4, 9, 2, 5, 6, 1, 16, 11, 12, 15, 8, 13, 7, 14])
6311
Vecsmall([10, 14, 15, 5, 4, 8, 16, 6, 11, 1, 9, 13, 12, 2, 3, 7])
6317
Vecsmall([3, 10, 4, 9, 2, 5, 6, 1, 16, 11, 12, 15, 8, 13, 7, 14])
6323
Vecsmall([11, 13, 7, 2, 9, 1, 14, 5, 12, 3, 16, 8, 15, 10, 4, 6])
6329
Vecsmall([13, 6, 8, 1, 7, 15, 12, 14, 3, 5, 2, 10, 16, 9, 11, 4])
6337
Vecsmall([4, 11, 9, 16, 10, 2, 5, 3, 14, 12, 15, 7, 1, 8, 6, 13])
6343
Vecsmall([10, 14, 15, 5, 4, 8, 16, 6, 11, 1, 9, 13, 12, 2, 3, 7])
6353
Vecsmall([1, 2, 3, 4, 5, 6, 7, 8, 9, 10, 11, 12, 13, 14, 15, 16])
6359
Vecsmall([5, 9, 11, 7, 1, 14, 4, 15, 2, 13, 3, 16, 10, 6, 8, 12])
6361
Vecsmall([1, 2, 3, 4, 5, 6, 7, 8, 9, 10, 11, 12, 13, 14, 15, 16])
6367
Vecsmall([12, 8, 6, 10, 16, 3, 13, 2, 15, 4, 14, 1, 7, 11, 9, 5])
6373
Vecsmall([8, 5, 1, 3, 6, 7, 15, 13, 4, 2, 10, 11, 14, 16, 12, 9])
6379
Vecsmall([2, 16, 12, 6, 3, 13, 9, 7, 10, 8, 4, 14, 11, 5, 1, 15])
6389
Vecsmall([9, 12, 16, 14, 11, 10, 2, 4, 13, 15, 7, 6, 3, 1, 5, 8])
6397
Vecsmall([9, 12, 16, 14, 11, 10, 2, 4, 13, 15, 7, 6, 3, 1, 5, 8])
6421
Vecsmall([9, 12, 16, 14, 11, 10, 2, 4, 13, 15, 7, 6, 3, 1, 5, 8])
6427
Vecsmall([6, 4, 10, 15, 8, 16, 3, 12, 5, 14, 1, 9, 2, 7, 13, 11])
6449
Vecsmall([1, 2, 3, 4, 5, 6, 7, 8, 9, 10, 11, 12, 13, 14, 15, 16])
6451
Vecsmall([15, 1, 5, 11, 14, 4, 8, 10, 7, 9, 13, 3, 6, 12, 16, 2])
6469
Vecsmall([8, 5, 1, 3, 6, 7, 15, 13, 4, 2, 10, 11, 14, 16, 12, 9])
6473
Vecsmall([13, 6, 8, 1, 7, 15, 12, 14, 3, 5, 2, 10, 16, 9, 11, 4])
6481
Vecsmall([1, 2, 3, 4, 5, 6, 7, 8, 9, 10, 11, 12, 13, 14, 15, 16])
6491
Vecsmall([2, 16, 12, 6, 3, 13, 9, 7, 10, 8, 4, 14, 11, 5, 1, 15])
6521
Vecsmall([16, 15, 14, 13, 12, 11, 10, 9, 8, 7, 6, 5, 4, 3, 2, 1])
6529
Vecsmall([1, 2, 3, 4, 5, 6, 7, 8, 9, 10, 11, 12, 13, 14, 15, 16])
6547
Vecsmall([2, 16, 12, 6, 3, 13, 9, 7, 10, 8, 4, 14, 11, 5, 1, 15])
6551
Vecsmall([10, 14, 15, 5, 4, 8, 16, 6, 11, 1, 9, 13, 12, 2, 3, 7])
6553
Vecsmall([1, 2, 3, 4, 5, 6, 7, 8, 9, 10, 11, 12, 13, 14, 15, 16])
6563
Vecsmall([11, 13, 7, 2, 9, 1, 14, 5, 12, 3, 16, 8, 15, 10, 4, 6])
6569
Vecsmall([16, 15, 14, 13, 12, 11, 10, 9, 8, 7, 6, 5, 4, 3, 2, 1])
6571
Vecsmall([6, 4, 10, 15, 8, 16, 3, 12, 5, 14, 1, 9, 2, 7, 13, 11])
6577
Vecsmall([4, 11, 9, 16, 10, 2, 5, 3, 14, 12, 15, 7, 1, 8, 6, 13])
6581
Vecsmall([9, 12, 16, 14, 11, 10, 2, 4, 13, 15, 7, 6, 3, 1, 5, 8])
6599
Vecsmall([5, 9, 11, 7, 1, 14, 4, 15, 2, 13, 3, 16, 10, 6, 8, 12])
6607
Vecsmall([10, 14, 15, 5, 4, 8, 16, 6, 11, 1, 9, 13, 12, 2, 3, 7])
6619
Vecsmall([15, 1, 5, 11, 14, 4, 8, 10, 7, 9, 13, 3, 6, 12, 16, 2])
6637
Vecsmall([9, 12, 16, 14, 11, 10, 2, 4, 13, 15, 7, 6, 3, 1, 5, 8])
6653
Vecsmall([14, 7, 13, 8, 15, 12, 11, 16, 1, 6, 5, 2, 9, 4, 10, 3])
6659
Vecsmall([11, 13, 7, 2, 9, 1, 14, 5, 12, 3, 16, 8, 15, 10, 4, 6])
6661
Vecsmall([3, 10, 4, 9, 2, 5, 6, 1, 16, 11, 12, 15, 8, 13, 7, 14])
6673
Vecsmall([13, 6, 8, 1, 7, 15, 12, 14, 3, 5, 2, 10, 16, 9, 11, 4])
6679
Vecsmall([10, 14, 15, 5, 4, 8, 16, 6, 11, 1, 9, 13, 12, 2, 3, 7])
6689
Vecsmall([1, 2, 3, 4, 5, 6, 7, 8, 9, 10, 11, 12, 13, 14, 15, 16])
6691
Vecsmall([11, 13, 7, 2, 9, 1, 14, 5, 12, 3, 16, 8, 15, 10, 4, 6])
6701
Vecsmall([3, 10, 4, 9, 2, 5, 6, 1, 16, 11, 12, 15, 8, 13, 7, 14])
6703
Vecsmall([10, 14, 15, 5, 4, 8, 16, 6, 11, 1, 9, 13, 12, 2, 3, 7])
6709
Vecsmall([8, 5, 1, 3, 6, 7, 15, 13, 4, 2, 10, 11, 14, 16, 12, 9])
6719
Vecsmall([12, 8, 6, 10, 16, 3, 13, 2, 15, 4, 14, 1, 7, 11, 9, 5])
6733
Vecsmall([14, 7, 13, 8, 15, 12, 11, 16, 1, 6, 5, 2, 9, 4, 10, 3])
6737
Vecsmall([4, 11, 9, 16, 10, 2, 5, 3, 14, 12, 15, 7, 1, 8, 6, 13])
6761
Vecsmall([16, 15, 14, 13, 12, 11, 10, 9, 8, 7, 6, 5, 4, 3, 2, 1])
6763
Vecsmall([11, 13, 7, 2, 9, 1, 14, 5, 12, 3, 16, 8, 15, 10, 4, 6])
6779
Vecsmall([2, 16, 12, 6, 3, 13, 9, 7, 10, 8, 4, 14, 11, 5, 1, 15])
6781
Vecsmall([14, 7, 13, 8, 15, 12, 11, 16, 1, 6, 5, 2, 9, 4, 10, 3])
6791
Vecsmall([5, 9, 11, 7, 1, 14, 4, 15, 2, 13, 3, 16, 10, 6, 8, 12])
6793
Vecsmall([16, 15, 14, 13, 12, 11, 10, 9, 8, 7, 6, 5, 4, 3, 2, 1])
6803
Vecsmall([11, 13, 7, 2, 9, 1, 14, 5, 12, 3, 16, 8, 15, 10, 4, 6])
6823
Vecsmall([12, 8, 6, 10, 16, 3, 13, 2, 15, 4, 14, 1, 7, 11, 9, 5])
6827
Vecsmall([6, 4, 10, 15, 8, 16, 3, 12, 5, 14, 1, 9, 2, 7, 13, 11])
6829
Vecsmall([8, 5, 1, 3, 6, 7, 15, 13, 4, 2, 10, 11, 14, 16, 12, 9])
6833
Vecsmall([4, 11, 9, 16, 10, 2, 5, 3, 14, 12, 15, 7, 1, 8, 6, 13])
6841
Vecsmall([16, 15, 14, 13, 12, 11, 10, 9, 8, 7, 6, 5, 4, 3, 2, 1])
6857
Vecsmall([1, 2, 3, 4, 5, 6, 7, 8, 9, 10, 11, 12, 13, 14, 15, 16])
6863
Vecsmall([5, 9, 11, 7, 1, 14, 4, 15, 2, 13, 3, 16, 10, 6, 8, 12])
6869
Vecsmall([14, 7, 13, 8, 15, 12, 11, 16, 1, 6, 5, 2, 9, 4, 10, 3])
6871
Vecsmall([10, 14, 15, 5, 4, 8, 16, 6, 11, 1, 9, 13, 12, 2, 3, 7])
6883
Vecsmall([11, 13, 7, 2, 9, 1, 14, 5, 12, 3, 16, 8, 15, 10, 4, 6])
6899
Vecsmall([15, 1, 5, 11, 14, 4, 8, 10, 7, 9, 13, 3, 6, 12, 16, 2])
6907
Vecsmall([11, 13, 7, 2, 9, 1, 14, 5, 12, 3, 16, 8, 15, 10, 4, 6])
6911
Vecsmall([5, 9, 11, 7, 1, 14, 4, 15, 2, 13, 3, 16, 10, 6, 8, 12])
6917
Vecsmall([9, 12, 16, 14, 11, 10, 2, 4, 13, 15, 7, 6, 3, 1, 5, 8])
6947
Vecsmall([2, 16, 12, 6, 3, 13, 9, 7, 10, 8, 4, 14, 11, 5, 1, 15])
6949
Vecsmall([14, 7, 13, 8, 15, 12, 11, 16, 1, 6, 5, 2, 9, 4, 10, 3])
6959
Vecsmall([10, 14, 15, 5, 4, 8, 16, 6, 11, 1, 9, 13, 12, 2, 3, 7])
6961
Vecsmall([13, 6, 8, 1, 7, 15, 12, 14, 3, 5, 2, 10, 16, 9, 11, 4])
6967
Vecsmall([10, 14, 15, 5, 4, 8, 16, 6, 11, 1, 9, 13, 12, 2, 3, 7])
6971
Vecsmall([15, 1, 5, 11, 14, 4, 8, 10, 7, 9, 13, 3, 6, 12, 16, 2])
6977
Vecsmall([13, 6, 8, 1, 7, 15, 12, 14, 3, 5, 2, 10, 16, 9, 11, 4])
6983
Vecsmall([12, 8, 6, 10, 16, 3, 13, 2, 15, 4, 14, 1, 7, 11, 9, 5])
6991
Vecsmall([10, 14, 15, 5, 4, 8, 16, 6, 11, 1, 9, 13, 12, 2, 3, 7])
6997
Vecsmall([9, 12, 16, 14, 11, 10, 2, 4, 13, 15, 7, 6, 3, 1, 5, 8])
7001
Vecsmall([13, 6, 8, 1, 7, 15, 12, 14, 3, 5, 2, 10, 16, 9, 11, 4])
7013
Vecsmall([14, 7, 13, 8, 15, 12, 11, 16, 1, 6, 5, 2, 9, 4, 10, 3])
7019
Vecsmall([15, 1, 5, 11, 14, 4, 8, 10, 7, 9, 13, 3, 6, 12, 16, 2])
7027
Vecsmall([2, 16, 12, 6, 3, 13, 9, 7, 10, 8, 4, 14, 11, 5, 1, 15])
7039
Vecsmall([12, 8, 6, 10, 16, 3, 13, 2, 15, 4, 14, 1, 7, 11, 9, 5])
7043
Vecsmall([15, 1, 5, 11, 14, 4, 8, 10, 7, 9, 13, 3, 6, 12, 16, 2])
7057
Vecsmall([4, 11, 9, 16, 10, 2, 5, 3, 14, 12, 15, 7, 1, 8, 6, 13])
7069
Vecsmall([9, 12, 16, 14, 11, 10, 2, 4, 13, 15, 7, 6, 3, 1, 5, 8])
7079
Vecsmall([5, 9, 11, 7, 1, 14, 4, 15, 2, 13, 3, 16, 10, 6, 8, 12])
7103
Vecsmall([5, 9, 11, 7, 1, 14, 4, 15, 2, 13, 3, 16, 10, 6, 8, 12])
7109
Vecsmall([3, 10, 4, 9, 2, 5, 6, 1, 16, 11, 12, 15, 8, 13, 7, 14])
7121
Vecsmall([1, 2, 3, 4, 5, 6, 7, 8, 9, 10, 11, 12, 13, 14, 15, 16])
7127
Vecsmall([10, 14, 15, 5, 4, 8, 16, 6, 11, 1, 9, 13, 12, 2, 3, 7])
7129
Vecsmall([16, 15, 14, 13, 12, 11, 10, 9, 8, 7, 6, 5, 4, 3, 2, 1])
7151
Vecsmall([10, 14, 15, 5, 4, 8, 16, 6, 11, 1, 9, 13, 12, 2, 3, 7])
7159
Vecsmall([5, 9, 11, 7, 1, 14, 4, 15, 2, 13, 3, 16, 10, 6, 8, 12])
7177
Vecsmall([13, 6, 8, 1, 7, 15, 12, 14, 3, 5, 2, 10, 16, 9, 11, 4])
7187
Vecsmall([15, 1, 5, 11, 14, 4, 8, 10, 7, 9, 13, 3, 6, 12, 16, 2])
7193
Vecsmall([4, 11, 9, 16, 10, 2, 5, 3, 14, 12, 15, 7, 1, 8, 6, 13])
7207
Vecsmall([12, 8, 6, 10, 16, 3, 13, 2, 15, 4, 14, 1, 7, 11, 9, 5])
7211
Vecsmall([11, 13, 7, 2, 9, 1, 14, 5, 12, 3, 16, 8, 15, 10, 4, 6])
7213
Vecsmall([8, 5, 1, 3, 6, 7, 15, 13, 4, 2, 10, 11, 14, 16, 12, 9])
7219
Vecsmall([6, 4, 10, 15, 8, 16, 3, 12, 5, 14, 1, 9, 2, 7, 13, 11])
7229
Vecsmall([14, 7, 13, 8, 15, 12, 11, 16, 1, 6, 5, 2, 9, 4, 10, 3])
7237
Vecsmall([3, 10, 4, 9, 2, 5, 6, 1, 16, 11, 12, 15, 8, 13, 7, 14])
7243
Vecsmall([15, 1, 5, 11, 14, 4, 8, 10, 7, 9, 13, 3, 6, 12, 16, 2])
7247
Vecsmall([12, 8, 6, 10, 16, 3, 13, 2, 15, 4, 14, 1, 7, 11, 9, 5])
7253
Vecsmall([8, 5, 1, 3, 6, 7, 15, 13, 4, 2, 10, 11, 14, 16, 12, 9])
7283
Vecsmall([6, 4, 10, 15, 8, 16, 3, 12, 5, 14, 1, 9, 2, 7, 13, 11])
7297
Vecsmall([4, 11, 9, 16, 10, 2, 5, 3, 14, 12, 15, 7, 1, 8, 6, 13])
7307
Vecsmall([15, 1, 5, 11, 14, 4, 8, 10, 7, 9, 13, 3, 6, 12, 16, 2])
7309
Vecsmall([14, 7, 13, 8, 15, 12, 11, 16, 1, 6, 5, 2, 9, 4, 10, 3])
7321
Vecsmall([4, 11, 9, 16, 10, 2, 5, 3, 14, 12, 15, 7, 1, 8, 6, 13])
7331
Vecsmall([11, 13, 7, 2, 9, 1, 14, 5, 12, 3, 16, 8, 15, 10, 4, 6])
7333
Vecsmall([9, 12, 16, 14, 11, 10, 2, 4, 13, 15, 7, 6, 3, 1, 5, 8])
7349
Vecsmall([14, 7, 13, 8, 15, 12, 11, 16, 1, 6, 5, 2, 9, 4, 10, 3])
7351
Vecsmall([12, 8, 6, 10, 16, 3, 13, 2, 15, 4, 14, 1, 7, 11, 9, 5])
7369
Vecsmall([4, 11, 9, 16, 10, 2, 5, 3, 14, 12, 15, 7, 1, 8, 6, 13])
7393
Vecsmall([16, 15, 14, 13, 12, 11, 10, 9, 8, 7, 6, 5, 4, 3, 2, 1])
7411
Vecsmall([15, 1, 5, 11, 14, 4, 8, 10, 7, 9, 13, 3, 6, 12, 16, 2])
7417
Vecsmall([13, 6, 8, 1, 7, 15, 12, 14, 3, 5, 2, 10, 16, 9, 11, 4])
7433
Vecsmall([13, 6, 8, 1, 7, 15, 12, 14, 3, 5, 2, 10, 16, 9, 11, 4])
7451
Vecsmall([11, 13, 7, 2, 9, 1, 14, 5, 12, 3, 16, 8, 15, 10, 4, 6])
7457
Vecsmall([13, 6, 8, 1, 7, 15, 12, 14, 3, 5, 2, 10, 16, 9, 11, 4])
7459
Vecsmall([6, 4, 10, 15, 8, 16, 3, 12, 5, 14, 1, 9, 2, 7, 13, 11])
7477
Vecsmall([9, 12, 16, 14, 11, 10, 2, 4, 13, 15, 7, 6, 3, 1, 5, 8])
7481
Vecsmall([16, 15, 14, 13, 12, 11, 10, 9, 8, 7, 6, 5, 4, 3, 2, 1])
7487
Vecsmall([10, 14, 15, 5, 4, 8, 16, 6, 11, 1, 9, 13, 12, 2, 3, 7])
7489
Vecsmall([1, 2, 3, 4, 5, 6, 7, 8, 9, 10, 11, 12, 13, 14, 15, 16])
7499
Vecsmall([2, 16, 12, 6, 3, 13, 9, 7, 10, 8, 4, 14, 11, 5, 1, 15])
7507
Vecsmall([15, 1, 5, 11, 14, 4, 8, 10, 7, 9, 13, 3, 6, 12, 16, 2])
7517
Vecsmall([3, 10, 4, 9, 2, 5, 6, 1, 16, 11, 12, 15, 8, 13, 7, 14])
7523
Vecsmall([11, 13, 7, 2, 9, 1, 14, 5, 12, 3, 16, 8, 15, 10, 4, 6])
7529
Vecsmall([1, 2, 3, 4, 5, 6, 7, 8, 9, 10, 11, 12, 13, 14, 15, 16])
7537
Vecsmall([4, 11, 9, 16, 10, 2, 5, 3, 14, 12, 15, 7, 1, 8, 6, 13])
7541
Vecsmall([8, 5, 1, 3, 6, 7, 15, 13, 4, 2, 10, 11, 14, 16, 12, 9])
7547
Vecsmall([11, 13, 7, 2, 9, 1, 14, 5, 12, 3, 16, 8, 15, 10, 4, 6])
7549
Vecsmall([8, 5, 1, 3, 6, 7, 15, 13, 4, 2, 10, 11, 14, 16, 12, 9])
7559
Vecsmall([12, 8, 6, 10, 16, 3, 13, 2, 15, 4, 14, 1, 7, 11, 9, 5])
7561
Vecsmall([4, 11, 9, 16, 10, 2, 5, 3, 14, 12, 15, 7, 1, 8, 6, 13])
7573
Vecsmall([8, 5, 1, 3, 6, 7, 15, 13, 4, 2, 10, 11, 14, 16, 12, 9])
7577
Vecsmall([16, 15, 14, 13, 12, 11, 10, 9, 8, 7, 6, 5, 4, 3, 2, 1])
7583
Vecsmall([10, 14, 15, 5, 4, 8, 16, 6, 11, 1, 9, 13, 12, 2, 3, 7])
7589
Vecsmall([9, 12, 16, 14, 11, 10, 2, 4, 13, 15, 7, 6, 3, 1, 5, 8])
7591
Vecsmall([10, 14, 15, 5, 4, 8, 16, 6, 11, 1, 9, 13, 12, 2, 3, 7])
7603
Vecsmall([2, 16, 12, 6, 3, 13, 9, 7, 10, 8, 4, 14, 11, 5, 1, 15])
7607
Vecsmall([10, 14, 15, 5, 4, 8, 16, 6, 11, 1, 9, 13, 12, 2, 3, 7])
7621
Vecsmall([3, 10, 4, 9, 2, 5, 6, 1, 16, 11, 12, 15, 8, 13, 7, 14])
7639
Vecsmall([12, 8, 6, 10, 16, 3, 13, 2, 15, 4, 14, 1, 7, 11, 9, 5])
7643
Vecsmall([2, 16, 12, 6, 3, 13, 9, 7, 10, 8, 4, 14, 11, 5, 1, 15])
7649
Vecsmall([13, 6, 8, 1, 7, 15, 12, 14, 3, 5, 2, 10, 16, 9, 11, 4])
7669
Vecsmall([9, 12, 16, 14, 11, 10, 2, 4, 13, 15, 7, 6, 3, 1, 5, 8])
7673
Vecsmall([13, 6, 8, 1, 7, 15, 12, 14, 3, 5, 2, 10, 16, 9, 11, 4])
7681
Vecsmall([4, 11, 9, 16, 10, 2, 5, 3, 14, 12, 15, 7, 1, 8, 6, 13])
7687
Vecsmall([10, 14, 15, 5, 4, 8, 16, 6, 11, 1, 9, 13, 12, 2, 3, 7])
7691
Vecsmall([6, 4, 10, 15, 8, 16, 3, 12, 5, 14, 1, 9, 2, 7, 13, 11])
7699
Vecsmall([15, 1, 5, 11, 14, 4, 8, 10, 7, 9, 13, 3, 6, 12, 16, 2])
7703
Vecsmall([12, 8, 6, 10, 16, 3, 13, 2, 15, 4, 14, 1, 7, 11, 9, 5])
7717
Vecsmall([14, 7, 13, 8, 15, 12, 11, 16, 1, 6, 5, 2, 9, 4, 10, 3])
7723
Vecsmall([6, 4, 10, 15, 8, 16, 3, 12, 5, 14, 1, 9, 2, 7, 13, 11])
7727
Vecsmall([10, 14, 15, 5, 4, 8, 16, 6, 11, 1, 9, 13, 12, 2, 3, 7])
7741
Vecsmall([14, 7, 13, 8, 15, 12, 11, 16, 1, 6, 5, 2, 9, 4, 10, 3])
7753
Vecsmall([1, 2, 3, 4, 5, 6, 7, 8, 9, 10, 11, 12, 13, 14, 15, 16])
7757
Vecsmall([9, 12, 16, 14, 11, 10, 2, 4, 13, 15, 7, 6, 3, 1, 5, 8])
7759
Vecsmall([5, 9, 11, 7, 1, 14, 4, 15, 2, 13, 3, 16, 10, 6, 8, 12])
7789
Vecsmall([14, 7, 13, 8, 15, 12, 11, 16, 1, 6, 5, 2, 9, 4, 10, 3])
7793
Vecsmall([16, 15, 14, 13, 12, 11, 10, 9, 8, 7, 6, 5, 4, 3, 2, 1])
7817
Vecsmall([16, 15, 14, 13, 12, 11, 10, 9, 8, 7, 6, 5, 4, 3, 2, 1])
7823
Vecsmall([10, 14, 15, 5, 4, 8, 16, 6, 11, 1, 9, 13, 12, 2, 3, 7])
7829
Vecsmall([8, 5, 1, 3, 6, 7, 15, 13, 4, 2, 10, 11, 14, 16, 12, 9])
7841
Vecsmall([16, 15, 14, 13, 12, 11, 10, 9, 8, 7, 6, 5, 4, 3, 2, 1])
7853
Vecsmall([3, 10, 4, 9, 2, 5, 6, 1, 16, 11, 12, 15, 8, 13, 7, 14])
7867
Vecsmall([11, 13, 7, 2, 9, 1, 14, 5, 12, 3, 16, 8, 15, 10, 4, 6])
7873
Vecsmall([13, 6, 8, 1, 7, 15, 12, 14, 3, 5, 2, 10, 16, 9, 11, 4])
7877
Vecsmall([9, 12, 16, 14, 11, 10, 2, 4, 13, 15, 7, 6, 3, 1, 5, 8])
7879
Vecsmall([10, 14, 15, 5, 4, 8, 16, 6, 11, 1, 9, 13, 12, 2, 3, 7])
7883
Vecsmall([11, 13, 7, 2, 9, 1, 14, 5, 12, 3, 16, 8, 15, 10, 4, 6])
7901
Vecsmall([3, 10, 4, 9, 2, 5, 6, 1, 16, 11, 12, 15, 8, 13, 7, 14])
7907
Vecsmall([6, 4, 10, 15, 8, 16, 3, 12, 5, 14, 1, 9, 2, 7, 13, 11])
7919
Vecsmall([10, 14, 15, 5, 4, 8, 16, 6, 11, 1, 9, 13, 12, 2, 3, 7])
7927
Vecsmall([10, 14, 15, 5, 4, 8, 16, 6, 11, 1, 9, 13, 12, 2, 3, 7])
7933
Vecsmall([8, 5, 1, 3, 6, 7, 15, 13, 4, 2, 10, 11, 14, 16, 12, 9])
7937
Vecsmall([4, 11, 9, 16, 10, 2, 5, 3, 14, 12, 15, 7, 1, 8, 6, 13])
7949
Vecsmall([14, 7, 13, 8, 15, 12, 11, 16, 1, 6, 5, 2, 9, 4, 10, 3])
7951
Vecsmall([5, 9, 11, 7, 1, 14, 4, 15, 2, 13, 3, 16, 10, 6, 8, 12])
7963
Vecsmall([6, 4, 10, 15, 8, 16, 3, 12, 5, 14, 1, 9, 2, 7, 13, 11])
7993
Vecsmall([1, 2, 3, 4, 5, 6, 7, 8, 9, 10, 11, 12, 13, 14, 15, 16])
8009
Vecsmall([13, 6, 8, 1, 7, 15, 12, 14, 3, 5, 2, 10, 16, 9, 11, 4])
8011
Vecsmall([6, 4, 10, 15, 8, 16, 3, 12, 5, 14, 1, 9, 2, 7, 13, 11])
8017
Vecsmall([4, 11, 9, 16, 10, 2, 5, 3, 14, 12, 15, 7, 1, 8, 6, 13])
8039
Vecsmall([12, 8, 6, 10, 16, 3, 13, 2, 15, 4, 14, 1, 7, 11, 9, 5])
8053
Vecsmall([9, 12, 16, 14, 11, 10, 2, 4, 13, 15, 7, 6, 3, 1, 5, 8])
8059
Vecsmall([11, 13, 7, 2, 9, 1, 14, 5, 12, 3, 16, 8, 15, 10, 4, 6])
8069
Vecsmall([8, 5, 1, 3, 6, 7, 15, 13, 4, 2, 10, 11, 14, 16, 12, 9])
8081
Vecsmall([1, 2, 3, 4, 5, 6, 7, 8, 9, 10, 11, 12, 13, 14, 15, 16])
8087
Vecsmall([10, 14, 15, 5, 4, 8, 16, 6, 11, 1, 9, 13, 12, 2, 3, 7])
8089
Vecsmall([13, 6, 8, 1, 7, 15, 12, 14, 3, 5, 2, 10, 16, 9, 11, 4])
8093
Vecsmall([14, 7, 13, 8, 15, 12, 11, 16, 1, 6, 5, 2, 9, 4, 10, 3])
8101
Vecsmall([3, 10, 4, 9, 2, 5, 6, 1, 16, 11, 12, 15, 8, 13, 7, 14])
8111
Vecsmall([12, 8, 6, 10, 16, 3, 13, 2, 15, 4, 14, 1, 7, 11, 9, 5])
8117
Vecsmall([14, 7, 13, 8, 15, 12, 11, 16, 1, 6, 5, 2, 9, 4, 10, 3])
8123
Vecsmall([6, 4, 10, 15, 8, 16, 3, 12, 5, 14, 1, 9, 2, 7, 13, 11])
8147
Vecsmall([6, 4, 10, 15, 8, 16, 3, 12, 5, 14, 1, 9, 2, 7, 13, 11])
8161
Vecsmall([16, 15, 14, 13, 12, 11, 10, 9, 8, 7, 6, 5, 4, 3, 2, 1])
8167
Vecsmall([10, 14, 15, 5, 4, 8, 16, 6, 11, 1, 9, 13, 12, 2, 3, 7])
8171
Vecsmall([15, 1, 5, 11, 14, 4, 8, 10, 7, 9, 13, 3, 6, 12, 16, 2])
8179
Vecsmall([2, 16, 12, 6, 3, 13, 9, 7, 10, 8, 4, 14, 11, 5, 1, 15])
8191
Vecsmall([5, 9, 11, 7, 1, 14, 4, 15, 2, 13, 3, 16, 10, 6, 8, 12])
8209
Vecsmall([16, 15, 14, 13, 12, 11, 10, 9, 8, 7, 6, 5, 4, 3, 2, 1])
8219
Vecsmall([11, 13, 7, 2, 9, 1, 14, 5, 12, 3, 16, 8, 15, 10, 4, 6])
8221
Vecsmall([3, 10, 4, 9, 2, 5, 6, 1, 16, 11, 12, 15, 8, 13, 7, 14])
8231
Vecsmall([12, 8, 6, 10, 16, 3, 13, 2, 15, 4, 14, 1, 7, 11, 9, 5])
8233
Vecsmall([16, 15, 14, 13, 12, 11, 10, 9, 8, 7, 6, 5, 4, 3, 2, 1])
8237
Vecsmall([9, 12, 16, 14, 11, 10, 2, 4, 13, 15, 7, 6, 3, 1, 5, 8])
8243
Vecsmall([11, 13, 7, 2, 9, 1, 14, 5, 12, 3, 16, 8, 15, 10, 4, 6])
8263
Vecsmall([5, 9, 11, 7, 1, 14, 4, 15, 2, 13, 3, 16, 10, 6, 8, 12])
8269
Vecsmall([3, 10, 4, 9, 2, 5, 6, 1, 16, 11, 12, 15, 8, 13, 7, 14])
8273
Vecsmall([16, 15, 14, 13, 12, 11, 10, 9, 8, 7, 6, 5, 4, 3, 2, 1])
8287
Vecsmall([12, 8, 6, 10, 16, 3, 13, 2, 15, 4, 14, 1, 7, 11, 9, 5])
8291
Vecsmall([6, 4, 10, 15, 8, 16, 3, 12, 5, 14, 1, 9, 2, 7, 13, 11])
8293
Vecsmall([14, 7, 13, 8, 15, 12, 11, 16, 1, 6, 5, 2, 9, 4, 10, 3])
8297
Vecsmall([13, 6, 8, 1, 7, 15, 12, 14, 3, 5, 2, 10, 16, 9, 11, 4])
8311
Vecsmall([10, 14, 15, 5, 4, 8, 16, 6, 11, 1, 9, 13, 12, 2, 3, 7])
8317
Vecsmall([9, 12, 16, 14, 11, 10, 2, 4, 13, 15, 7, 6, 3, 1, 5, 8])
8329
Vecsmall([13, 6, 8, 1, 7, 15, 12, 14, 3, 5, 2, 10, 16, 9, 11, 4])
8353
Vecsmall([4, 11, 9, 16, 10, 2, 5, 3, 14, 12, 15, 7, 1, 8, 6, 13])
8363
Vecsmall([2, 16, 12, 6, 3, 13, 9, 7, 10, 8, 4, 14, 11, 5, 1, 15])
8369
Vecsmall([16, 15, 14, 13, 12, 11, 10, 9, 8, 7, 6, 5, 4, 3, 2, 1])
8377
Vecsmall([4, 11, 9, 16, 10, 2, 5, 3, 14, 12, 15, 7, 1, 8, 6, 13])
8387
Vecsmall([11, 13, 7, 2, 9, 1, 14, 5, 12, 3, 16, 8, 15, 10, 4, 6])
8389
Vecsmall([3, 10, 4, 9, 2, 5, 6, 1, 16, 11, 12, 15, 8, 13, 7, 14])
8419
Vecsmall([2, 16, 12, 6, 3, 13, 9, 7, 10, 8, 4, 14, 11, 5, 1, 15])
8423
Vecsmall([5, 9, 11, 7, 1, 14, 4, 15, 2, 13, 3, 16, 10, 6, 8, 12])
8429
Vecsmall([14, 7, 13, 8, 15, 12, 11, 16, 1, 6, 5, 2, 9, 4, 10, 3])
8431
Vecsmall([5, 9, 11, 7, 1, 14, 4, 15, 2, 13, 3, 16, 10, 6, 8, 12])
8443
Vecsmall([6, 4, 10, 15, 8, 16, 3, 12, 5, 14, 1, 9, 2, 7, 13, 11])
8447
Vecsmall([10, 14, 15, 5, 4, 8, 16, 6, 11, 1, 9, 13, 12, 2, 3, 7])
8461
Vecsmall([3, 10, 4, 9, 2, 5, 6, 1, 16, 11, 12, 15, 8, 13, 7, 14])
8467
Vecsmall([6, 4, 10, 15, 8, 16, 3, 12, 5, 14, 1, 9, 2, 7, 13, 11])
8501
Vecsmall([9, 12, 16, 14, 11, 10, 2, 4, 13, 15, 7, 6, 3, 1, 5, 8])
8513
Vecsmall([4, 11, 9, 16, 10, 2, 5, 3, 14, 12, 15, 7, 1, 8, 6, 13])
8521
Vecsmall([13, 6, 8, 1, 7, 15, 12, 14, 3, 5, 2, 10, 16, 9, 11, 4])
8527
Vecsmall([5, 9, 11, 7, 1, 14, 4, 15, 2, 13, 3, 16, 10, 6, 8, 12])
8537
Vecsmall([16, 15, 14, 13, 12, 11, 10, 9, 8, 7, 6, 5, 4, 3, 2, 1])
8539
Vecsmall([15, 1, 5, 11, 14, 4, 8, 10, 7, 9, 13, 3, 6, 12, 16, 2])
8543
Vecsmall([5, 9, 11, 7, 1, 14, 4, 15, 2, 13, 3, 16, 10, 6, 8, 12])
8563
Vecsmall([11, 13, 7, 2, 9, 1, 14, 5, 12, 3, 16, 8, 15, 10, 4, 6])
8573
Vecsmall([8, 5, 1, 3, 6, 7, 15, 13, 4, 2, 10, 11, 14, 16, 12, 9])
8581
Vecsmall([8, 5, 1, 3, 6, 7, 15, 13, 4, 2, 10, 11, 14, 16, 12, 9])
8597
Vecsmall([9, 12, 16, 14, 11, 10, 2, 4, 13, 15, 7, 6, 3, 1, 5, 8])
8599
Vecsmall([12, 8, 6, 10, 16, 3, 13, 2, 15, 4, 14, 1, 7, 11, 9, 5])
8609
Vecsmall([1, 2, 3, 4, 5, 6, 7, 8, 9, 10, 11, 12, 13, 14, 15, 16])
8623
Vecsmall([10, 14, 15, 5, 4, 8, 16, 6, 11, 1, 9, 13, 12, 2, 3, 7])
8627
Vecsmall([11, 13, 7, 2, 9, 1, 14, 5, 12, 3, 16, 8, 15, 10, 4, 6])
8629
Vecsmall([3, 10, 4, 9, 2, 5, 6, 1, 16, 11, 12, 15, 8, 13, 7, 14])
8641
Vecsmall([13, 6, 8, 1, 7, 15, 12, 14, 3, 5, 2, 10, 16, 9, 11, 4])
8647
Vecsmall([10, 14, 15, 5, 4, 8, 16, 6, 11, 1, 9, 13, 12, 2, 3, 7])
8663
Vecsmall([5, 9, 11, 7, 1, 14, 4, 15, 2, 13, 3, 16, 10, 6, 8, 12])
8669
Vecsmall([3, 10, 4, 9, 2, 5, 6, 1, 16, 11, 12, 15, 8, 13, 7, 14])
8677
Vecsmall([8, 5, 1, 3, 6, 7, 15, 13, 4, 2, 10, 11, 14, 16, 12, 9])
8681
Vecsmall([4, 11, 9, 16, 10, 2, 5, 3, 14, 12, 15, 7, 1, 8, 6, 13])
8689
Vecsmall([4, 11, 9, 16, 10, 2, 5, 3, 14, 12, 15, 7, 1, 8, 6, 13])
8693
Vecsmall([3, 10, 4, 9, 2, 5, 6, 1, 16, 11, 12, 15, 8, 13, 7, 14])
8699
Vecsmall([11, 13, 7, 2, 9, 1, 14, 5, 12, 3, 16, 8, 15, 10, 4, 6])
8707
Vecsmall([15, 1, 5, 11, 14, 4, 8, 10, 7, 9, 13, 3, 6, 12, 16, 2])
8713
Vecsmall([1, 2, 3, 4, 5, 6, 7, 8, 9, 10, 11, 12, 13, 14, 15, 16])
8719
Vecsmall([12, 8, 6, 10, 16, 3, 13, 2, 15, 4, 14, 1, 7, 11, 9, 5])
8731
Vecsmall([2, 16, 12, 6, 3, 13, 9, 7, 10, 8, 4, 14, 11, 5, 1, 15])
8737
Vecsmall([13, 6, 8, 1, 7, 15, 12, 14, 3, 5, 2, 10, 16, 9, 11, 4])
8741
Vecsmall([14, 7, 13, 8, 15, 12, 11, 16, 1, 6, 5, 2, 9, 4, 10, 3])
8747
Vecsmall([11, 13, 7, 2, 9, 1, 14, 5, 12, 3, 16, 8, 15, 10, 4, 6])
8753
Vecsmall([4, 11, 9, 16, 10, 2, 5, 3, 14, 12, 15, 7, 1, 8, 6, 13])
8761
Vecsmall([1, 2, 3, 4, 5, 6, 7, 8, 9, 10, 11, 12, 13, 14, 15, 16])
8779
Vecsmall([11, 13, 7, 2, 9, 1, 14, 5, 12, 3, 16, 8, 15, 10, 4, 6])
8783
Vecsmall([10, 14, 15, 5, 4, 8, 16, 6, 11, 1, 9, 13, 12, 2, 3, 7])
8803
Vecsmall([2, 16, 12, 6, 3, 13, 9, 7, 10, 8, 4, 14, 11, 5, 1, 15])
8807
Vecsmall([12, 8, 6, 10, 16, 3, 13, 2, 15, 4, 14, 1, 7, 11, 9, 5])
8819
Vecsmall([15, 1, 5, 11, 14, 4, 8, 10, 7, 9, 13, 3, 6, 12, 16, 2])
8821
Vecsmall([14, 7, 13, 8, 15, 12, 11, 16, 1, 6, 5, 2, 9, 4, 10, 3])
8831
Vecsmall([12, 8, 6, 10, 16, 3, 13, 2, 15, 4, 14, 1, 7, 11, 9, 5])
8837
Vecsmall([8, 5, 1, 3, 6, 7, 15, 13, 4, 2, 10, 11, 14, 16, 12, 9])
8839
Vecsmall([10, 14, 15, 5, 4, 8, 16, 6, 11, 1, 9, 13, 12, 2, 3, 7])
8849
Vecsmall([13, 6, 8, 1, 7, 15, 12, 14, 3, 5, 2, 10, 16, 9, 11, 4])
8861
Vecsmall([14, 7, 13, 8, 15, 12, 11, 16, 1, 6, 5, 2, 9, 4, 10, 3])
8863
Vecsmall([5, 9, 11, 7, 1, 14, 4, 15, 2, 13, 3, 16, 10, 6, 8, 12])
8867
Vecsmall([6, 4, 10, 15, 8, 16, 3, 12, 5, 14, 1, 9, 2, 7, 13, 11])
8887
Vecsmall([12, 8, 6, 10, 16, 3, 13, 2, 15, 4, 14, 1, 7, 11, 9, 5])
8893
Vecsmall([14, 7, 13, 8, 15, 12, 11, 16, 1, 6, 5, 2, 9, 4, 10, 3])
8923
Vecsmall([11, 13, 7, 2, 9, 1, 14, 5, 12, 3, 16, 8, 15, 10, 4, 6])
8929
Vecsmall([13, 6, 8, 1, 7, 15, 12, 14, 3, 5, 2, 10, 16, 9, 11, 4])
8933
Vecsmall([8, 5, 1, 3, 6, 7, 15, 13, 4, 2, 10, 11, 14, 16, 12, 9])
8941
Vecsmall([9, 12, 16, 14, 11, 10, 2, 4, 13, 15, 7, 6, 3, 1, 5, 8])
8951
Vecsmall([5, 9, 11, 7, 1, 14, 4, 15, 2, 13, 3, 16, 10, 6, 8, 12])
8963
Vecsmall([11, 13, 7, 2, 9, 1, 14, 5, 12, 3, 16, 8, 15, 10, 4, 6])
8969
Vecsmall([1, 2, 3, 4, 5, 6, 7, 8, 9, 10, 11, 12, 13, 14, 15, 16])
8971
Vecsmall([11, 13, 7, 2, 9, 1, 14, 5, 12, 3, 16, 8, 15, 10, 4, 6])
8999
Vecsmall([10, 14, 15, 5, 4, 8, 16, 6, 11, 1, 9, 13, 12, 2, 3, 7])
9001
Vecsmall([16, 15, 14, 13, 12, 11, 10, 9, 8, 7, 6, 5, 4, 3, 2, 1])
9007
Vecsmall([12, 8, 6, 10, 16, 3, 13, 2, 15, 4, 14, 1, 7, 11, 9, 5])
9011
Vecsmall([15, 1, 5, 11, 14, 4, 8, 10, 7, 9, 13, 3, 6, 12, 16, 2])
9013
Vecsmall([9, 12, 16, 14, 11, 10, 2, 4, 13, 15, 7, 6, 3, 1, 5, 8])
9029
Vecsmall([8, 5, 1, 3, 6, 7, 15, 13, 4, 2, 10, 11, 14, 16, 12, 9])
9041
Vecsmall([4, 11, 9, 16, 10, 2, 5, 3, 14, 12, 15, 7, 1, 8, 6, 13])
9043
Vecsmall([2, 16, 12, 6, 3, 13, 9, 7, 10, 8, 4, 14, 11, 5, 1, 15])
9049
Vecsmall([4, 11, 9, 16, 10, 2, 5, 3, 14, 12, 15, 7, 1, 8, 6, 13])
9059
Vecsmall([11, 13, 7, 2, 9, 1, 14, 5, 12, 3, 16, 8, 15, 10, 4, 6])
9067
Vecsmall([11, 13, 7, 2, 9, 1, 14, 5, 12, 3, 16, 8, 15, 10, 4, 6])
9091
Vecsmall([6, 4, 10, 15, 8, 16, 3, 12, 5, 14, 1, 9, 2, 7, 13, 11])
9103
Vecsmall([10, 14, 15, 5, 4, 8, 16, 6, 11, 1, 9, 13, 12, 2, 3, 7])
9109
Vecsmall([14, 7, 13, 8, 15, 12, 11, 16, 1, 6, 5, 2, 9, 4, 10, 3])
9127
Vecsmall([12, 8, 6, 10, 16, 3, 13, 2, 15, 4, 14, 1, 7, 11, 9, 5])
9133
Vecsmall([3, 10, 4, 9, 2, 5, 6, 1, 16, 11, 12, 15, 8, 13, 7, 14])
9137
Vecsmall([1, 2, 3, 4, 5, 6, 7, 8, 9, 10, 11, 12, 13, 14, 15, 16])
9151
Vecsmall([12, 8, 6, 10, 16, 3, 13, 2, 15, 4, 14, 1, 7, 11, 9, 5])
9157
Vecsmall([9, 12, 16, 14, 11, 10, 2, 4, 13, 15, 7, 6, 3, 1, 5, 8])
9161
Vecsmall([13, 6, 8, 1, 7, 15, 12, 14, 3, 5, 2, 10, 16, 9, 11, 4])
9173
Vecsmall([8, 5, 1, 3, 6, 7, 15, 13, 4, 2, 10, 11, 14, 16, 12, 9])
9181
Vecsmall([14, 7, 13, 8, 15, 12, 11, 16, 1, 6, 5, 2, 9, 4, 10, 3])
9187
Vecsmall([15, 1, 5, 11, 14, 4, 8, 10, 7, 9, 13, 3, 6, 12, 16, 2])
9199
Vecsmall([10, 14, 15, 5, 4, 8, 16, 6, 11, 1, 9, 13, 12, 2, 3, 7])
9203
Vecsmall([15, 1, 5, 11, 14, 4, 8, 10, 7, 9, 13, 3, 6, 12, 16, 2])
9209
Vecsmall([16, 15, 14, 13, 12, 11, 10, 9, 8, 7, 6, 5, 4, 3, 2, 1])
9221
Vecsmall([8, 5, 1, 3, 6, 7, 15, 13, 4, 2, 10, 11, 14, 16, 12, 9])
9227
Vecsmall([6, 4, 10, 15, 8, 16, 3, 12, 5, 14, 1, 9, 2, 7, 13, 11])
9239
Vecsmall([5, 9, 11, 7, 1, 14, 4, 15, 2, 13, 3, 16, 10, 6, 8, 12])
9241
Vecsmall([16, 15, 14, 13, 12, 11, 10, 9, 8, 7, 6, 5, 4, 3, 2, 1])
9257
Vecsmall([13, 6, 8, 1, 7, 15, 12, 14, 3, 5, 2, 10, 16, 9, 11, 4])
9277
Vecsmall([8, 5, 1, 3, 6, 7, 15, 13, 4, 2, 10, 11, 14, 16, 12, 9])
9281
Vecsmall([1, 2, 3, 4, 5, 6, 7, 8, 9, 10, 11, 12, 13, 14, 15, 16])
9283
Vecsmall([6, 4, 10, 15, 8, 16, 3, 12, 5, 14, 1, 9, 2, 7, 13, 11])
9293
Vecsmall([9, 12, 16, 14, 11, 10, 2, 4, 13, 15, 7, 6, 3, 1, 5, 8])
9311
Vecsmall([12, 8, 6, 10, 16, 3, 13, 2, 15, 4, 14, 1, 7, 11, 9, 5])
9319
Vecsmall([12, 8, 6, 10, 16, 3, 13, 2, 15, 4, 14, 1, 7, 11, 9, 5])
9323
Vecsmall([11, 13, 7, 2, 9, 1, 14, 5, 12, 3, 16, 8, 15, 10, 4, 6])
9337
Vecsmall([16, 15, 14, 13, 12, 11, 10, 9, 8, 7, 6, 5, 4, 3, 2, 1])
9341
Vecsmall([8, 5, 1, 3, 6, 7, 15, 13, 4, 2, 10, 11, 14, 16, 12, 9])
9343
Vecsmall([10, 14, 15, 5, 4, 8, 16, 6, 11, 1, 9, 13, 12, 2, 3, 7])
9349
Vecsmall([8, 5, 1, 3, 6, 7, 15, 13, 4, 2, 10, 11, 14, 16, 12, 9])
9371
Vecsmall([11, 13, 7, 2, 9, 1, 14, 5, 12, 3, 16, 8, 15, 10, 4, 6])
9377
Vecsmall([16, 15, 14, 13, 12, 11, 10, 9, 8, 7, 6, 5, 4, 3, 2, 1])
9391
Vecsmall([12, 8, 6, 10, 16, 3, 13, 2, 15, 4, 14, 1, 7, 11, 9, 5])
9397
Vecsmall([8, 5, 1, 3, 6, 7, 15, 13, 4, 2, 10, 11, 14, 16, 12, 9])
9403
Vecsmall([15, 1, 5, 11, 14, 4, 8, 10, 7, 9, 13, 3, 6, 12, 16, 2])
9413
Vecsmall([14, 7, 13, 8, 15, 12, 11, 16, 1, 6, 5, 2, 9, 4, 10, 3])
9419
Vecsmall([2, 16, 12, 6, 3, 13, 9, 7, 10, 8, 4, 14, 11, 5, 1, 15])
9421
Vecsmall([9, 12, 16, 14, 11, 10, 2, 4, 13, 15, 7, 6, 3, 1, 5, 8])
9431
Vecsmall([12, 8, 6, 10, 16, 3, 13, 2, 15, 4, 14, 1, 7, 11, 9, 5])
9433
Vecsmall([13, 6, 8, 1, 7, 15, 12, 14, 3, 5, 2, 10, 16, 9, 11, 4])
9437
Vecsmall([8, 5, 1, 3, 6, 7, 15, 13, 4, 2, 10, 11, 14, 16, 12, 9])
9439
Vecsmall([12, 8, 6, 10, 16, 3, 13, 2, 15, 4, 14, 1, 7, 11, 9, 5])
9461
Vecsmall([8, 5, 1, 3, 6, 7, 15, 13, 4, 2, 10, 11, 14, 16, 12, 9])
9463
Vecsmall([5, 9, 11, 7, 1, 14, 4, 15, 2, 13, 3, 16, 10, 6, 8, 12])
9467
Vecsmall([15, 1, 5, 11, 14, 4, 8, 10, 7, 9, 13, 3, 6, 12, 16, 2])
9473
Vecsmall([16, 15, 14, 13, 12, 11, 10, 9, 8, 7, 6, 5, 4, 3, 2, 1])
9479
Vecsmall([10, 14, 15, 5, 4, 8, 16, 6, 11, 1, 9, 13, 12, 2, 3, 7])
9491
Vecsmall([6, 4, 10, 15, 8, 16, 3, 12, 5, 14, 1, 9, 2, 7, 13, 11])
9497
Vecsmall([4, 11, 9, 16, 10, 2, 5, 3, 14, 12, 15, 7, 1, 8, 6, 13])
9511
Vecsmall([5, 9, 11, 7, 1, 14, 4, 15, 2, 13, 3, 16, 10, 6, 8, 12])
9521
Vecsmall([16, 15, 14, 13, 12, 11, 10, 9, 8, 7, 6, 5, 4, 3, 2, 1])
9533
Vecsmall([14, 7, 13, 8, 15, 12, 11, 16, 1, 6, 5, 2, 9, 4, 10, 3])
9539
Vecsmall([15, 1, 5, 11, 14, 4, 8, 10, 7, 9, 13, 3, 6, 12, 16, 2])
9547
Vecsmall([2, 16, 12, 6, 3, 13, 9, 7, 10, 8, 4, 14, 11, 5, 1, 15])
9551
Vecsmall([5, 9, 11, 7, 1, 14, 4, 15, 2, 13, 3, 16, 10, 6, 8, 12])
9587
Vecsmall([15, 1, 5, 11, 14, 4, 8, 10, 7, 9, 13, 3, 6, 12, 16, 2])
9601
Vecsmall([16, 15, 14, 13, 12, 11, 10, 9, 8, 7, 6, 5, 4, 3, 2, 1])
9613
Vecsmall([8, 5, 1, 3, 6, 7, 15, 13, 4, 2, 10, 11, 14, 16, 12, 9])
9619
Vecsmall([6, 4, 10, 15, 8, 16, 3, 12, 5, 14, 1, 9, 2, 7, 13, 11])
9623
Vecsmall([5, 9, 11, 7, 1, 14, 4, 15, 2, 13, 3, 16, 10, 6, 8, 12])
9629
Vecsmall([14, 7, 13, 8, 15, 12, 11, 16, 1, 6, 5, 2, 9, 4, 10, 3])
9631
Vecsmall([5, 9, 11, 7, 1, 14, 4, 15, 2, 13, 3, 16, 10, 6, 8, 12])
9643
Vecsmall([11, 13, 7, 2, 9, 1, 14, 5, 12, 3, 16, 8, 15, 10, 4, 6])
9649
Vecsmall([1, 2, 3, 4, 5, 6, 7, 8, 9, 10, 11, 12, 13, 14, 15, 16])
9661
Vecsmall([3, 10, 4, 9, 2, 5, 6, 1, 16, 11, 12, 15, 8, 13, 7, 14])
9677
Vecsmall([14, 7, 13, 8, 15, 12, 11, 16, 1, 6, 5, 2, 9, 4, 10, 3])
9679
Vecsmall([5, 9, 11, 7, 1, 14, 4, 15, 2, 13, 3, 16, 10, 6, 8, 12])
9689
Vecsmall([4, 11, 9, 16, 10, 2, 5, 3, 14, 12, 15, 7, 1, 8, 6, 13])
9697
Vecsmall([16, 15, 14, 13, 12, 11, 10, 9, 8, 7, 6, 5, 4, 3, 2, 1])
9719
Vecsmall([5, 9, 11, 7, 1, 14, 4, 15, 2, 13, 3, 16, 10, 6, 8, 12])
9721
Vecsmall([16, 15, 14, 13, 12, 11, 10, 9, 8, 7, 6, 5, 4, 3, 2, 1])
9733
Vecsmall([8, 5, 1, 3, 6, 7, 15, 13, 4, 2, 10, 11, 14, 16, 12, 9])
9739
Vecsmall([6, 4, 10, 15, 8, 16, 3, 12, 5, 14, 1, 9, 2, 7, 13, 11])
9743
Vecsmall([12, 8, 6, 10, 16, 3, 13, 2, 15, 4, 14, 1, 7, 11, 9, 5])
9749
Vecsmall([8, 5, 1, 3, 6, 7, 15, 13, 4, 2, 10, 11, 14, 16, 12, 9])
9767
Vecsmall([5, 9, 11, 7, 1, 14, 4, 15, 2, 13, 3, 16, 10, 6, 8, 12])
9769
Vecsmall([1, 2, 3, 4, 5, 6, 7, 8, 9, 10, 11, 12, 13, 14, 15, 16])
9781
Vecsmall([3, 10, 4, 9, 2, 5, 6, 1, 16, 11, 12, 15, 8, 13, 7, 14])
9787
Vecsmall([11, 13, 7, 2, 9, 1, 14, 5, 12, 3, 16, 8, 15, 10, 4, 6])
9791
Vecsmall([12, 8, 6, 10, 16, 3, 13, 2, 15, 4, 14, 1, 7, 11, 9, 5])
9803
Vecsmall([6, 4, 10, 15, 8, 16, 3, 12, 5, 14, 1, 9, 2, 7, 13, 11])
9811
Vecsmall([2, 16, 12, 6, 3, 13, 9, 7, 10, 8, 4, 14, 11, 5, 1, 15])
9817
Vecsmall([4, 11, 9, 16, 10, 2, 5, 3, 14, 12, 15, 7, 1, 8, 6, 13])
9829
Vecsmall([8, 5, 1, 3, 6, 7, 15, 13, 4, 2, 10, 11, 14, 16, 12, 9])
9833
Vecsmall([13, 6, 8, 1, 7, 15, 12, 14, 3, 5, 2, 10, 16, 9, 11, 4])
9839
Vecsmall([12, 8, 6, 10, 16, 3, 13, 2, 15, 4, 14, 1, 7, 11, 9, 5])
9851
Vecsmall([6, 4, 10, 15, 8, 16, 3, 12, 5, 14, 1, 9, 2, 7, 13, 11])
9857
Vecsmall([13, 6, 8, 1, 7, 15, 12, 14, 3, 5, 2, 10, 16, 9, 11, 4])
9859
Vecsmall([15, 1, 5, 11, 14, 4, 8, 10, 7, 9, 13, 3, 6, 12, 16, 2])
9871
Vecsmall([5, 9, 11, 7, 1, 14, 4, 15, 2, 13, 3, 16, 10, 6, 8, 12])
9883
Vecsmall([15, 1, 5, 11, 14, 4, 8, 10, 7, 9, 13, 3, 6, 12, 16, 2])
9887
Vecsmall([5, 9, 11, 7, 1, 14, 4, 15, 2, 13, 3, 16, 10, 6, 8, 12])
9901
Vecsmall([3, 10, 4, 9, 2, 5, 6, 1, 16, 11, 12, 15, 8, 13, 7, 14])
9907
Vecsmall([11, 13, 7, 2, 9, 1, 14, 5, 12, 3, 16, 8, 15, 10, 4, 6])
9923
Vecsmall([11, 13, 7, 2, 9, 1, 14, 5, 12, 3, 16, 8, 15, 10, 4, 6])
9929
Vecsmall([4, 11, 9, 16, 10, 2, 5, 3, 14, 12, 15, 7, 1, 8, 6, 13])
9931
Vecsmall([6, 4, 10, 15, 8, 16, 3, 12, 5, 14, 1, 9, 2, 7, 13, 11])
9941
Vecsmall([3, 10, 4, 9, 2, 5, 6, 1, 16, 11, 12, 15, 8, 13, 7, 14])
9949
Vecsmall([3, 10, 4, 9, 2, 5, 6, 1, 16, 11, 12, 15, 8, 13, 7, 14])
9967
Vecsmall([5, 9, 11, 7, 1, 14, 4, 15, 2, 13, 3, 16, 10, 6, 8, 12])
9973
Vecsmall([8, 5, 1, 3, 6, 7, 15, 13, 4, 2, 10, 11, 14, 16, 12, 9])
10007
Vecsmall([12, 8, 6, 10, 16, 3, 13, 2, 15, 4, 14, 1, 7, 11, 9, 5])
10009
Vecsmall([13, 6, 8, 1, 7, 15, 12, 14, 3, 5, 2, 10, 16, 9, 11, 4])
10037
Vecsmall([8, 5, 1, 3, 6, 7, 15, 13, 4, 2, 10, 11, 14, 16, 12, 9])
10039
Vecsmall([5, 9, 11, 7, 1, 14, 4, 15, 2, 13, 3, 16, 10, 6, 8, 12])
10061
Vecsmall([8, 5, 1, 3, 6, 7, 15, 13, 4, 2, 10, 11, 14, 16, 12, 9])
10067
Vecsmall([6, 4, 10, 15, 8, 16, 3, 12, 5, 14, 1, 9, 2, 7, 13, 11])
10069
Vecsmall([14, 7, 13, 8, 15, 12, 11, 16, 1, 6, 5, 2, 9, 4, 10, 3])
10079
Vecsmall([5, 9, 11, 7, 1, 14, 4, 15, 2, 13, 3, 16, 10, 6, 8, 12])
10091
Vecsmall([6, 4, 10, 15, 8, 16, 3, 12, 5, 14, 1, 9, 2, 7, 13, 11])
10093
Vecsmall([3, 10, 4, 9, 2, 5, 6, 1, 16, 11, 12, 15, 8, 13, 7, 14])
10099
Vecsmall([15, 1, 5, 11, 14, 4, 8, 10, 7, 9, 13, 3, 6, 12, 16, 2])
10103
Vecsmall([10, 14, 15, 5, 4, 8, 16, 6, 11, 1, 9, 13, 12, 2, 3, 7])
10111
Vecsmall([5, 9, 11, 7, 1, 14, 4, 15, 2, 13, 3, 16, 10, 6, 8, 12])
10133
Vecsmall([8, 5, 1, 3, 6, 7, 15, 13, 4, 2, 10, 11, 14, 16, 12, 9])
10139
Vecsmall([11, 13, 7, 2, 9, 1, 14, 5, 12, 3, 16, 8, 15, 10, 4, 6])
10141
Vecsmall([3, 10, 4, 9, 2, 5, 6, 1, 16, 11, 12, 15, 8, 13, 7, 14])
