Galois identify
[16, 6]


Galois conjug classes
[[Vecsmall([1, 2, 3, 4, 5, 6, 7, 8, 9, 10, 11, 12, 13, 14, 15, 16])], [Vecsmall([15, 16, 11, 9, 7, 14, 5, 13, 4, 12, 3, 10, 8, 6, 1, 2]), Vecsmall([2, 1, 6, 8, 10, 3, 12, 4, 13, 5, 14, 7, 9, 11, 16, 15])], [Vecsmall([14, 6, 8, 12, 15, 13, 16, 10, 7, 1, 4, 2, 5, 9, 11, 3]), Vecsmall([3, 11, 9, 5, 2, 4, 1, 7, 10, 16, 13, 15, 12, 8, 6, 14])], [Vecsmall([13, 9, 5, 1, 14, 10, 6, 2, 15, 11, 7, 3, 16, 12, 8, 4]), Vecsmall([4, 8, 12, 16, 3, 7, 11, 15, 2, 6, 10, 14, 1, 5, 9, 13])], [Vecsmall([12, 10, 2, 3, 8, 16, 4, 11, 6, 13, 1, 9, 14, 15, 7, 5]), Vecsmall([5, 7, 15, 14, 9, 1, 13, 6, 11, 4, 16, 8, 3, 2, 10, 12])], [Vecsmall([11, 3, 4, 7, 16, 9, 15, 5, 12, 2, 8, 1, 10, 13, 14, 6]), Vecsmall([6, 14, 13, 10, 1, 8, 2, 12, 5, 15, 9, 16, 7, 4, 3, 11])], [Vecsmall([10, 12, 16, 11, 13, 2, 9, 3, 14, 8, 15, 4, 6, 1, 5, 7]), Vecsmall([7, 5, 1, 6, 4, 15, 8, 14, 3, 9, 2, 13, 11, 16, 12, 10])], [Vecsmall([8, 4, 7, 15, 6, 12, 14, 16, 1, 3, 5, 11, 2, 10, 13, 9])], [Vecsmall([9, 13, 10, 2, 11, 5, 3, 1, 16, 14, 12, 6, 15, 7, 4, 8])], [Vecsmall([16, 15, 14, 13, 12, 11, 10, 9, 8, 7, 6, 5, 4, 3, 2, 1])]]


3
Vecsmall([6, 14, 13, 10, 1, 8, 2, 12, 5, 15, 9, 16, 7, 4, 3, 11])
5
Vecsmall([7, 5, 1, 6, 4, 15, 8, 14, 3, 9, 2, 13, 11, 16, 12, 10])
7
Vecsmall([13, 9, 5, 1, 14, 10, 6, 2, 15, 11, 7, 3, 16, 12, 8, 4])
11
Vecsmall([5, 7, 15, 14, 9, 1, 13, 6, 11, 4, 16, 8, 3, 2, 10, 12])
13
Vecsmall([3, 11, 9, 5, 2, 4, 1, 7, 10, 16, 13, 15, 12, 8, 6, 14])
17
Vecsmall([1, 2, 3, 4, 5, 6, 7, 8, 9, 10, 11, 12, 13, 14, 15, 16])
19
Vecsmall([6, 14, 13, 10, 1, 8, 2, 12, 5, 15, 9, 16, 7, 4, 3, 11])
23
Vecsmall([13, 9, 5, 1, 14, 10, 6, 2, 15, 11, 7, 3, 16, 12, 8, 4])
29
Vecsmall([14, 6, 8, 12, 15, 13, 16, 10, 7, 1, 4, 2, 5, 9, 11, 3])
31
Vecsmall([2, 1, 6, 8, 10, 3, 12, 4, 13, 5, 14, 7, 9, 11, 16, 15])
37
Vecsmall([7, 5, 1, 6, 4, 15, 8, 14, 3, 9, 2, 13, 11, 16, 12, 10])
41
Vecsmall([9, 13, 10, 2, 11, 5, 3, 1, 16, 14, 12, 6, 15, 7, 4, 8])
43
Vecsmall([5, 7, 15, 14, 9, 1, 13, 6, 11, 4, 16, 8, 3, 2, 10, 12])
47
Vecsmall([2, 1, 6, 8, 10, 3, 12, 4, 13, 5, 14, 7, 9, 11, 16, 15])
53
Vecsmall([10, 12, 16, 11, 13, 2, 9, 3, 14, 8, 15, 4, 6, 1, 5, 7])
59
Vecsmall([5, 7, 15, 14, 9, 1, 13, 6, 11, 4, 16, 8, 3, 2, 10, 12])
61
Vecsmall([14, 6, 8, 12, 15, 13, 16, 10, 7, 1, 4, 2, 5, 9, 11, 3])
67
Vecsmall([6, 14, 13, 10, 1, 8, 2, 12, 5, 15, 9, 16, 7, 4, 3, 11])
71
Vecsmall([4, 8, 12, 16, 3, 7, 11, 15, 2, 6, 10, 14, 1, 5, 9, 13])
73
Vecsmall([8, 4, 7, 15, 6, 12, 14, 16, 1, 3, 5, 11, 2, 10, 13, 9])
79
Vecsmall([2, 1, 6, 8, 10, 3, 12, 4, 13, 5, 14, 7, 9, 11, 16, 15])
83
Vecsmall([11, 3, 4, 7, 16, 9, 15, 5, 12, 2, 8, 1, 10, 13, 14, 6])
89
Vecsmall([9, 13, 10, 2, 11, 5, 3, 1, 16, 14, 12, 6, 15, 7, 4, 8])
97
Vecsmall([16, 15, 14, 13, 12, 11, 10, 9, 8, 7, 6, 5, 4, 3, 2, 1])
101
Vecsmall([7, 5, 1, 6, 4, 15, 8, 14, 3, 9, 2, 13, 11, 16, 12, 10])
103
Vecsmall([13, 9, 5, 1, 14, 10, 6, 2, 15, 11, 7, 3, 16, 12, 8, 4])
107
Vecsmall([5, 7, 15, 14, 9, 1, 13, 6, 11, 4, 16, 8, 3, 2, 10, 12])
109
Vecsmall([14, 6, 8, 12, 15, 13, 16, 10, 7, 1, 4, 2, 5, 9, 11, 3])
113
Vecsmall([16, 15, 14, 13, 12, 11, 10, 9, 8, 7, 6, 5, 4, 3, 2, 1])
127
Vecsmall([2, 1, 6, 8, 10, 3, 12, 4, 13, 5, 14, 7, 9, 11, 16, 15])
131
Vecsmall([11, 3, 4, 7, 16, 9, 15, 5, 12, 2, 8, 1, 10, 13, 14, 6])
137
Vecsmall([9, 13, 10, 2, 11, 5, 3, 1, 16, 14, 12, 6, 15, 7, 4, 8])
139
Vecsmall([12, 10, 2, 3, 8, 16, 4, 11, 6, 13, 1, 9, 14, 15, 7, 5])
149
Vecsmall([7, 5, 1, 6, 4, 15, 8, 14, 3, 9, 2, 13, 11, 16, 12, 10])
151
Vecsmall([13, 9, 5, 1, 14, 10, 6, 2, 15, 11, 7, 3, 16, 12, 8, 4])
157
Vecsmall([3, 11, 9, 5, 2, 4, 1, 7, 10, 16, 13, 15, 12, 8, 6, 14])
163
Vecsmall([11, 3, 4, 7, 16, 9, 15, 5, 12, 2, 8, 1, 10, 13, 14, 6])
167
Vecsmall([13, 9, 5, 1, 14, 10, 6, 2, 15, 11, 7, 3, 16, 12, 8, 4])
173
Vecsmall([14, 6, 8, 12, 15, 13, 16, 10, 7, 1, 4, 2, 5, 9, 11, 3])
179
Vecsmall([6, 14, 13, 10, 1, 8, 2, 12, 5, 15, 9, 16, 7, 4, 3, 11])
181
Vecsmall([7, 5, 1, 6, 4, 15, 8, 14, 3, 9, 2, 13, 11, 16, 12, 10])
191
Vecsmall([2, 1, 6, 8, 10, 3, 12, 4, 13, 5, 14, 7, 9, 11, 16, 15])
193
Vecsmall([16, 15, 14, 13, 12, 11, 10, 9, 8, 7, 6, 5, 4, 3, 2, 1])
197
Vecsmall([10, 12, 16, 11, 13, 2, 9, 3, 14, 8, 15, 4, 6, 1, 5, 7])
199
Vecsmall([4, 8, 12, 16, 3, 7, 11, 15, 2, 6, 10, 14, 1, 5, 9, 13])
211
Vecsmall([11, 3, 4, 7, 16, 9, 15, 5, 12, 2, 8, 1, 10, 13, 14, 6])
223
Vecsmall([2, 1, 6, 8, 10, 3, 12, 4, 13, 5, 14, 7, 9, 11, 16, 15])
227
Vecsmall([11, 3, 4, 7, 16, 9, 15, 5, 12, 2, 8, 1, 10, 13, 14, 6])
229
Vecsmall([10, 12, 16, 11, 13, 2, 9, 3, 14, 8, 15, 4, 6, 1, 5, 7])
233
Vecsmall([8, 4, 7, 15, 6, 12, 14, 16, 1, 3, 5, 11, 2, 10, 13, 9])
239
Vecsmall([2, 1, 6, 8, 10, 3, 12, 4, 13, 5, 14, 7, 9, 11, 16, 15])
241
Vecsmall([1, 2, 3, 4, 5, 6, 7, 8, 9, 10, 11, 12, 13, 14, 15, 16])
251
Vecsmall([12, 10, 2, 3, 8, 16, 4, 11, 6, 13, 1, 9, 14, 15, 7, 5])
257
Vecsmall([1, 2, 3, 4, 5, 6, 7, 8, 9, 10, 11, 12, 13, 14, 15, 16])
263
Vecsmall([4, 8, 12, 16, 3, 7, 11, 15, 2, 6, 10, 14, 1, 5, 9, 13])
269
Vecsmall([3, 11, 9, 5, 2, 4, 1, 7, 10, 16, 13, 15, 12, 8, 6, 14])
271
Vecsmall([2, 1, 6, 8, 10, 3, 12, 4, 13, 5, 14, 7, 9, 11, 16, 15])
277
Vecsmall([7, 5, 1, 6, 4, 15, 8, 14, 3, 9, 2, 13, 11, 16, 12, 10])
281
Vecsmall([9, 13, 10, 2, 11, 5, 3, 1, 16, 14, 12, 6, 15, 7, 4, 8])
283
Vecsmall([12, 10, 2, 3, 8, 16, 4, 11, 6, 13, 1, 9, 14, 15, 7, 5])
293
Vecsmall([7, 5, 1, 6, 4, 15, 8, 14, 3, 9, 2, 13, 11, 16, 12, 10])
307
Vecsmall([6, 14, 13, 10, 1, 8, 2, 12, 5, 15, 9, 16, 7, 4, 3, 11])
311
Vecsmall([4, 8, 12, 16, 3, 7, 11, 15, 2, 6, 10, 14, 1, 5, 9, 13])
313
Vecsmall([8, 4, 7, 15, 6, 12, 14, 16, 1, 3, 5, 11, 2, 10, 13, 9])
317
Vecsmall([14, 6, 8, 12, 15, 13, 16, 10, 7, 1, 4, 2, 5, 9, 11, 3])
331
Vecsmall([5, 7, 15, 14, 9, 1, 13, 6, 11, 4, 16, 8, 3, 2, 10, 12])
337
Vecsmall([16, 15, 14, 13, 12, 11, 10, 9, 8, 7, 6, 5, 4, 3, 2, 1])
347
Vecsmall([5, 7, 15, 14, 9, 1, 13, 6, 11, 4, 16, 8, 3, 2, 10, 12])
349
Vecsmall([3, 11, 9, 5, 2, 4, 1, 7, 10, 16, 13, 15, 12, 8, 6, 14])
353
Vecsmall([1, 2, 3, 4, 5, 6, 7, 8, 9, 10, 11, 12, 13, 14, 15, 16])
359
Vecsmall([13, 9, 5, 1, 14, 10, 6, 2, 15, 11, 7, 3, 16, 12, 8, 4])
367
Vecsmall([2, 1, 6, 8, 10, 3, 12, 4, 13, 5, 14, 7, 9, 11, 16, 15])
373
Vecsmall([10, 12, 16, 11, 13, 2, 9, 3, 14, 8, 15, 4, 6, 1, 5, 7])
379
Vecsmall([5, 7, 15, 14, 9, 1, 13, 6, 11, 4, 16, 8, 3, 2, 10, 12])
383
Vecsmall([2, 1, 6, 8, 10, 3, 12, 4, 13, 5, 14, 7, 9, 11, 16, 15])
389
Vecsmall([7, 5, 1, 6, 4, 15, 8, 14, 3, 9, 2, 13, 11, 16, 12, 10])
397
Vecsmall([3, 11, 9, 5, 2, 4, 1, 7, 10, 16, 13, 15, 12, 8, 6, 14])
401
Vecsmall([1, 2, 3, 4, 5, 6, 7, 8, 9, 10, 11, 12, 13, 14, 15, 16])
409
Vecsmall([8, 4, 7, 15, 6, 12, 14, 16, 1, 3, 5, 11, 2, 10, 13, 9])
419
Vecsmall([6, 14, 13, 10, 1, 8, 2, 12, 5, 15, 9, 16, 7, 4, 3, 11])
421
Vecsmall([7, 5, 1, 6, 4, 15, 8, 14, 3, 9, 2, 13, 11, 16, 12, 10])
431
Vecsmall([2, 1, 6, 8, 10, 3, 12, 4, 13, 5, 14, 7, 9, 11, 16, 15])
433
Vecsmall([1, 2, 3, 4, 5, 6, 7, 8, 9, 10, 11, 12, 13, 14, 15, 16])
439
Vecsmall([4, 8, 12, 16, 3, 7, 11, 15, 2, 6, 10, 14, 1, 5, 9, 13])
443
Vecsmall([5, 7, 15, 14, 9, 1, 13, 6, 11, 4, 16, 8, 3, 2, 10, 12])
449
Vecsmall([16, 15, 14, 13, 12, 11, 10, 9, 8, 7, 6, 5, 4, 3, 2, 1])
457
Vecsmall([9, 13, 10, 2, 11, 5, 3, 1, 16, 14, 12, 6, 15, 7, 4, 8])
461
Vecsmall([14, 6, 8, 12, 15, 13, 16, 10, 7, 1, 4, 2, 5, 9, 11, 3])
463
Vecsmall([2, 1, 6, 8, 10, 3, 12, 4, 13, 5, 14, 7, 9, 11, 16, 15])
467
Vecsmall([11, 3, 4, 7, 16, 9, 15, 5, 12, 2, 8, 1, 10, 13, 14, 6])
479
Vecsmall([2, 1, 6, 8, 10, 3, 12, 4, 13, 5, 14, 7, 9, 11, 16, 15])
487
Vecsmall([4, 8, 12, 16, 3, 7, 11, 15, 2, 6, 10, 14, 1, 5, 9, 13])
491
Vecsmall([12, 10, 2, 3, 8, 16, 4, 11, 6, 13, 1, 9, 14, 15, 7, 5])
499
Vecsmall([11, 3, 4, 7, 16, 9, 15, 5, 12, 2, 8, 1, 10, 13, 14, 6])
503
Vecsmall([13, 9, 5, 1, 14, 10, 6, 2, 15, 11, 7, 3, 16, 12, 8, 4])
509
Vecsmall([3, 11, 9, 5, 2, 4, 1, 7, 10, 16, 13, 15, 12, 8, 6, 14])
521
Vecsmall([9, 13, 10, 2, 11, 5, 3, 1, 16, 14, 12, 6, 15, 7, 4, 8])
523
Vecsmall([12, 10, 2, 3, 8, 16, 4, 11, 6, 13, 1, 9, 14, 15, 7, 5])
541
Vecsmall([3, 11, 9, 5, 2, 4, 1, 7, 10, 16, 13, 15, 12, 8, 6, 14])
547
Vecsmall([6, 14, 13, 10, 1, 8, 2, 12, 5, 15, 9, 16, 7, 4, 3, 11])
557
Vecsmall([3, 11, 9, 5, 2, 4, 1, 7, 10, 16, 13, 15, 12, 8, 6, 14])
563
Vecsmall([6, 14, 13, 10, 1, 8, 2, 12, 5, 15, 9, 16, 7, 4, 3, 11])
569
Vecsmall([8, 4, 7, 15, 6, 12, 14, 16, 1, 3, 5, 11, 2, 10, 13, 9])
571
Vecsmall([12, 10, 2, 3, 8, 16, 4, 11, 6, 13, 1, 9, 14, 15, 7, 5])
577
Vecsmall([1, 2, 3, 4, 5, 6, 7, 8, 9, 10, 11, 12, 13, 14, 15, 16])
587
Vecsmall([12, 10, 2, 3, 8, 16, 4, 11, 6, 13, 1, 9, 14, 15, 7, 5])
593
Vecsmall([16, 15, 14, 13, 12, 11, 10, 9, 8, 7, 6, 5, 4, 3, 2, 1])
599
Vecsmall([4, 8, 12, 16, 3, 7, 11, 15, 2, 6, 10, 14, 1, 5, 9, 13])
601
Vecsmall([9, 13, 10, 2, 11, 5, 3, 1, 16, 14, 12, 6, 15, 7, 4, 8])
607
Vecsmall([2, 1, 6, 8, 10, 3, 12, 4, 13, 5, 14, 7, 9, 11, 16, 15])
613
Vecsmall([10, 12, 16, 11, 13, 2, 9, 3, 14, 8, 15, 4, 6, 1, 5, 7])
617
Vecsmall([8, 4, 7, 15, 6, 12, 14, 16, 1, 3, 5, 11, 2, 10, 13, 9])
619
Vecsmall([12, 10, 2, 3, 8, 16, 4, 11, 6, 13, 1, 9, 14, 15, 7, 5])
631
Vecsmall([13, 9, 5, 1, 14, 10, 6, 2, 15, 11, 7, 3, 16, 12, 8, 4])
641
Vecsmall([16, 15, 14, 13, 12, 11, 10, 9, 8, 7, 6, 5, 4, 3, 2, 1])
643
Vecsmall([11, 3, 4, 7, 16, 9, 15, 5, 12, 2, 8, 1, 10, 13, 14, 6])
647
Vecsmall([4, 8, 12, 16, 3, 7, 11, 15, 2, 6, 10, 14, 1, 5, 9, 13])
653
Vecsmall([14, 6, 8, 12, 15, 13, 16, 10, 7, 1, 4, 2, 5, 9, 11, 3])
659
Vecsmall([6, 14, 13, 10, 1, 8, 2, 12, 5, 15, 9, 16, 7, 4, 3, 11])
661
Vecsmall([10, 12, 16, 11, 13, 2, 9, 3, 14, 8, 15, 4, 6, 1, 5, 7])
673
Vecsmall([16, 15, 14, 13, 12, 11, 10, 9, 8, 7, 6, 5, 4, 3, 2, 1])
677
Vecsmall([7, 5, 1, 6, 4, 15, 8, 14, 3, 9, 2, 13, 11, 16, 12, 10])
683
Vecsmall([5, 7, 15, 14, 9, 1, 13, 6, 11, 4, 16, 8, 3, 2, 10, 12])
691
Vecsmall([6, 14, 13, 10, 1, 8, 2, 12, 5, 15, 9, 16, 7, 4, 3, 11])
701
Vecsmall([3, 11, 9, 5, 2, 4, 1, 7, 10, 16, 13, 15, 12, 8, 6, 14])
709
Vecsmall([10, 12, 16, 11, 13, 2, 9, 3, 14, 8, 15, 4, 6, 1, 5, 7])
719
Vecsmall([2, 1, 6, 8, 10, 3, 12, 4, 13, 5, 14, 7, 9, 11, 16, 15])
727
Vecsmall([4, 8, 12, 16, 3, 7, 11, 15, 2, 6, 10, 14, 1, 5, 9, 13])
733
Vecsmall([14, 6, 8, 12, 15, 13, 16, 10, 7, 1, 4, 2, 5, 9, 11, 3])
739
Vecsmall([11, 3, 4, 7, 16, 9, 15, 5, 12, 2, 8, 1, 10, 13, 14, 6])
743
Vecsmall([13, 9, 5, 1, 14, 10, 6, 2, 15, 11, 7, 3, 16, 12, 8, 4])
751
Vecsmall([2, 1, 6, 8, 10, 3, 12, 4, 13, 5, 14, 7, 9, 11, 16, 15])
757
Vecsmall([10, 12, 16, 11, 13, 2, 9, 3, 14, 8, 15, 4, 6, 1, 5, 7])
761
Vecsmall([8, 4, 7, 15, 6, 12, 14, 16, 1, 3, 5, 11, 2, 10, 13, 9])
769
Vecsmall([16, 15, 14, 13, 12, 11, 10, 9, 8, 7, 6, 5, 4, 3, 2, 1])
773
Vecsmall([10, 12, 16, 11, 13, 2, 9, 3, 14, 8, 15, 4, 6, 1, 5, 7])
787
Vecsmall([6, 14, 13, 10, 1, 8, 2, 12, 5, 15, 9, 16, 7, 4, 3, 11])
797
Vecsmall([3, 11, 9, 5, 2, 4, 1, 7, 10, 16, 13, 15, 12, 8, 6, 14])
809
Vecsmall([9, 13, 10, 2, 11, 5, 3, 1, 16, 14, 12, 6, 15, 7, 4, 8])
811
Vecsmall([12, 10, 2, 3, 8, 16, 4, 11, 6, 13, 1, 9, 14, 15, 7, 5])
821
Vecsmall([10, 12, 16, 11, 13, 2, 9, 3, 14, 8, 15, 4, 6, 1, 5, 7])
823
Vecsmall([4, 8, 12, 16, 3, 7, 11, 15, 2, 6, 10, 14, 1, 5, 9, 13])
827
Vecsmall([5, 7, 15, 14, 9, 1, 13, 6, 11, 4, 16, 8, 3, 2, 10, 12])
829
Vecsmall([14, 6, 8, 12, 15, 13, 16, 10, 7, 1, 4, 2, 5, 9, 11, 3])
839
Vecsmall([13, 9, 5, 1, 14, 10, 6, 2, 15, 11, 7, 3, 16, 12, 8, 4])
853
Vecsmall([7, 5, 1, 6, 4, 15, 8, 14, 3, 9, 2, 13, 11, 16, 12, 10])
857
Vecsmall([8, 4, 7, 15, 6, 12, 14, 16, 1, 3, 5, 11, 2, 10, 13, 9])
859
Vecsmall([12, 10, 2, 3, 8, 16, 4, 11, 6, 13, 1, 9, 14, 15, 7, 5])
863
Vecsmall([2, 1, 6, 8, 10, 3, 12, 4, 13, 5, 14, 7, 9, 11, 16, 15])
877
Vecsmall([3, 11, 9, 5, 2, 4, 1, 7, 10, 16, 13, 15, 12, 8, 6, 14])
881
Vecsmall([16, 15, 14, 13, 12, 11, 10, 9, 8, 7, 6, 5, 4, 3, 2, 1])
883
Vecsmall([6, 14, 13, 10, 1, 8, 2, 12, 5, 15, 9, 16, 7, 4, 3, 11])
887
Vecsmall([13, 9, 5, 1, 14, 10, 6, 2, 15, 11, 7, 3, 16, 12, 8, 4])
907
Vecsmall([5, 7, 15, 14, 9, 1, 13, 6, 11, 4, 16, 8, 3, 2, 10, 12])
911
Vecsmall([2, 1, 6, 8, 10, 3, 12, 4, 13, 5, 14, 7, 9, 11, 16, 15])
919
Vecsmall([13, 9, 5, 1, 14, 10, 6, 2, 15, 11, 7, 3, 16, 12, 8, 4])
929
Vecsmall([16, 15, 14, 13, 12, 11, 10, 9, 8, 7, 6, 5, 4, 3, 2, 1])
937
Vecsmall([8, 4, 7, 15, 6, 12, 14, 16, 1, 3, 5, 11, 2, 10, 13, 9])
941
Vecsmall([3, 11, 9, 5, 2, 4, 1, 7, 10, 16, 13, 15, 12, 8, 6, 14])
947
Vecsmall([6, 14, 13, 10, 1, 8, 2, 12, 5, 15, 9, 16, 7, 4, 3, 11])
953
Vecsmall([8, 4, 7, 15, 6, 12, 14, 16, 1, 3, 5, 11, 2, 10, 13, 9])
967
Vecsmall([4, 8, 12, 16, 3, 7, 11, 15, 2, 6, 10, 14, 1, 5, 9, 13])
971
Vecsmall([5, 7, 15, 14, 9, 1, 13, 6, 11, 4, 16, 8, 3, 2, 10, 12])
977
Vecsmall([1, 2, 3, 4, 5, 6, 7, 8, 9, 10, 11, 12, 13, 14, 15, 16])
983
Vecsmall([4, 8, 12, 16, 3, 7, 11, 15, 2, 6, 10, 14, 1, 5, 9, 13])
991
Vecsmall([2, 1, 6, 8, 10, 3, 12, 4, 13, 5, 14, 7, 9, 11, 16, 15])
997
Vecsmall([10, 12, 16, 11, 13, 2, 9, 3, 14, 8, 15, 4, 6, 1, 5, 7])
1009
Vecsmall([1, 2, 3, 4, 5, 6, 7, 8, 9, 10, 11, 12, 13, 14, 15, 16])
1013
Vecsmall([10, 12, 16, 11, 13, 2, 9, 3, 14, 8, 15, 4, 6, 1, 5, 7])
1019
Vecsmall([12, 10, 2, 3, 8, 16, 4, 11, 6, 13, 1, 9, 14, 15, 7, 5])
1021
Vecsmall([3, 11, 9, 5, 2, 4, 1, 7, 10, 16, 13, 15, 12, 8, 6, 14])
1031
Vecsmall([13, 9, 5, 1, 14, 10, 6, 2, 15, 11, 7, 3, 16, 12, 8, 4])
1033
Vecsmall([8, 4, 7, 15, 6, 12, 14, 16, 1, 3, 5, 11, 2, 10, 13, 9])
1039
Vecsmall([2, 1, 6, 8, 10, 3, 12, 4, 13, 5, 14, 7, 9, 11, 16, 15])
1049
Vecsmall([9, 13, 10, 2, 11, 5, 3, 1, 16, 14, 12, 6, 15, 7, 4, 8])
1051
Vecsmall([5, 7, 15, 14, 9, 1, 13, 6, 11, 4, 16, 8, 3, 2, 10, 12])
1061
Vecsmall([10, 12, 16, 11, 13, 2, 9, 3, 14, 8, 15, 4, 6, 1, 5, 7])
1063
Vecsmall([13, 9, 5, 1, 14, 10, 6, 2, 15, 11, 7, 3, 16, 12, 8, 4])
1069
Vecsmall([3, 11, 9, 5, 2, 4, 1, 7, 10, 16, 13, 15, 12, 8, 6, 14])
1087
Vecsmall([2, 1, 6, 8, 10, 3, 12, 4, 13, 5, 14, 7, 9, 11, 16, 15])
1091
Vecsmall([6, 14, 13, 10, 1, 8, 2, 12, 5, 15, 9, 16, 7, 4, 3, 11])
1093
Vecsmall([7, 5, 1, 6, 4, 15, 8, 14, 3, 9, 2, 13, 11, 16, 12, 10])
1097
Vecsmall([8, 4, 7, 15, 6, 12, 14, 16, 1, 3, 5, 11, 2, 10, 13, 9])
1103
Vecsmall([2, 1, 6, 8, 10, 3, 12, 4, 13, 5, 14, 7, 9, 11, 16, 15])
1109
Vecsmall([10, 12, 16, 11, 13, 2, 9, 3, 14, 8, 15, 4, 6, 1, 5, 7])
1117
Vecsmall([14, 6, 8, 12, 15, 13, 16, 10, 7, 1, 4, 2, 5, 9, 11, 3])
1123
Vecsmall([6, 14, 13, 10, 1, 8, 2, 12, 5, 15, 9, 16, 7, 4, 3, 11])
1129
Vecsmall([9, 13, 10, 2, 11, 5, 3, 1, 16, 14, 12, 6, 15, 7, 4, 8])
1151
Vecsmall([2, 1, 6, 8, 10, 3, 12, 4, 13, 5, 14, 7, 9, 11, 16, 15])
1153
Vecsmall([1, 2, 3, 4, 5, 6, 7, 8, 9, 10, 11, 12, 13, 14, 15, 16])
1163
Vecsmall([5, 7, 15, 14, 9, 1, 13, 6, 11, 4, 16, 8, 3, 2, 10, 12])
1171
Vecsmall([11, 3, 4, 7, 16, 9, 15, 5, 12, 2, 8, 1, 10, 13, 14, 6])
1181
Vecsmall([14, 6, 8, 12, 15, 13, 16, 10, 7, 1, 4, 2, 5, 9, 11, 3])
1187
Vecsmall([6, 14, 13, 10, 1, 8, 2, 12, 5, 15, 9, 16, 7, 4, 3, 11])
1193
Vecsmall([8, 4, 7, 15, 6, 12, 14, 16, 1, 3, 5, 11, 2, 10, 13, 9])
1201
Vecsmall([16, 15, 14, 13, 12, 11, 10, 9, 8, 7, 6, 5, 4, 3, 2, 1])
1213
Vecsmall([14, 6, 8, 12, 15, 13, 16, 10, 7, 1, 4, 2, 5, 9, 11, 3])
1217
Vecsmall([1, 2, 3, 4, 5, 6, 7, 8, 9, 10, 11, 12, 13, 14, 15, 16])
1223
Vecsmall([13, 9, 5, 1, 14, 10, 6, 2, 15, 11, 7, 3, 16, 12, 8, 4])
1229
Vecsmall([3, 11, 9, 5, 2, 4, 1, 7, 10, 16, 13, 15, 12, 8, 6, 14])
1231
Vecsmall([2, 1, 6, 8, 10, 3, 12, 4, 13, 5, 14, 7, 9, 11, 16, 15])
1237
Vecsmall([10, 12, 16, 11, 13, 2, 9, 3, 14, 8, 15, 4, 6, 1, 5, 7])
1249
Vecsmall([1, 2, 3, 4, 5, 6, 7, 8, 9, 10, 11, 12, 13, 14, 15, 16])
1259
Vecsmall([12, 10, 2, 3, 8, 16, 4, 11, 6, 13, 1, 9, 14, 15, 7, 5])
1277
Vecsmall([3, 11, 9, 5, 2, 4, 1, 7, 10, 16, 13, 15, 12, 8, 6, 14])
1279
Vecsmall([2, 1, 6, 8, 10, 3, 12, 4, 13, 5, 14, 7, 9, 11, 16, 15])
1283
Vecsmall([6, 14, 13, 10, 1, 8, 2, 12, 5, 15, 9, 16, 7, 4, 3, 11])
1289
Vecsmall([8, 4, 7, 15, 6, 12, 14, 16, 1, 3, 5, 11, 2, 10, 13, 9])
1291
Vecsmall([5, 7, 15, 14, 9, 1, 13, 6, 11, 4, 16, 8, 3, 2, 10, 12])
1297
Vecsmall([1, 2, 3, 4, 5, 6, 7, 8, 9, 10, 11, 12, 13, 14, 15, 16])
1301
Vecsmall([7, 5, 1, 6, 4, 15, 8, 14, 3, 9, 2, 13, 11, 16, 12, 10])
1303
Vecsmall([4, 8, 12, 16, 3, 7, 11, 15, 2, 6, 10, 14, 1, 5, 9, 13])
1307
Vecsmall([5, 7, 15, 14, 9, 1, 13, 6, 11, 4, 16, 8, 3, 2, 10, 12])
1319
Vecsmall([4, 8, 12, 16, 3, 7, 11, 15, 2, 6, 10, 14, 1, 5, 9, 13])
1321
Vecsmall([9, 13, 10, 2, 11, 5, 3, 1, 16, 14, 12, 6, 15, 7, 4, 8])
1327
Vecsmall([2, 1, 6, 8, 10, 3, 12, 4, 13, 5, 14, 7, 9, 11, 16, 15])
1361
Vecsmall([1, 2, 3, 4, 5, 6, 7, 8, 9, 10, 11, 12, 13, 14, 15, 16])
1367
Vecsmall([4, 8, 12, 16, 3, 7, 11, 15, 2, 6, 10, 14, 1, 5, 9, 13])
1373
Vecsmall([3, 11, 9, 5, 2, 4, 1, 7, 10, 16, 13, 15, 12, 8, 6, 14])
1381
Vecsmall([7, 5, 1, 6, 4, 15, 8, 14, 3, 9, 2, 13, 11, 16, 12, 10])
1399
Vecsmall([13, 9, 5, 1, 14, 10, 6, 2, 15, 11, 7, 3, 16, 12, 8, 4])
1409
Vecsmall([16, 15, 14, 13, 12, 11, 10, 9, 8, 7, 6, 5, 4, 3, 2, 1])
1423
Vecsmall([2, 1, 6, 8, 10, 3, 12, 4, 13, 5, 14, 7, 9, 11, 16, 15])
1427
Vecsmall([6, 14, 13, 10, 1, 8, 2, 12, 5, 15, 9, 16, 7, 4, 3, 11])
1429
Vecsmall([10, 12, 16, 11, 13, 2, 9, 3, 14, 8, 15, 4, 6, 1, 5, 7])
1433
Vecsmall([9, 13, 10, 2, 11, 5, 3, 1, 16, 14, 12, 6, 15, 7, 4, 8])
1439
Vecsmall([2, 1, 6, 8, 10, 3, 12, 4, 13, 5, 14, 7, 9, 11, 16, 15])
1447
Vecsmall([13, 9, 5, 1, 14, 10, 6, 2, 15, 11, 7, 3, 16, 12, 8, 4])
1451
Vecsmall([12, 10, 2, 3, 8, 16, 4, 11, 6, 13, 1, 9, 14, 15, 7, 5])
1453
Vecsmall([14, 6, 8, 12, 15, 13, 16, 10, 7, 1, 4, 2, 5, 9, 11, 3])
1459
Vecsmall([11, 3, 4, 7, 16, 9, 15, 5, 12, 2, 8, 1, 10, 13, 14, 6])
1471
Vecsmall([2, 1, 6, 8, 10, 3, 12, 4, 13, 5, 14, 7, 9, 11, 16, 15])
1481
Vecsmall([8, 4, 7, 15, 6, 12, 14, 16, 1, 3, 5, 11, 2, 10, 13, 9])
1483
Vecsmall([12, 10, 2, 3, 8, 16, 4, 11, 6, 13, 1, 9, 14, 15, 7, 5])
1487
Vecsmall([2, 1, 6, 8, 10, 3, 12, 4, 13, 5, 14, 7, 9, 11, 16, 15])
1489
Vecsmall([1, 2, 3, 4, 5, 6, 7, 8, 9, 10, 11, 12, 13, 14, 15, 16])
1493
Vecsmall([10, 12, 16, 11, 13, 2, 9, 3, 14, 8, 15, 4, 6, 1, 5, 7])
1499
Vecsmall([5, 7, 15, 14, 9, 1, 13, 6, 11, 4, 16, 8, 3, 2, 10, 12])
1511
Vecsmall([13, 9, 5, 1, 14, 10, 6, 2, 15, 11, 7, 3, 16, 12, 8, 4])
1523
Vecsmall([6, 14, 13, 10, 1, 8, 2, 12, 5, 15, 9, 16, 7, 4, 3, 11])
1531
Vecsmall([12, 10, 2, 3, 8, 16, 4, 11, 6, 13, 1, 9, 14, 15, 7, 5])
1543
Vecsmall([13, 9, 5, 1, 14, 10, 6, 2, 15, 11, 7, 3, 16, 12, 8, 4])
1549
Vecsmall([14, 6, 8, 12, 15, 13, 16, 10, 7, 1, 4, 2, 5, 9, 11, 3])
1553
Vecsmall([16, 15, 14, 13, 12, 11, 10, 9, 8, 7, 6, 5, 4, 3, 2, 1])
1559
Vecsmall([13, 9, 5, 1, 14, 10, 6, 2, 15, 11, 7, 3, 16, 12, 8, 4])
1567
Vecsmall([2, 1, 6, 8, 10, 3, 12, 4, 13, 5, 14, 7, 9, 11, 16, 15])
1571
Vecsmall([6, 14, 13, 10, 1, 8, 2, 12, 5, 15, 9, 16, 7, 4, 3, 11])
1579
Vecsmall([12, 10, 2, 3, 8, 16, 4, 11, 6, 13, 1, 9, 14, 15, 7, 5])
1583
Vecsmall([2, 1, 6, 8, 10, 3, 12, 4, 13, 5, 14, 7, 9, 11, 16, 15])
1597
Vecsmall([14, 6, 8, 12, 15, 13, 16, 10, 7, 1, 4, 2, 5, 9, 11, 3])
1601
Vecsmall([1, 2, 3, 4, 5, 6, 7, 8, 9, 10, 11, 12, 13, 14, 15, 16])
1607
Vecsmall([4, 8, 12, 16, 3, 7, 11, 15, 2, 6, 10, 14, 1, 5, 9, 13])
1609
Vecsmall([8, 4, 7, 15, 6, 12, 14, 16, 1, 3, 5, 11, 2, 10, 13, 9])
1613
Vecsmall([3, 11, 9, 5, 2, 4, 1, 7, 10, 16, 13, 15, 12, 8, 6, 14])
1619
Vecsmall([11, 3, 4, 7, 16, 9, 15, 5, 12, 2, 8, 1, 10, 13, 14, 6])
1621
Vecsmall([10, 12, 16, 11, 13, 2, 9, 3, 14, 8, 15, 4, 6, 1, 5, 7])
1627
Vecsmall([12, 10, 2, 3, 8, 16, 4, 11, 6, 13, 1, 9, 14, 15, 7, 5])
1637
Vecsmall([10, 12, 16, 11, 13, 2, 9, 3, 14, 8, 15, 4, 6, 1, 5, 7])
1657
Vecsmall([8, 4, 7, 15, 6, 12, 14, 16, 1, 3, 5, 11, 2, 10, 13, 9])
1663
Vecsmall([2, 1, 6, 8, 10, 3, 12, 4, 13, 5, 14, 7, 9, 11, 16, 15])
1667
Vecsmall([6, 14, 13, 10, 1, 8, 2, 12, 5, 15, 9, 16, 7, 4, 3, 11])
1669
Vecsmall([7, 5, 1, 6, 4, 15, 8, 14, 3, 9, 2, 13, 11, 16, 12, 10])
1693
Vecsmall([3, 11, 9, 5, 2, 4, 1, 7, 10, 16, 13, 15, 12, 8, 6, 14])
1697
Vecsmall([16, 15, 14, 13, 12, 11, 10, 9, 8, 7, 6, 5, 4, 3, 2, 1])
1699
Vecsmall([11, 3, 4, 7, 16, 9, 15, 5, 12, 2, 8, 1, 10, 13, 14, 6])
1709
Vecsmall([3, 11, 9, 5, 2, 4, 1, 7, 10, 16, 13, 15, 12, 8, 6, 14])
1721
Vecsmall([9, 13, 10, 2, 11, 5, 3, 1, 16, 14, 12, 6, 15, 7, 4, 8])
1723
Vecsmall([12, 10, 2, 3, 8, 16, 4, 11, 6, 13, 1, 9, 14, 15, 7, 5])
1733
Vecsmall([10, 12, 16, 11, 13, 2, 9, 3, 14, 8, 15, 4, 6, 1, 5, 7])
1741
Vecsmall([14, 6, 8, 12, 15, 13, 16, 10, 7, 1, 4, 2, 5, 9, 11, 3])
1747
Vecsmall([6, 14, 13, 10, 1, 8, 2, 12, 5, 15, 9, 16, 7, 4, 3, 11])
1753
Vecsmall([9, 13, 10, 2, 11, 5, 3, 1, 16, 14, 12, 6, 15, 7, 4, 8])
1759
Vecsmall([2, 1, 6, 8, 10, 3, 12, 4, 13, 5, 14, 7, 9, 11, 16, 15])
1777
Vecsmall([16, 15, 14, 13, 12, 11, 10, 9, 8, 7, 6, 5, 4, 3, 2, 1])
1783
Vecsmall([4, 8, 12, 16, 3, 7, 11, 15, 2, 6, 10, 14, 1, 5, 9, 13])
1787
Vecsmall([5, 7, 15, 14, 9, 1, 13, 6, 11, 4, 16, 8, 3, 2, 10, 12])
1789
Vecsmall([14, 6, 8, 12, 15, 13, 16, 10, 7, 1, 4, 2, 5, 9, 11, 3])
1801
Vecsmall([8, 4, 7, 15, 6, 12, 14, 16, 1, 3, 5, 11, 2, 10, 13, 9])
1811
Vecsmall([11, 3, 4, 7, 16, 9, 15, 5, 12, 2, 8, 1, 10, 13, 14, 6])
1823
Vecsmall([2, 1, 6, 8, 10, 3, 12, 4, 13, 5, 14, 7, 9, 11, 16, 15])
1831
Vecsmall([4, 8, 12, 16, 3, 7, 11, 15, 2, 6, 10, 14, 1, 5, 9, 13])
1847
Vecsmall([4, 8, 12, 16, 3, 7, 11, 15, 2, 6, 10, 14, 1, 5, 9, 13])
1861
Vecsmall([7, 5, 1, 6, 4, 15, 8, 14, 3, 9, 2, 13, 11, 16, 12, 10])
1867
Vecsmall([12, 10, 2, 3, 8, 16, 4, 11, 6, 13, 1, 9, 14, 15, 7, 5])
1871
Vecsmall([2, 1, 6, 8, 10, 3, 12, 4, 13, 5, 14, 7, 9, 11, 16, 15])
1873
Vecsmall([1, 2, 3, 4, 5, 6, 7, 8, 9, 10, 11, 12, 13, 14, 15, 16])
1877
Vecsmall([10, 12, 16, 11, 13, 2, 9, 3, 14, 8, 15, 4, 6, 1, 5, 7])
1879
Vecsmall([4, 8, 12, 16, 3, 7, 11, 15, 2, 6, 10, 14, 1, 5, 9, 13])
1889
Vecsmall([1, 2, 3, 4, 5, 6, 7, 8, 9, 10, 11, 12, 13, 14, 15, 16])
1901
Vecsmall([3, 11, 9, 5, 2, 4, 1, 7, 10, 16, 13, 15, 12, 8, 6, 14])
1907
Vecsmall([11, 3, 4, 7, 16, 9, 15, 5, 12, 2, 8, 1, 10, 13, 14, 6])
1913
Vecsmall([9, 13, 10, 2, 11, 5, 3, 1, 16, 14, 12, 6, 15, 7, 4, 8])
1931
Vecsmall([5, 7, 15, 14, 9, 1, 13, 6, 11, 4, 16, 8, 3, 2, 10, 12])
1933
Vecsmall([14, 6, 8, 12, 15, 13, 16, 10, 7, 1, 4, 2, 5, 9, 11, 3])
1949
Vecsmall([3, 11, 9, 5, 2, 4, 1, 7, 10, 16, 13, 15, 12, 8, 6, 14])
1951
Vecsmall([2, 1, 6, 8, 10, 3, 12, 4, 13, 5, 14, 7, 9, 11, 16, 15])
1973
Vecsmall([7, 5, 1, 6, 4, 15, 8, 14, 3, 9, 2, 13, 11, 16, 12, 10])
1979
Vecsmall([12, 10, 2, 3, 8, 16, 4, 11, 6, 13, 1, 9, 14, 15, 7, 5])
1987
Vecsmall([11, 3, 4, 7, 16, 9, 15, 5, 12, 2, 8, 1, 10, 13, 14, 6])
1993
Vecsmall([9, 13, 10, 2, 11, 5, 3, 1, 16, 14, 12, 6, 15, 7, 4, 8])
1997
Vecsmall([14, 6, 8, 12, 15, 13, 16, 10, 7, 1, 4, 2, 5, 9, 11, 3])
1999
Vecsmall([2, 1, 6, 8, 10, 3, 12, 4, 13, 5, 14, 7, 9, 11, 16, 15])
2003
Vecsmall([6, 14, 13, 10, 1, 8, 2, 12, 5, 15, 9, 16, 7, 4, 3, 11])
2011
Vecsmall([5, 7, 15, 14, 9, 1, 13, 6, 11, 4, 16, 8, 3, 2, 10, 12])
2017
Vecsmall([16, 15, 14, 13, 12, 11, 10, 9, 8, 7, 6, 5, 4, 3, 2, 1])
2027
Vecsmall([12, 10, 2, 3, 8, 16, 4, 11, 6, 13, 1, 9, 14, 15, 7, 5])
2029
Vecsmall([14, 6, 8, 12, 15, 13, 16, 10, 7, 1, 4, 2, 5, 9, 11, 3])
2039
Vecsmall([4, 8, 12, 16, 3, 7, 11, 15, 2, 6, 10, 14, 1, 5, 9, 13])
2053
Vecsmall([7, 5, 1, 6, 4, 15, 8, 14, 3, 9, 2, 13, 11, 16, 12, 10])
2063
Vecsmall([2, 1, 6, 8, 10, 3, 12, 4, 13, 5, 14, 7, 9, 11, 16, 15])
2069
Vecsmall([10, 12, 16, 11, 13, 2, 9, 3, 14, 8, 15, 4, 6, 1, 5, 7])
2081
Vecsmall([16, 15, 14, 13, 12, 11, 10, 9, 8, 7, 6, 5, 4, 3, 2, 1])
2083
Vecsmall([6, 14, 13, 10, 1, 8, 2, 12, 5, 15, 9, 16, 7, 4, 3, 11])
2087
Vecsmall([13, 9, 5, 1, 14, 10, 6, 2, 15, 11, 7, 3, 16, 12, 8, 4])
2089
Vecsmall([8, 4, 7, 15, 6, 12, 14, 16, 1, 3, 5, 11, 2, 10, 13, 9])
2099
Vecsmall([11, 3, 4, 7, 16, 9, 15, 5, 12, 2, 8, 1, 10, 13, 14, 6])
2111
Vecsmall([2, 1, 6, 8, 10, 3, 12, 4, 13, 5, 14, 7, 9, 11, 16, 15])
2113
Vecsmall([1, 2, 3, 4, 5, 6, 7, 8, 9, 10, 11, 12, 13, 14, 15, 16])
2129
Vecsmall([16, 15, 14, 13, 12, 11, 10, 9, 8, 7, 6, 5, 4, 3, 2, 1])
2131
Vecsmall([11, 3, 4, 7, 16, 9, 15, 5, 12, 2, 8, 1, 10, 13, 14, 6])
2137
Vecsmall([8, 4, 7, 15, 6, 12, 14, 16, 1, 3, 5, 11, 2, 10, 13, 9])
2141
Vecsmall([14, 6, 8, 12, 15, 13, 16, 10, 7, 1, 4, 2, 5, 9, 11, 3])
2143
Vecsmall([2, 1, 6, 8, 10, 3, 12, 4, 13, 5, 14, 7, 9, 11, 16, 15])
2153
Vecsmall([9, 13, 10, 2, 11, 5, 3, 1, 16, 14, 12, 6, 15, 7, 4, 8])
2161
Vecsmall([1, 2, 3, 4, 5, 6, 7, 8, 9, 10, 11, 12, 13, 14, 15, 16])
2179
Vecsmall([11, 3, 4, 7, 16, 9, 15, 5, 12, 2, 8, 1, 10, 13, 14, 6])
2203
Vecsmall([5, 7, 15, 14, 9, 1, 13, 6, 11, 4, 16, 8, 3, 2, 10, 12])
2207
Vecsmall([2, 1, 6, 8, 10, 3, 12, 4, 13, 5, 14, 7, 9, 11, 16, 15])
2213
Vecsmall([10, 12, 16, 11, 13, 2, 9, 3, 14, 8, 15, 4, 6, 1, 5, 7])
2221
Vecsmall([3, 11, 9, 5, 2, 4, 1, 7, 10, 16, 13, 15, 12, 8, 6, 14])
2237
Vecsmall([3, 11, 9, 5, 2, 4, 1, 7, 10, 16, 13, 15, 12, 8, 6, 14])
2239
Vecsmall([2, 1, 6, 8, 10, 3, 12, 4, 13, 5, 14, 7, 9, 11, 16, 15])
2243
Vecsmall([11, 3, 4, 7, 16, 9, 15, 5, 12, 2, 8, 1, 10, 13, 14, 6])
2251
Vecsmall([12, 10, 2, 3, 8, 16, 4, 11, 6, 13, 1, 9, 14, 15, 7, 5])
2267
Vecsmall([5, 7, 15, 14, 9, 1, 13, 6, 11, 4, 16, 8, 3, 2, 10, 12])
2269
Vecsmall([3, 11, 9, 5, 2, 4, 1, 7, 10, 16, 13, 15, 12, 8, 6, 14])
2273
Vecsmall([1, 2, 3, 4, 5, 6, 7, 8, 9, 10, 11, 12, 13, 14, 15, 16])
2281
Vecsmall([8, 4, 7, 15, 6, 12, 14, 16, 1, 3, 5, 11, 2, 10, 13, 9])
2287
Vecsmall([2, 1, 6, 8, 10, 3, 12, 4, 13, 5, 14, 7, 9, 11, 16, 15])
2293
Vecsmall([7, 5, 1, 6, 4, 15, 8, 14, 3, 9, 2, 13, 11, 16, 12, 10])
2297
Vecsmall([8, 4, 7, 15, 6, 12, 14, 16, 1, 3, 5, 11, 2, 10, 13, 9])
2309
Vecsmall([10, 12, 16, 11, 13, 2, 9, 3, 14, 8, 15, 4, 6, 1, 5, 7])
2311
Vecsmall([4, 8, 12, 16, 3, 7, 11, 15, 2, 6, 10, 14, 1, 5, 9, 13])
2333
Vecsmall([14, 6, 8, 12, 15, 13, 16, 10, 7, 1, 4, 2, 5, 9, 11, 3])
2339
Vecsmall([6, 14, 13, 10, 1, 8, 2, 12, 5, 15, 9, 16, 7, 4, 3, 11])
2341
Vecsmall([10, 12, 16, 11, 13, 2, 9, 3, 14, 8, 15, 4, 6, 1, 5, 7])
2347
Vecsmall([12, 10, 2, 3, 8, 16, 4, 11, 6, 13, 1, 9, 14, 15, 7, 5])
2351
Vecsmall([2, 1, 6, 8, 10, 3, 12, 4, 13, 5, 14, 7, 9, 11, 16, 15])
2357
Vecsmall([10, 12, 16, 11, 13, 2, 9, 3, 14, 8, 15, 4, 6, 1, 5, 7])
2371
Vecsmall([11, 3, 4, 7, 16, 9, 15, 5, 12, 2, 8, 1, 10, 13, 14, 6])
2377
Vecsmall([9, 13, 10, 2, 11, 5, 3, 1, 16, 14, 12, 6, 15, 7, 4, 8])
2381
Vecsmall([3, 11, 9, 5, 2, 4, 1, 7, 10, 16, 13, 15, 12, 8, 6, 14])
2383
Vecsmall([2, 1, 6, 8, 10, 3, 12, 4, 13, 5, 14, 7, 9, 11, 16, 15])
2389
Vecsmall([7, 5, 1, 6, 4, 15, 8, 14, 3, 9, 2, 13, 11, 16, 12, 10])
2393
Vecsmall([9, 13, 10, 2, 11, 5, 3, 1, 16, 14, 12, 6, 15, 7, 4, 8])
2399
Vecsmall([2, 1, 6, 8, 10, 3, 12, 4, 13, 5, 14, 7, 9, 11, 16, 15])
2411
Vecsmall([12, 10, 2, 3, 8, 16, 4, 11, 6, 13, 1, 9, 14, 15, 7, 5])
2417
Vecsmall([1, 2, 3, 4, 5, 6, 7, 8, 9, 10, 11, 12, 13, 14, 15, 16])
2423
Vecsmall([4, 8, 12, 16, 3, 7, 11, 15, 2, 6, 10, 14, 1, 5, 9, 13])
2437
Vecsmall([7, 5, 1, 6, 4, 15, 8, 14, 3, 9, 2, 13, 11, 16, 12, 10])
2441
Vecsmall([8, 4, 7, 15, 6, 12, 14, 16, 1, 3, 5, 11, 2, 10, 13, 9])
2447
Vecsmall([2, 1, 6, 8, 10, 3, 12, 4, 13, 5, 14, 7, 9, 11, 16, 15])
2459
Vecsmall([12, 10, 2, 3, 8, 16, 4, 11, 6, 13, 1, 9, 14, 15, 7, 5])
2467
Vecsmall([11, 3, 4, 7, 16, 9, 15, 5, 12, 2, 8, 1, 10, 13, 14, 6])
2473
Vecsmall([8, 4, 7, 15, 6, 12, 14, 16, 1, 3, 5, 11, 2, 10, 13, 9])
2477
Vecsmall([14, 6, 8, 12, 15, 13, 16, 10, 7, 1, 4, 2, 5, 9, 11, 3])
2503
Vecsmall([13, 9, 5, 1, 14, 10, 6, 2, 15, 11, 7, 3, 16, 12, 8, 4])
2521
Vecsmall([8, 4, 7, 15, 6, 12, 14, 16, 1, 3, 5, 11, 2, 10, 13, 9])
2531
Vecsmall([6, 14, 13, 10, 1, 8, 2, 12, 5, 15, 9, 16, 7, 4, 3, 11])
2539
Vecsmall([5, 7, 15, 14, 9, 1, 13, 6, 11, 4, 16, 8, 3, 2, 10, 12])
2543
Vecsmall([2, 1, 6, 8, 10, 3, 12, 4, 13, 5, 14, 7, 9, 11, 16, 15])
2549
Vecsmall([7, 5, 1, 6, 4, 15, 8, 14, 3, 9, 2, 13, 11, 16, 12, 10])
2551
Vecsmall([13, 9, 5, 1, 14, 10, 6, 2, 15, 11, 7, 3, 16, 12, 8, 4])
2557
Vecsmall([14, 6, 8, 12, 15, 13, 16, 10, 7, 1, 4, 2, 5, 9, 11, 3])
2579
Vecsmall([11, 3, 4, 7, 16, 9, 15, 5, 12, 2, 8, 1, 10, 13, 14, 6])
2591
Vecsmall([2, 1, 6, 8, 10, 3, 12, 4, 13, 5, 14, 7, 9, 11, 16, 15])
2593
Vecsmall([1, 2, 3, 4, 5, 6, 7, 8, 9, 10, 11, 12, 13, 14, 15, 16])
2609
Vecsmall([1, 2, 3, 4, 5, 6, 7, 8, 9, 10, 11, 12, 13, 14, 15, 16])
2617
Vecsmall([8, 4, 7, 15, 6, 12, 14, 16, 1, 3, 5, 11, 2, 10, 13, 9])
2621
Vecsmall([14, 6, 8, 12, 15, 13, 16, 10, 7, 1, 4, 2, 5, 9, 11, 3])
2633
Vecsmall([9, 13, 10, 2, 11, 5, 3, 1, 16, 14, 12, 6, 15, 7, 4, 8])
2647
Vecsmall([4, 8, 12, 16, 3, 7, 11, 15, 2, 6, 10, 14, 1, 5, 9, 13])
2657
Vecsmall([1, 2, 3, 4, 5, 6, 7, 8, 9, 10, 11, 12, 13, 14, 15, 16])
2659
Vecsmall([6, 14, 13, 10, 1, 8, 2, 12, 5, 15, 9, 16, 7, 4, 3, 11])
2663
Vecsmall([4, 8, 12, 16, 3, 7, 11, 15, 2, 6, 10, 14, 1, 5, 9, 13])
2671
Vecsmall([2, 1, 6, 8, 10, 3, 12, 4, 13, 5, 14, 7, 9, 11, 16, 15])
2677
Vecsmall([10, 12, 16, 11, 13, 2, 9, 3, 14, 8, 15, 4, 6, 1, 5, 7])
2683
Vecsmall([5, 7, 15, 14, 9, 1, 13, 6, 11, 4, 16, 8, 3, 2, 10, 12])
2687
Vecsmall([2, 1, 6, 8, 10, 3, 12, 4, 13, 5, 14, 7, 9, 11, 16, 15])
2689
Vecsmall([1, 2, 3, 4, 5, 6, 7, 8, 9, 10, 11, 12, 13, 14, 15, 16])
2693
Vecsmall([10, 12, 16, 11, 13, 2, 9, 3, 14, 8, 15, 4, 6, 1, 5, 7])
2699
Vecsmall([12, 10, 2, 3, 8, 16, 4, 11, 6, 13, 1, 9, 14, 15, 7, 5])
2707
Vecsmall([11, 3, 4, 7, 16, 9, 15, 5, 12, 2, 8, 1, 10, 13, 14, 6])
2711
Vecsmall([13, 9, 5, 1, 14, 10, 6, 2, 15, 11, 7, 3, 16, 12, 8, 4])
2713
Vecsmall([8, 4, 7, 15, 6, 12, 14, 16, 1, 3, 5, 11, 2, 10, 13, 9])
2719
Vecsmall([2, 1, 6, 8, 10, 3, 12, 4, 13, 5, 14, 7, 9, 11, 16, 15])
2729
Vecsmall([9, 13, 10, 2, 11, 5, 3, 1, 16, 14, 12, 6, 15, 7, 4, 8])
2731
Vecsmall([12, 10, 2, 3, 8, 16, 4, 11, 6, 13, 1, 9, 14, 15, 7, 5])
2741
Vecsmall([10, 12, 16, 11, 13, 2, 9, 3, 14, 8, 15, 4, 6, 1, 5, 7])
2749
Vecsmall([3, 11, 9, 5, 2, 4, 1, 7, 10, 16, 13, 15, 12, 8, 6, 14])
2753
Vecsmall([16, 15, 14, 13, 12, 11, 10, 9, 8, 7, 6, 5, 4, 3, 2, 1])
2767
Vecsmall([2, 1, 6, 8, 10, 3, 12, 4, 13, 5, 14, 7, 9, 11, 16, 15])
2777
Vecsmall([8, 4, 7, 15, 6, 12, 14, 16, 1, 3, 5, 11, 2, 10, 13, 9])
2789
Vecsmall([7, 5, 1, 6, 4, 15, 8, 14, 3, 9, 2, 13, 11, 16, 12, 10])
2791
Vecsmall([13, 9, 5, 1, 14, 10, 6, 2, 15, 11, 7, 3, 16, 12, 8, 4])
2797
Vecsmall([14, 6, 8, 12, 15, 13, 16, 10, 7, 1, 4, 2, 5, 9, 11, 3])
2801
Vecsmall([1, 2, 3, 4, 5, 6, 7, 8, 9, 10, 11, 12, 13, 14, 15, 16])
2803
Vecsmall([6, 14, 13, 10, 1, 8, 2, 12, 5, 15, 9, 16, 7, 4, 3, 11])
2819
Vecsmall([6, 14, 13, 10, 1, 8, 2, 12, 5, 15, 9, 16, 7, 4, 3, 11])
2833
Vecsmall([16, 15, 14, 13, 12, 11, 10, 9, 8, 7, 6, 5, 4, 3, 2, 1])
2837
Vecsmall([7, 5, 1, 6, 4, 15, 8, 14, 3, 9, 2, 13, 11, 16, 12, 10])
2843
Vecsmall([12, 10, 2, 3, 8, 16, 4, 11, 6, 13, 1, 9, 14, 15, 7, 5])
2851
Vecsmall([11, 3, 4, 7, 16, 9, 15, 5, 12, 2, 8, 1, 10, 13, 14, 6])
2857
Vecsmall([8, 4, 7, 15, 6, 12, 14, 16, 1, 3, 5, 11, 2, 10, 13, 9])
2861
Vecsmall([3, 11, 9, 5, 2, 4, 1, 7, 10, 16, 13, 15, 12, 8, 6, 14])
2879
Vecsmall([2, 1, 6, 8, 10, 3, 12, 4, 13, 5, 14, 7, 9, 11, 16, 15])
2887
Vecsmall([4, 8, 12, 16, 3, 7, 11, 15, 2, 6, 10, 14, 1, 5, 9, 13])
2897
Vecsmall([1, 2, 3, 4, 5, 6, 7, 8, 9, 10, 11, 12, 13, 14, 15, 16])
2903
Vecsmall([4, 8, 12, 16, 3, 7, 11, 15, 2, 6, 10, 14, 1, 5, 9, 13])
2909
Vecsmall([14, 6, 8, 12, 15, 13, 16, 10, 7, 1, 4, 2, 5, 9, 11, 3])
2917
Vecsmall([10, 12, 16, 11, 13, 2, 9, 3, 14, 8, 15, 4, 6, 1, 5, 7])
2927
Vecsmall([2, 1, 6, 8, 10, 3, 12, 4, 13, 5, 14, 7, 9, 11, 16, 15])
2939
Vecsmall([12, 10, 2, 3, 8, 16, 4, 11, 6, 13, 1, 9, 14, 15, 7, 5])
2953
Vecsmall([9, 13, 10, 2, 11, 5, 3, 1, 16, 14, 12, 6, 15, 7, 4, 8])
2957
Vecsmall([3, 11, 9, 5, 2, 4, 1, 7, 10, 16, 13, 15, 12, 8, 6, 14])
2963
Vecsmall([11, 3, 4, 7, 16, 9, 15, 5, 12, 2, 8, 1, 10, 13, 14, 6])
2969
Vecsmall([9, 13, 10, 2, 11, 5, 3, 1, 16, 14, 12, 6, 15, 7, 4, 8])
2971
Vecsmall([5, 7, 15, 14, 9, 1, 13, 6, 11, 4, 16, 8, 3, 2, 10, 12])
2999
Vecsmall([13, 9, 5, 1, 14, 10, 6, 2, 15, 11, 7, 3, 16, 12, 8, 4])
3001
Vecsmall([8, 4, 7, 15, 6, 12, 14, 16, 1, 3, 5, 11, 2, 10, 13, 9])
3011
Vecsmall([11, 3, 4, 7, 16, 9, 15, 5, 12, 2, 8, 1, 10, 13, 14, 6])
3019
Vecsmall([12, 10, 2, 3, 8, 16, 4, 11, 6, 13, 1, 9, 14, 15, 7, 5])
3023
Vecsmall([2, 1, 6, 8, 10, 3, 12, 4, 13, 5, 14, 7, 9, 11, 16, 15])
3037
Vecsmall([3, 11, 9, 5, 2, 4, 1, 7, 10, 16, 13, 15, 12, 8, 6, 14])
3041
Vecsmall([16, 15, 14, 13, 12, 11, 10, 9, 8, 7, 6, 5, 4, 3, 2, 1])
3049
Vecsmall([8, 4, 7, 15, 6, 12, 14, 16, 1, 3, 5, 11, 2, 10, 13, 9])
3061
Vecsmall([7, 5, 1, 6, 4, 15, 8, 14, 3, 9, 2, 13, 11, 16, 12, 10])
3067
Vecsmall([12, 10, 2, 3, 8, 16, 4, 11, 6, 13, 1, 9, 14, 15, 7, 5])
3079
Vecsmall([13, 9, 5, 1, 14, 10, 6, 2, 15, 11, 7, 3, 16, 12, 8, 4])
3083
Vecsmall([5, 7, 15, 14, 9, 1, 13, 6, 11, 4, 16, 8, 3, 2, 10, 12])
3089
Vecsmall([16, 15, 14, 13, 12, 11, 10, 9, 8, 7, 6, 5, 4, 3, 2, 1])
3109
Vecsmall([10, 12, 16, 11, 13, 2, 9, 3, 14, 8, 15, 4, 6, 1, 5, 7])
3119
Vecsmall([2, 1, 6, 8, 10, 3, 12, 4, 13, 5, 14, 7, 9, 11, 16, 15])
3121
Vecsmall([16, 15, 14, 13, 12, 11, 10, 9, 8, 7, 6, 5, 4, 3, 2, 1])
3137
Vecsmall([1, 2, 3, 4, 5, 6, 7, 8, 9, 10, 11, 12, 13, 14, 15, 16])
3163
Vecsmall([12, 10, 2, 3, 8, 16, 4, 11, 6, 13, 1, 9, 14, 15, 7, 5])
3167
Vecsmall([2, 1, 6, 8, 10, 3, 12, 4, 13, 5, 14, 7, 9, 11, 16, 15])
3169
Vecsmall([16, 15, 14, 13, 12, 11, 10, 9, 8, 7, 6, 5, 4, 3, 2, 1])
3181
Vecsmall([3, 11, 9, 5, 2, 4, 1, 7, 10, 16, 13, 15, 12, 8, 6, 14])
3187
Vecsmall([11, 3, 4, 7, 16, 9, 15, 5, 12, 2, 8, 1, 10, 13, 14, 6])
3191
Vecsmall([13, 9, 5, 1, 14, 10, 6, 2, 15, 11, 7, 3, 16, 12, 8, 4])
3203
Vecsmall([6, 14, 13, 10, 1, 8, 2, 12, 5, 15, 9, 16, 7, 4, 3, 11])
3209
Vecsmall([9, 13, 10, 2, 11, 5, 3, 1, 16, 14, 12, 6, 15, 7, 4, 8])
3217
Vecsmall([16, 15, 14, 13, 12, 11, 10, 9, 8, 7, 6, 5, 4, 3, 2, 1])
3221
Vecsmall([7, 5, 1, 6, 4, 15, 8, 14, 3, 9, 2, 13, 11, 16, 12, 10])
3229
Vecsmall([14, 6, 8, 12, 15, 13, 16, 10, 7, 1, 4, 2, 5, 9, 11, 3])
3251
Vecsmall([11, 3, 4, 7, 16, 9, 15, 5, 12, 2, 8, 1, 10, 13, 14, 6])
3253
Vecsmall([10, 12, 16, 11, 13, 2, 9, 3, 14, 8, 15, 4, 6, 1, 5, 7])
3257
Vecsmall([9, 13, 10, 2, 11, 5, 3, 1, 16, 14, 12, 6, 15, 7, 4, 8])
3259
Vecsmall([5, 7, 15, 14, 9, 1, 13, 6, 11, 4, 16, 8, 3, 2, 10, 12])
3271
Vecsmall([13, 9, 5, 1, 14, 10, 6, 2, 15, 11, 7, 3, 16, 12, 8, 4])
3299
Vecsmall([6, 14, 13, 10, 1, 8, 2, 12, 5, 15, 9, 16, 7, 4, 3, 11])
3301
Vecsmall([7, 5, 1, 6, 4, 15, 8, 14, 3, 9, 2, 13, 11, 16, 12, 10])
3307
Vecsmall([5, 7, 15, 14, 9, 1, 13, 6, 11, 4, 16, 8, 3, 2, 10, 12])
3313
Vecsmall([16, 15, 14, 13, 12, 11, 10, 9, 8, 7, 6, 5, 4, 3, 2, 1])
3319
Vecsmall([13, 9, 5, 1, 14, 10, 6, 2, 15, 11, 7, 3, 16, 12, 8, 4])
3323
Vecsmall([12, 10, 2, 3, 8, 16, 4, 11, 6, 13, 1, 9, 14, 15, 7, 5])
3329
Vecsmall([16, 15, 14, 13, 12, 11, 10, 9, 8, 7, 6, 5, 4, 3, 2, 1])
3331
Vecsmall([11, 3, 4, 7, 16, 9, 15, 5, 12, 2, 8, 1, 10, 13, 14, 6])
3343
Vecsmall([2, 1, 6, 8, 10, 3, 12, 4, 13, 5, 14, 7, 9, 11, 16, 15])
3347
Vecsmall([11, 3, 4, 7, 16, 9, 15, 5, 12, 2, 8, 1, 10, 13, 14, 6])
3359
Vecsmall([2, 1, 6, 8, 10, 3, 12, 4, 13, 5, 14, 7, 9, 11, 16, 15])
3361
Vecsmall([1, 2, 3, 4, 5, 6, 7, 8, 9, 10, 11, 12, 13, 14, 15, 16])
3371
Vecsmall([12, 10, 2, 3, 8, 16, 4, 11, 6, 13, 1, 9, 14, 15, 7, 5])
3373
Vecsmall([14, 6, 8, 12, 15, 13, 16, 10, 7, 1, 4, 2, 5, 9, 11, 3])
3389
Vecsmall([3, 11, 9, 5, 2, 4, 1, 7, 10, 16, 13, 15, 12, 8, 6, 14])
3391
Vecsmall([2, 1, 6, 8, 10, 3, 12, 4, 13, 5, 14, 7, 9, 11, 16, 15])
3407
Vecsmall([2, 1, 6, 8, 10, 3, 12, 4, 13, 5, 14, 7, 9, 11, 16, 15])
3413
Vecsmall([10, 12, 16, 11, 13, 2, 9, 3, 14, 8, 15, 4, 6, 1, 5, 7])
3433
Vecsmall([9, 13, 10, 2, 11, 5, 3, 1, 16, 14, 12, 6, 15, 7, 4, 8])
3449
Vecsmall([9, 13, 10, 2, 11, 5, 3, 1, 16, 14, 12, 6, 15, 7, 4, 8])
3457
Vecsmall([16, 15, 14, 13, 12, 11, 10, 9, 8, 7, 6, 5, 4, 3, 2, 1])
3461
Vecsmall([7, 5, 1, 6, 4, 15, 8, 14, 3, 9, 2, 13, 11, 16, 12, 10])
3463
Vecsmall([13, 9, 5, 1, 14, 10, 6, 2, 15, 11, 7, 3, 16, 12, 8, 4])
3467
Vecsmall([5, 7, 15, 14, 9, 1, 13, 6, 11, 4, 16, 8, 3, 2, 10, 12])
3469
Vecsmall([3, 11, 9, 5, 2, 4, 1, 7, 10, 16, 13, 15, 12, 8, 6, 14])
3491
Vecsmall([11, 3, 4, 7, 16, 9, 15, 5, 12, 2, 8, 1, 10, 13, 14, 6])
3499
Vecsmall([12, 10, 2, 3, 8, 16, 4, 11, 6, 13, 1, 9, 14, 15, 7, 5])
3511
Vecsmall([13, 9, 5, 1, 14, 10, 6, 2, 15, 11, 7, 3, 16, 12, 8, 4])
3517
Vecsmall([3, 11, 9, 5, 2, 4, 1, 7, 10, 16, 13, 15, 12, 8, 6, 14])
3527
Vecsmall([4, 8, 12, 16, 3, 7, 11, 15, 2, 6, 10, 14, 1, 5, 9, 13])
3529
Vecsmall([8, 4, 7, 15, 6, 12, 14, 16, 1, 3, 5, 11, 2, 10, 13, 9])
3533
Vecsmall([3, 11, 9, 5, 2, 4, 1, 7, 10, 16, 13, 15, 12, 8, 6, 14])
3539
Vecsmall([11, 3, 4, 7, 16, 9, 15, 5, 12, 2, 8, 1, 10, 13, 14, 6])
3541
Vecsmall([7, 5, 1, 6, 4, 15, 8, 14, 3, 9, 2, 13, 11, 16, 12, 10])
3547
Vecsmall([12, 10, 2, 3, 8, 16, 4, 11, 6, 13, 1, 9, 14, 15, 7, 5])
3557
Vecsmall([10, 12, 16, 11, 13, 2, 9, 3, 14, 8, 15, 4, 6, 1, 5, 7])
3559
Vecsmall([13, 9, 5, 1, 14, 10, 6, 2, 15, 11, 7, 3, 16, 12, 8, 4])
3571
Vecsmall([6, 14, 13, 10, 1, 8, 2, 12, 5, 15, 9, 16, 7, 4, 3, 11])
3581
Vecsmall([3, 11, 9, 5, 2, 4, 1, 7, 10, 16, 13, 15, 12, 8, 6, 14])
3583
Vecsmall([2, 1, 6, 8, 10, 3, 12, 4, 13, 5, 14, 7, 9, 11, 16, 15])
3593
Vecsmall([9, 13, 10, 2, 11, 5, 3, 1, 16, 14, 12, 6, 15, 7, 4, 8])
3607
Vecsmall([4, 8, 12, 16, 3, 7, 11, 15, 2, 6, 10, 14, 1, 5, 9, 13])
3613
Vecsmall([14, 6, 8, 12, 15, 13, 16, 10, 7, 1, 4, 2, 5, 9, 11, 3])
3617
Vecsmall([16, 15, 14, 13, 12, 11, 10, 9, 8, 7, 6, 5, 4, 3, 2, 1])
3623
Vecsmall([4, 8, 12, 16, 3, 7, 11, 15, 2, 6, 10, 14, 1, 5, 9, 13])
3631
Vecsmall([2, 1, 6, 8, 10, 3, 12, 4, 13, 5, 14, 7, 9, 11, 16, 15])
3637
Vecsmall([10, 12, 16, 11, 13, 2, 9, 3, 14, 8, 15, 4, 6, 1, 5, 7])
3643
Vecsmall([12, 10, 2, 3, 8, 16, 4, 11, 6, 13, 1, 9, 14, 15, 7, 5])
3659
Vecsmall([12, 10, 2, 3, 8, 16, 4, 11, 6, 13, 1, 9, 14, 15, 7, 5])
3671
Vecsmall([13, 9, 5, 1, 14, 10, 6, 2, 15, 11, 7, 3, 16, 12, 8, 4])
3673
Vecsmall([9, 13, 10, 2, 11, 5, 3, 1, 16, 14, 12, 6, 15, 7, 4, 8])
3677
Vecsmall([3, 11, 9, 5, 2, 4, 1, 7, 10, 16, 13, 15, 12, 8, 6, 14])
3691
Vecsmall([5, 7, 15, 14, 9, 1, 13, 6, 11, 4, 16, 8, 3, 2, 10, 12])
3697
Vecsmall([1, 2, 3, 4, 5, 6, 7, 8, 9, 10, 11, 12, 13, 14, 15, 16])
3701
Vecsmall([7, 5, 1, 6, 4, 15, 8, 14, 3, 9, 2, 13, 11, 16, 12, 10])
3709
Vecsmall([14, 6, 8, 12, 15, 13, 16, 10, 7, 1, 4, 2, 5, 9, 11, 3])
3719
Vecsmall([13, 9, 5, 1, 14, 10, 6, 2, 15, 11, 7, 3, 16, 12, 8, 4])
3727
Vecsmall([2, 1, 6, 8, 10, 3, 12, 4, 13, 5, 14, 7, 9, 11, 16, 15])
3733
Vecsmall([10, 12, 16, 11, 13, 2, 9, 3, 14, 8, 15, 4, 6, 1, 5, 7])
3739
Vecsmall([12, 10, 2, 3, 8, 16, 4, 11, 6, 13, 1, 9, 14, 15, 7, 5])
3761
Vecsmall([16, 15, 14, 13, 12, 11, 10, 9, 8, 7, 6, 5, 4, 3, 2, 1])
3767
Vecsmall([4, 8, 12, 16, 3, 7, 11, 15, 2, 6, 10, 14, 1, 5, 9, 13])
3769
Vecsmall([8, 4, 7, 15, 6, 12, 14, 16, 1, 3, 5, 11, 2, 10, 13, 9])
3779
Vecsmall([11, 3, 4, 7, 16, 9, 15, 5, 12, 2, 8, 1, 10, 13, 14, 6])
3793
Vecsmall([1, 2, 3, 4, 5, 6, 7, 8, 9, 10, 11, 12, 13, 14, 15, 16])
3797
Vecsmall([10, 12, 16, 11, 13, 2, 9, 3, 14, 8, 15, 4, 6, 1, 5, 7])
3803
Vecsmall([12, 10, 2, 3, 8, 16, 4, 11, 6, 13, 1, 9, 14, 15, 7, 5])
3821
Vecsmall([14, 6, 8, 12, 15, 13, 16, 10, 7, 1, 4, 2, 5, 9, 11, 3])
3823
Vecsmall([2, 1, 6, 8, 10, 3, 12, 4, 13, 5, 14, 7, 9, 11, 16, 15])
3833
Vecsmall([9, 13, 10, 2, 11, 5, 3, 1, 16, 14, 12, 6, 15, 7, 4, 8])
3847
Vecsmall([13, 9, 5, 1, 14, 10, 6, 2, 15, 11, 7, 3, 16, 12, 8, 4])
3851
Vecsmall([12, 10, 2, 3, 8, 16, 4, 11, 6, 13, 1, 9, 14, 15, 7, 5])
3853
Vecsmall([14, 6, 8, 12, 15, 13, 16, 10, 7, 1, 4, 2, 5, 9, 11, 3])
3863
Vecsmall([4, 8, 12, 16, 3, 7, 11, 15, 2, 6, 10, 14, 1, 5, 9, 13])
3877
Vecsmall([10, 12, 16, 11, 13, 2, 9, 3, 14, 8, 15, 4, 6, 1, 5, 7])
3881
Vecsmall([9, 13, 10, 2, 11, 5, 3, 1, 16, 14, 12, 6, 15, 7, 4, 8])
3889
Vecsmall([1, 2, 3, 4, 5, 6, 7, 8, 9, 10, 11, 12, 13, 14, 15, 16])
3907
Vecsmall([11, 3, 4, 7, 16, 9, 15, 5, 12, 2, 8, 1, 10, 13, 14, 6])
3911
Vecsmall([13, 9, 5, 1, 14, 10, 6, 2, 15, 11, 7, 3, 16, 12, 8, 4])
3917
Vecsmall([14, 6, 8, 12, 15, 13, 16, 10, 7, 1, 4, 2, 5, 9, 11, 3])
3919
Vecsmall([2, 1, 6, 8, 10, 3, 12, 4, 13, 5, 14, 7, 9, 11, 16, 15])
3923
Vecsmall([11, 3, 4, 7, 16, 9, 15, 5, 12, 2, 8, 1, 10, 13, 14, 6])
3929
Vecsmall([8, 4, 7, 15, 6, 12, 14, 16, 1, 3, 5, 11, 2, 10, 13, 9])
3931
Vecsmall([5, 7, 15, 14, 9, 1, 13, 6, 11, 4, 16, 8, 3, 2, 10, 12])
3943
Vecsmall([13, 9, 5, 1, 14, 10, 6, 2, 15, 11, 7, 3, 16, 12, 8, 4])
3947
Vecsmall([5, 7, 15, 14, 9, 1, 13, 6, 11, 4, 16, 8, 3, 2, 10, 12])
3967
Vecsmall([2, 1, 6, 8, 10, 3, 12, 4, 13, 5, 14, 7, 9, 11, 16, 15])
3989
Vecsmall([10, 12, 16, 11, 13, 2, 9, 3, 14, 8, 15, 4, 6, 1, 5, 7])
4001
Vecsmall([1, 2, 3, 4, 5, 6, 7, 8, 9, 10, 11, 12, 13, 14, 15, 16])
4003
Vecsmall([6, 14, 13, 10, 1, 8, 2, 12, 5, 15, 9, 16, 7, 4, 3, 11])
4007
Vecsmall([4, 8, 12, 16, 3, 7, 11, 15, 2, 6, 10, 14, 1, 5, 9, 13])
4013
Vecsmall([14, 6, 8, 12, 15, 13, 16, 10, 7, 1, 4, 2, 5, 9, 11, 3])
4019
Vecsmall([11, 3, 4, 7, 16, 9, 15, 5, 12, 2, 8, 1, 10, 13, 14, 6])
4021
Vecsmall([10, 12, 16, 11, 13, 2, 9, 3, 14, 8, 15, 4, 6, 1, 5, 7])
4027
Vecsmall([12, 10, 2, 3, 8, 16, 4, 11, 6, 13, 1, 9, 14, 15, 7, 5])
4049
Vecsmall([16, 15, 14, 13, 12, 11, 10, 9, 8, 7, 6, 5, 4, 3, 2, 1])
4051
Vecsmall([6, 14, 13, 10, 1, 8, 2, 12, 5, 15, 9, 16, 7, 4, 3, 11])
4057
Vecsmall([9, 13, 10, 2, 11, 5, 3, 1, 16, 14, 12, 6, 15, 7, 4, 8])
4073
Vecsmall([9, 13, 10, 2, 11, 5, 3, 1, 16, 14, 12, 6, 15, 7, 4, 8])
4079
Vecsmall([2, 1, 6, 8, 10, 3, 12, 4, 13, 5, 14, 7, 9, 11, 16, 15])
4091
Vecsmall([12, 10, 2, 3, 8, 16, 4, 11, 6, 13, 1, 9, 14, 15, 7, 5])
4093
Vecsmall([3, 11, 9, 5, 2, 4, 1, 7, 10, 16, 13, 15, 12, 8, 6, 14])
4099
Vecsmall([11, 3, 4, 7, 16, 9, 15, 5, 12, 2, 8, 1, 10, 13, 14, 6])
4111
Vecsmall([2, 1, 6, 8, 10, 3, 12, 4, 13, 5, 14, 7, 9, 11, 16, 15])
4127
Vecsmall([2, 1, 6, 8, 10, 3, 12, 4, 13, 5, 14, 7, 9, 11, 16, 15])
4129
Vecsmall([16, 15, 14, 13, 12, 11, 10, 9, 8, 7, 6, 5, 4, 3, 2, 1])
4133
Vecsmall([7, 5, 1, 6, 4, 15, 8, 14, 3, 9, 2, 13, 11, 16, 12, 10])
4139
Vecsmall([5, 7, 15, 14, 9, 1, 13, 6, 11, 4, 16, 8, 3, 2, 10, 12])
4153
Vecsmall([9, 13, 10, 2, 11, 5, 3, 1, 16, 14, 12, 6, 15, 7, 4, 8])
4157
Vecsmall([14, 6, 8, 12, 15, 13, 16, 10, 7, 1, 4, 2, 5, 9, 11, 3])
4159
Vecsmall([2, 1, 6, 8, 10, 3, 12, 4, 13, 5, 14, 7, 9, 11, 16, 15])
4177
Vecsmall([16, 15, 14, 13, 12, 11, 10, 9, 8, 7, 6, 5, 4, 3, 2, 1])
4201
Vecsmall([8, 4, 7, 15, 6, 12, 14, 16, 1, 3, 5, 11, 2, 10, 13, 9])
4211
Vecsmall([11, 3, 4, 7, 16, 9, 15, 5, 12, 2, 8, 1, 10, 13, 14, 6])
4217
Vecsmall([9, 13, 10, 2, 11, 5, 3, 1, 16, 14, 12, 6, 15, 7, 4, 8])
4219
Vecsmall([12, 10, 2, 3, 8, 16, 4, 11, 6, 13, 1, 9, 14, 15, 7, 5])
4229
Vecsmall([7, 5, 1, 6, 4, 15, 8, 14, 3, 9, 2, 13, 11, 16, 12, 10])
4231
Vecsmall([4, 8, 12, 16, 3, 7, 11, 15, 2, 6, 10, 14, 1, 5, 9, 13])
4241
Vecsmall([1, 2, 3, 4, 5, 6, 7, 8, 9, 10, 11, 12, 13, 14, 15, 16])
4243
Vecsmall([6, 14, 13, 10, 1, 8, 2, 12, 5, 15, 9, 16, 7, 4, 3, 11])
4253
Vecsmall([14, 6, 8, 12, 15, 13, 16, 10, 7, 1, 4, 2, 5, 9, 11, 3])
4259
Vecsmall([11, 3, 4, 7, 16, 9, 15, 5, 12, 2, 8, 1, 10, 13, 14, 6])
4261
Vecsmall([10, 12, 16, 11, 13, 2, 9, 3, 14, 8, 15, 4, 6, 1, 5, 7])
4271
Vecsmall([2, 1, 6, 8, 10, 3, 12, 4, 13, 5, 14, 7, 9, 11, 16, 15])
4273
Vecsmall([16, 15, 14, 13, 12, 11, 10, 9, 8, 7, 6, 5, 4, 3, 2, 1])
4283
Vecsmall([5, 7, 15, 14, 9, 1, 13, 6, 11, 4, 16, 8, 3, 2, 10, 12])
4289
Vecsmall([1, 2, 3, 4, 5, 6, 7, 8, 9, 10, 11, 12, 13, 14, 15, 16])
4297
Vecsmall([8, 4, 7, 15, 6, 12, 14, 16, 1, 3, 5, 11, 2, 10, 13, 9])
4327
Vecsmall([13, 9, 5, 1, 14, 10, 6, 2, 15, 11, 7, 3, 16, 12, 8, 4])
4337
Vecsmall([1, 2, 3, 4, 5, 6, 7, 8, 9, 10, 11, 12, 13, 14, 15, 16])
4339
Vecsmall([11, 3, 4, 7, 16, 9, 15, 5, 12, 2, 8, 1, 10, 13, 14, 6])
4349
Vecsmall([3, 11, 9, 5, 2, 4, 1, 7, 10, 16, 13, 15, 12, 8, 6, 14])
4357
Vecsmall([7, 5, 1, 6, 4, 15, 8, 14, 3, 9, 2, 13, 11, 16, 12, 10])
4363
Vecsmall([5, 7, 15, 14, 9, 1, 13, 6, 11, 4, 16, 8, 3, 2, 10, 12])
4373
Vecsmall([7, 5, 1, 6, 4, 15, 8, 14, 3, 9, 2, 13, 11, 16, 12, 10])
4391
Vecsmall([4, 8, 12, 16, 3, 7, 11, 15, 2, 6, 10, 14, 1, 5, 9, 13])
4397
Vecsmall([14, 6, 8, 12, 15, 13, 16, 10, 7, 1, 4, 2, 5, 9, 11, 3])
4409
Vecsmall([9, 13, 10, 2, 11, 5, 3, 1, 16, 14, 12, 6, 15, 7, 4, 8])
4421
Vecsmall([10, 12, 16, 11, 13, 2, 9, 3, 14, 8, 15, 4, 6, 1, 5, 7])
4423
Vecsmall([13, 9, 5, 1, 14, 10, 6, 2, 15, 11, 7, 3, 16, 12, 8, 4])
4441
Vecsmall([8, 4, 7, 15, 6, 12, 14, 16, 1, 3, 5, 11, 2, 10, 13, 9])
4447
Vecsmall([2, 1, 6, 8, 10, 3, 12, 4, 13, 5, 14, 7, 9, 11, 16, 15])
4451
Vecsmall([11, 3, 4, 7, 16, 9, 15, 5, 12, 2, 8, 1, 10, 13, 14, 6])
4457
Vecsmall([8, 4, 7, 15, 6, 12, 14, 16, 1, 3, 5, 11, 2, 10, 13, 9])
4463
Vecsmall([2, 1, 6, 8, 10, 3, 12, 4, 13, 5, 14, 7, 9, 11, 16, 15])
4481
Vecsmall([1, 2, 3, 4, 5, 6, 7, 8, 9, 10, 11, 12, 13, 14, 15, 16])
4483
Vecsmall([11, 3, 4, 7, 16, 9, 15, 5, 12, 2, 8, 1, 10, 13, 14, 6])
4493
Vecsmall([3, 11, 9, 5, 2, 4, 1, 7, 10, 16, 13, 15, 12, 8, 6, 14])
4507
Vecsmall([5, 7, 15, 14, 9, 1, 13, 6, 11, 4, 16, 8, 3, 2, 10, 12])
4513
Vecsmall([1, 2, 3, 4, 5, 6, 7, 8, 9, 10, 11, 12, 13, 14, 15, 16])
4517
Vecsmall([7, 5, 1, 6, 4, 15, 8, 14, 3, 9, 2, 13, 11, 16, 12, 10])
4519
Vecsmall([4, 8, 12, 16, 3, 7, 11, 15, 2, 6, 10, 14, 1, 5, 9, 13])
4523
Vecsmall([5, 7, 15, 14, 9, 1, 13, 6, 11, 4, 16, 8, 3, 2, 10, 12])
4547
Vecsmall([11, 3, 4, 7, 16, 9, 15, 5, 12, 2, 8, 1, 10, 13, 14, 6])
4549
Vecsmall([7, 5, 1, 6, 4, 15, 8, 14, 3, 9, 2, 13, 11, 16, 12, 10])
4561
Vecsmall([1, 2, 3, 4, 5, 6, 7, 8, 9, 10, 11, 12, 13, 14, 15, 16])
4567
Vecsmall([4, 8, 12, 16, 3, 7, 11, 15, 2, 6, 10, 14, 1, 5, 9, 13])
4583
Vecsmall([13, 9, 5, 1, 14, 10, 6, 2, 15, 11, 7, 3, 16, 12, 8, 4])
4591
Vecsmall([2, 1, 6, 8, 10, 3, 12, 4, 13, 5, 14, 7, 9, 11, 16, 15])
4597
Vecsmall([10, 12, 16, 11, 13, 2, 9, 3, 14, 8, 15, 4, 6, 1, 5, 7])
4603
Vecsmall([12, 10, 2, 3, 8, 16, 4, 11, 6, 13, 1, 9, 14, 15, 7, 5])
4621
Vecsmall([3, 11, 9, 5, 2, 4, 1, 7, 10, 16, 13, 15, 12, 8, 6, 14])
4637
Vecsmall([3, 11, 9, 5, 2, 4, 1, 7, 10, 16, 13, 15, 12, 8, 6, 14])
4639
Vecsmall([2, 1, 6, 8, 10, 3, 12, 4, 13, 5, 14, 7, 9, 11, 16, 15])
4643
Vecsmall([11, 3, 4, 7, 16, 9, 15, 5, 12, 2, 8, 1, 10, 13, 14, 6])
4649
Vecsmall([9, 13, 10, 2, 11, 5, 3, 1, 16, 14, 12, 6, 15, 7, 4, 8])
4651
Vecsmall([12, 10, 2, 3, 8, 16, 4, 11, 6, 13, 1, 9, 14, 15, 7, 5])
4657
Vecsmall([16, 15, 14, 13, 12, 11, 10, 9, 8, 7, 6, 5, 4, 3, 2, 1])
4663
Vecsmall([13, 9, 5, 1, 14, 10, 6, 2, 15, 11, 7, 3, 16, 12, 8, 4])
4673
Vecsmall([16, 15, 14, 13, 12, 11, 10, 9, 8, 7, 6, 5, 4, 3, 2, 1])
4679
Vecsmall([4, 8, 12, 16, 3, 7, 11, 15, 2, 6, 10, 14, 1, 5, 9, 13])
4691
Vecsmall([11, 3, 4, 7, 16, 9, 15, 5, 12, 2, 8, 1, 10, 13, 14, 6])
4703
Vecsmall([2, 1, 6, 8, 10, 3, 12, 4, 13, 5, 14, 7, 9, 11, 16, 15])
4721
Vecsmall([16, 15, 14, 13, 12, 11, 10, 9, 8, 7, 6, 5, 4, 3, 2, 1])
4723
Vecsmall([6, 14, 13, 10, 1, 8, 2, 12, 5, 15, 9, 16, 7, 4, 3, 11])
4729
Vecsmall([8, 4, 7, 15, 6, 12, 14, 16, 1, 3, 5, 11, 2, 10, 13, 9])
4733
Vecsmall([14, 6, 8, 12, 15, 13, 16, 10, 7, 1, 4, 2, 5, 9, 11, 3])
4751
Vecsmall([2, 1, 6, 8, 10, 3, 12, 4, 13, 5, 14, 7, 9, 11, 16, 15])
4759
Vecsmall([4, 8, 12, 16, 3, 7, 11, 15, 2, 6, 10, 14, 1, 5, 9, 13])
4783
Vecsmall([2, 1, 6, 8, 10, 3, 12, 4, 13, 5, 14, 7, 9, 11, 16, 15])
4787
Vecsmall([11, 3, 4, 7, 16, 9, 15, 5, 12, 2, 8, 1, 10, 13, 14, 6])
4789
Vecsmall([7, 5, 1, 6, 4, 15, 8, 14, 3, 9, 2, 13, 11, 16, 12, 10])
4793
Vecsmall([8, 4, 7, 15, 6, 12, 14, 16, 1, 3, 5, 11, 2, 10, 13, 9])
4799
Vecsmall([2, 1, 6, 8, 10, 3, 12, 4, 13, 5, 14, 7, 9, 11, 16, 15])
4801
Vecsmall([1, 2, 3, 4, 5, 6, 7, 8, 9, 10, 11, 12, 13, 14, 15, 16])
4813
Vecsmall([14, 6, 8, 12, 15, 13, 16, 10, 7, 1, 4, 2, 5, 9, 11, 3])
4817
Vecsmall([16, 15, 14, 13, 12, 11, 10, 9, 8, 7, 6, 5, 4, 3, 2, 1])
4831
Vecsmall([2, 1, 6, 8, 10, 3, 12, 4, 13, 5, 14, 7, 9, 11, 16, 15])
4861
Vecsmall([14, 6, 8, 12, 15, 13, 16, 10, 7, 1, 4, 2, 5, 9, 11, 3])
4871
Vecsmall([13, 9, 5, 1, 14, 10, 6, 2, 15, 11, 7, 3, 16, 12, 8, 4])
4877
Vecsmall([14, 6, 8, 12, 15, 13, 16, 10, 7, 1, 4, 2, 5, 9, 11, 3])
4889
Vecsmall([8, 4, 7, 15, 6, 12, 14, 16, 1, 3, 5, 11, 2, 10, 13, 9])
4903
Vecsmall([4, 8, 12, 16, 3, 7, 11, 15, 2, 6, 10, 14, 1, 5, 9, 13])
4909
Vecsmall([3, 11, 9, 5, 2, 4, 1, 7, 10, 16, 13, 15, 12, 8, 6, 14])
4919
Vecsmall([4, 8, 12, 16, 3, 7, 11, 15, 2, 6, 10, 14, 1, 5, 9, 13])
4931
Vecsmall([6, 14, 13, 10, 1, 8, 2, 12, 5, 15, 9, 16, 7, 4, 3, 11])
4933
Vecsmall([7, 5, 1, 6, 4, 15, 8, 14, 3, 9, 2, 13, 11, 16, 12, 10])
4937
Vecsmall([8, 4, 7, 15, 6, 12, 14, 16, 1, 3, 5, 11, 2, 10, 13, 9])
4943
Vecsmall([2, 1, 6, 8, 10, 3, 12, 4, 13, 5, 14, 7, 9, 11, 16, 15])
4951
Vecsmall([13, 9, 5, 1, 14, 10, 6, 2, 15, 11, 7, 3, 16, 12, 8, 4])
4957
Vecsmall([3, 11, 9, 5, 2, 4, 1, 7, 10, 16, 13, 15, 12, 8, 6, 14])
4967
Vecsmall([13, 9, 5, 1, 14, 10, 6, 2, 15, 11, 7, 3, 16, 12, 8, 4])
4969
Vecsmall([9, 13, 10, 2, 11, 5, 3, 1, 16, 14, 12, 6, 15, 7, 4, 8])
4973
Vecsmall([14, 6, 8, 12, 15, 13, 16, 10, 7, 1, 4, 2, 5, 9, 11, 3])
4987
Vecsmall([12, 10, 2, 3, 8, 16, 4, 11, 6, 13, 1, 9, 14, 15, 7, 5])
4993
Vecsmall([1, 2, 3, 4, 5, 6, 7, 8, 9, 10, 11, 12, 13, 14, 15, 16])
4999
Vecsmall([4, 8, 12, 16, 3, 7, 11, 15, 2, 6, 10, 14, 1, 5, 9, 13])
5003
Vecsmall([12, 10, 2, 3, 8, 16, 4, 11, 6, 13, 1, 9, 14, 15, 7, 5])
5009
Vecsmall([1, 2, 3, 4, 5, 6, 7, 8, 9, 10, 11, 12, 13, 14, 15, 16])
5011
Vecsmall([11, 3, 4, 7, 16, 9, 15, 5, 12, 2, 8, 1, 10, 13, 14, 6])
5021
Vecsmall([14, 6, 8, 12, 15, 13, 16, 10, 7, 1, 4, 2, 5, 9, 11, 3])
5023
Vecsmall([2, 1, 6, 8, 10, 3, 12, 4, 13, 5, 14, 7, 9, 11, 16, 15])
5039
Vecsmall([2, 1, 6, 8, 10, 3, 12, 4, 13, 5, 14, 7, 9, 11, 16, 15])
5051
Vecsmall([5, 7, 15, 14, 9, 1, 13, 6, 11, 4, 16, 8, 3, 2, 10, 12])
5059
Vecsmall([6, 14, 13, 10, 1, 8, 2, 12, 5, 15, 9, 16, 7, 4, 3, 11])
5077
Vecsmall([10, 12, 16, 11, 13, 2, 9, 3, 14, 8, 15, 4, 6, 1, 5, 7])
5081
Vecsmall([9, 13, 10, 2, 11, 5, 3, 1, 16, 14, 12, 6, 15, 7, 4, 8])
5087
Vecsmall([2, 1, 6, 8, 10, 3, 12, 4, 13, 5, 14, 7, 9, 11, 16, 15])
5099
Vecsmall([5, 7, 15, 14, 9, 1, 13, 6, 11, 4, 16, 8, 3, 2, 10, 12])
5101
Vecsmall([3, 11, 9, 5, 2, 4, 1, 7, 10, 16, 13, 15, 12, 8, 6, 14])
5107
Vecsmall([11, 3, 4, 7, 16, 9, 15, 5, 12, 2, 8, 1, 10, 13, 14, 6])
5113
Vecsmall([9, 13, 10, 2, 11, 5, 3, 1, 16, 14, 12, 6, 15, 7, 4, 8])
5119
Vecsmall([2, 1, 6, 8, 10, 3, 12, 4, 13, 5, 14, 7, 9, 11, 16, 15])
5147
Vecsmall([12, 10, 2, 3, 8, 16, 4, 11, 6, 13, 1, 9, 14, 15, 7, 5])
5153
Vecsmall([16, 15, 14, 13, 12, 11, 10, 9, 8, 7, 6, 5, 4, 3, 2, 1])
5167
Vecsmall([2, 1, 6, 8, 10, 3, 12, 4, 13, 5, 14, 7, 9, 11, 16, 15])
5171
Vecsmall([6, 14, 13, 10, 1, 8, 2, 12, 5, 15, 9, 16, 7, 4, 3, 11])
5179
Vecsmall([5, 7, 15, 14, 9, 1, 13, 6, 11, 4, 16, 8, 3, 2, 10, 12])
5189
Vecsmall([10, 12, 16, 11, 13, 2, 9, 3, 14, 8, 15, 4, 6, 1, 5, 7])
5197
Vecsmall([14, 6, 8, 12, 15, 13, 16, 10, 7, 1, 4, 2, 5, 9, 11, 3])
5209
Vecsmall([9, 13, 10, 2, 11, 5, 3, 1, 16, 14, 12, 6, 15, 7, 4, 8])
5227
Vecsmall([12, 10, 2, 3, 8, 16, 4, 11, 6, 13, 1, 9, 14, 15, 7, 5])
5231
Vecsmall([2, 1, 6, 8, 10, 3, 12, 4, 13, 5, 14, 7, 9, 11, 16, 15])
5233
Vecsmall([16, 15, 14, 13, 12, 11, 10, 9, 8, 7, 6, 5, 4, 3, 2, 1])
5237
Vecsmall([10, 12, 16, 11, 13, 2, 9, 3, 14, 8, 15, 4, 6, 1, 5, 7])
5261
Vecsmall([14, 6, 8, 12, 15, 13, 16, 10, 7, 1, 4, 2, 5, 9, 11, 3])
5273
Vecsmall([8, 4, 7, 15, 6, 12, 14, 16, 1, 3, 5, 11, 2, 10, 13, 9])
5279
Vecsmall([2, 1, 6, 8, 10, 3, 12, 4, 13, 5, 14, 7, 9, 11, 16, 15])
5281
Vecsmall([16, 15, 14, 13, 12, 11, 10, 9, 8, 7, 6, 5, 4, 3, 2, 1])
5297
Vecsmall([16, 15, 14, 13, 12, 11, 10, 9, 8, 7, 6, 5, 4, 3, 2, 1])
5303
Vecsmall([13, 9, 5, 1, 14, 10, 6, 2, 15, 11, 7, 3, 16, 12, 8, 4])
5309
Vecsmall([3, 11, 9, 5, 2, 4, 1, 7, 10, 16, 13, 15, 12, 8, 6, 14])
5323
Vecsmall([12, 10, 2, 3, 8, 16, 4, 11, 6, 13, 1, 9, 14, 15, 7, 5])
5333
Vecsmall([10, 12, 16, 11, 13, 2, 9, 3, 14, 8, 15, 4, 6, 1, 5, 7])
5347
Vecsmall([11, 3, 4, 7, 16, 9, 15, 5, 12, 2, 8, 1, 10, 13, 14, 6])
5351
Vecsmall([4, 8, 12, 16, 3, 7, 11, 15, 2, 6, 10, 14, 1, 5, 9, 13])
5381
Vecsmall([7, 5, 1, 6, 4, 15, 8, 14, 3, 9, 2, 13, 11, 16, 12, 10])
5387
Vecsmall([5, 7, 15, 14, 9, 1, 13, 6, 11, 4, 16, 8, 3, 2, 10, 12])
5393
Vecsmall([16, 15, 14, 13, 12, 11, 10, 9, 8, 7, 6, 5, 4, 3, 2, 1])
5399
Vecsmall([13, 9, 5, 1, 14, 10, 6, 2, 15, 11, 7, 3, 16, 12, 8, 4])
5407
Vecsmall([2, 1, 6, 8, 10, 3, 12, 4, 13, 5, 14, 7, 9, 11, 16, 15])
5413
Vecsmall([10, 12, 16, 11, 13, 2, 9, 3, 14, 8, 15, 4, 6, 1, 5, 7])
5417
Vecsmall([9, 13, 10, 2, 11, 5, 3, 1, 16, 14, 12, 6, 15, 7, 4, 8])
5419
Vecsmall([12, 10, 2, 3, 8, 16, 4, 11, 6, 13, 1, 9, 14, 15, 7, 5])
5431
Vecsmall([4, 8, 12, 16, 3, 7, 11, 15, 2, 6, 10, 14, 1, 5, 9, 13])
5437
Vecsmall([14, 6, 8, 12, 15, 13, 16, 10, 7, 1, 4, 2, 5, 9, 11, 3])
5441
Vecsmall([16, 15, 14, 13, 12, 11, 10, 9, 8, 7, 6, 5, 4, 3, 2, 1])
5443
Vecsmall([6, 14, 13, 10, 1, 8, 2, 12, 5, 15, 9, 16, 7, 4, 3, 11])
5449
Vecsmall([9, 13, 10, 2, 11, 5, 3, 1, 16, 14, 12, 6, 15, 7, 4, 8])
5471
Vecsmall([2, 1, 6, 8, 10, 3, 12, 4, 13, 5, 14, 7, 9, 11, 16, 15])
5477
Vecsmall([7, 5, 1, 6, 4, 15, 8, 14, 3, 9, 2, 13, 11, 16, 12, 10])
5479
Vecsmall([13, 9, 5, 1, 14, 10, 6, 2, 15, 11, 7, 3, 16, 12, 8, 4])
5483
Vecsmall([12, 10, 2, 3, 8, 16, 4, 11, 6, 13, 1, 9, 14, 15, 7, 5])
5501
Vecsmall([14, 6, 8, 12, 15, 13, 16, 10, 7, 1, 4, 2, 5, 9, 11, 3])
5503
Vecsmall([2, 1, 6, 8, 10, 3, 12, 4, 13, 5, 14, 7, 9, 11, 16, 15])
5507
Vecsmall([11, 3, 4, 7, 16, 9, 15, 5, 12, 2, 8, 1, 10, 13, 14, 6])
5519
Vecsmall([2, 1, 6, 8, 10, 3, 12, 4, 13, 5, 14, 7, 9, 11, 16, 15])
5521
Vecsmall([1, 2, 3, 4, 5, 6, 7, 8, 9, 10, 11, 12, 13, 14, 15, 16])
5527
Vecsmall([13, 9, 5, 1, 14, 10, 6, 2, 15, 11, 7, 3, 16, 12, 8, 4])
5531
Vecsmall([5, 7, 15, 14, 9, 1, 13, 6, 11, 4, 16, 8, 3, 2, 10, 12])
5557
Vecsmall([10, 12, 16, 11, 13, 2, 9, 3, 14, 8, 15, 4, 6, 1, 5, 7])
5563
Vecsmall([5, 7, 15, 14, 9, 1, 13, 6, 11, 4, 16, 8, 3, 2, 10, 12])
5569
Vecsmall([1, 2, 3, 4, 5, 6, 7, 8, 9, 10, 11, 12, 13, 14, 15, 16])
5573
Vecsmall([10, 12, 16, 11, 13, 2, 9, 3, 14, 8, 15, 4, 6, 1, 5, 7])
5581
Vecsmall([3, 11, 9, 5, 2, 4, 1, 7, 10, 16, 13, 15, 12, 8, 6, 14])
5591
Vecsmall([4, 8, 12, 16, 3, 7, 11, 15, 2, 6, 10, 14, 1, 5, 9, 13])
5623
Vecsmall([4, 8, 12, 16, 3, 7, 11, 15, 2, 6, 10, 14, 1, 5, 9, 13])
5639
Vecsmall([13, 9, 5, 1, 14, 10, 6, 2, 15, 11, 7, 3, 16, 12, 8, 4])
5641
Vecsmall([9, 13, 10, 2, 11, 5, 3, 1, 16, 14, 12, 6, 15, 7, 4, 8])
5647
Vecsmall([2, 1, 6, 8, 10, 3, 12, 4, 13, 5, 14, 7, 9, 11, 16, 15])
5651
Vecsmall([6, 14, 13, 10, 1, 8, 2, 12, 5, 15, 9, 16, 7, 4, 3, 11])
5653
Vecsmall([10, 12, 16, 11, 13, 2, 9, 3, 14, 8, 15, 4, 6, 1, 5, 7])
5657
Vecsmall([8, 4, 7, 15, 6, 12, 14, 16, 1, 3, 5, 11, 2, 10, 13, 9])
5659
Vecsmall([5, 7, 15, 14, 9, 1, 13, 6, 11, 4, 16, 8, 3, 2, 10, 12])
5669
Vecsmall([10, 12, 16, 11, 13, 2, 9, 3, 14, 8, 15, 4, 6, 1, 5, 7])
5683
Vecsmall([6, 14, 13, 10, 1, 8, 2, 12, 5, 15, 9, 16, 7, 4, 3, 11])
5689
Vecsmall([9, 13, 10, 2, 11, 5, 3, 1, 16, 14, 12, 6, 15, 7, 4, 8])
5693
Vecsmall([14, 6, 8, 12, 15, 13, 16, 10, 7, 1, 4, 2, 5, 9, 11, 3])
5701
Vecsmall([10, 12, 16, 11, 13, 2, 9, 3, 14, 8, 15, 4, 6, 1, 5, 7])
5711
Vecsmall([2, 1, 6, 8, 10, 3, 12, 4, 13, 5, 14, 7, 9, 11, 16, 15])
5717
Vecsmall([10, 12, 16, 11, 13, 2, 9, 3, 14, 8, 15, 4, 6, 1, 5, 7])
5737
Vecsmall([8, 4, 7, 15, 6, 12, 14, 16, 1, 3, 5, 11, 2, 10, 13, 9])
5741
Vecsmall([14, 6, 8, 12, 15, 13, 16, 10, 7, 1, 4, 2, 5, 9, 11, 3])
5743
Vecsmall([2, 1, 6, 8, 10, 3, 12, 4, 13, 5, 14, 7, 9, 11, 16, 15])
5749
Vecsmall([10, 12, 16, 11, 13, 2, 9, 3, 14, 8, 15, 4, 6, 1, 5, 7])
5779
Vecsmall([11, 3, 4, 7, 16, 9, 15, 5, 12, 2, 8, 1, 10, 13, 14, 6])
5783
Vecsmall([4, 8, 12, 16, 3, 7, 11, 15, 2, 6, 10, 14, 1, 5, 9, 13])
5791
Vecsmall([2, 1, 6, 8, 10, 3, 12, 4, 13, 5, 14, 7, 9, 11, 16, 15])
5801
Vecsmall([9, 13, 10, 2, 11, 5, 3, 1, 16, 14, 12, 6, 15, 7, 4, 8])
5807
Vecsmall([2, 1, 6, 8, 10, 3, 12, 4, 13, 5, 14, 7, 9, 11, 16, 15])
5813
Vecsmall([7, 5, 1, 6, 4, 15, 8, 14, 3, 9, 2, 13, 11, 16, 12, 10])
5821
Vecsmall([14, 6, 8, 12, 15, 13, 16, 10, 7, 1, 4, 2, 5, 9, 11, 3])
5827
Vecsmall([11, 3, 4, 7, 16, 9, 15, 5, 12, 2, 8, 1, 10, 13, 14, 6])
5839
Vecsmall([2, 1, 6, 8, 10, 3, 12, 4, 13, 5, 14, 7, 9, 11, 16, 15])
5843
Vecsmall([6, 14, 13, 10, 1, 8, 2, 12, 5, 15, 9, 16, 7, 4, 3, 11])
5849
Vecsmall([8, 4, 7, 15, 6, 12, 14, 16, 1, 3, 5, 11, 2, 10, 13, 9])
5851
Vecsmall([5, 7, 15, 14, 9, 1, 13, 6, 11, 4, 16, 8, 3, 2, 10, 12])
5857
Vecsmall([16, 15, 14, 13, 12, 11, 10, 9, 8, 7, 6, 5, 4, 3, 2, 1])
5861
Vecsmall([7, 5, 1, 6, 4, 15, 8, 14, 3, 9, 2, 13, 11, 16, 12, 10])
5867
Vecsmall([5, 7, 15, 14, 9, 1, 13, 6, 11, 4, 16, 8, 3, 2, 10, 12])
5869
Vecsmall([3, 11, 9, 5, 2, 4, 1, 7, 10, 16, 13, 15, 12, 8, 6, 14])
5879
Vecsmall([13, 9, 5, 1, 14, 10, 6, 2, 15, 11, 7, 3, 16, 12, 8, 4])
5881
Vecsmall([9, 13, 10, 2, 11, 5, 3, 1, 16, 14, 12, 6, 15, 7, 4, 8])
5897
Vecsmall([9, 13, 10, 2, 11, 5, 3, 1, 16, 14, 12, 6, 15, 7, 4, 8])
5903
Vecsmall([2, 1, 6, 8, 10, 3, 12, 4, 13, 5, 14, 7, 9, 11, 16, 15])
5923
Vecsmall([6, 14, 13, 10, 1, 8, 2, 12, 5, 15, 9, 16, 7, 4, 3, 11])
5927
Vecsmall([13, 9, 5, 1, 14, 10, 6, 2, 15, 11, 7, 3, 16, 12, 8, 4])
5939
Vecsmall([11, 3, 4, 7, 16, 9, 15, 5, 12, 2, 8, 1, 10, 13, 14, 6])
5953
Vecsmall([16, 15, 14, 13, 12, 11, 10, 9, 8, 7, 6, 5, 4, 3, 2, 1])
5981
Vecsmall([14, 6, 8, 12, 15, 13, 16, 10, 7, 1, 4, 2, 5, 9, 11, 3])
5987
Vecsmall([11, 3, 4, 7, 16, 9, 15, 5, 12, 2, 8, 1, 10, 13, 14, 6])
6007
Vecsmall([4, 8, 12, 16, 3, 7, 11, 15, 2, 6, 10, 14, 1, 5, 9, 13])
6011
Vecsmall([12, 10, 2, 3, 8, 16, 4, 11, 6, 13, 1, 9, 14, 15, 7, 5])
6029
Vecsmall([14, 6, 8, 12, 15, 13, 16, 10, 7, 1, 4, 2, 5, 9, 11, 3])
6037
Vecsmall([7, 5, 1, 6, 4, 15, 8, 14, 3, 9, 2, 13, 11, 16, 12, 10])
6043
Vecsmall([12, 10, 2, 3, 8, 16, 4, 11, 6, 13, 1, 9, 14, 15, 7, 5])
6047
Vecsmall([2, 1, 6, 8, 10, 3, 12, 4, 13, 5, 14, 7, 9, 11, 16, 15])
6053
Vecsmall([10, 12, 16, 11, 13, 2, 9, 3, 14, 8, 15, 4, 6, 1, 5, 7])
6067
Vecsmall([11, 3, 4, 7, 16, 9, 15, 5, 12, 2, 8, 1, 10, 13, 14, 6])
6073
Vecsmall([8, 4, 7, 15, 6, 12, 14, 16, 1, 3, 5, 11, 2, 10, 13, 9])
6079
Vecsmall([2, 1, 6, 8, 10, 3, 12, 4, 13, 5, 14, 7, 9, 11, 16, 15])
6089
Vecsmall([8, 4, 7, 15, 6, 12, 14, 16, 1, 3, 5, 11, 2, 10, 13, 9])
6091
Vecsmall([12, 10, 2, 3, 8, 16, 4, 11, 6, 13, 1, 9, 14, 15, 7, 5])
6101
Vecsmall([10, 12, 16, 11, 13, 2, 9, 3, 14, 8, 15, 4, 6, 1, 5, 7])
6113
Vecsmall([16, 15, 14, 13, 12, 11, 10, 9, 8, 7, 6, 5, 4, 3, 2, 1])
6121
Vecsmall([8, 4, 7, 15, 6, 12, 14, 16, 1, 3, 5, 11, 2, 10, 13, 9])
6131
Vecsmall([6, 14, 13, 10, 1, 8, 2, 12, 5, 15, 9, 16, 7, 4, 3, 11])
6133
Vecsmall([10, 12, 16, 11, 13, 2, 9, 3, 14, 8, 15, 4, 6, 1, 5, 7])
6143
Vecsmall([2, 1, 6, 8, 10, 3, 12, 4, 13, 5, 14, 7, 9, 11, 16, 15])
6151
Vecsmall([13, 9, 5, 1, 14, 10, 6, 2, 15, 11, 7, 3, 16, 12, 8, 4])
6163
Vecsmall([11, 3, 4, 7, 16, 9, 15, 5, 12, 2, 8, 1, 10, 13, 14, 6])
6173
Vecsmall([14, 6, 8, 12, 15, 13, 16, 10, 7, 1, 4, 2, 5, 9, 11, 3])
6197
Vecsmall([10, 12, 16, 11, 13, 2, 9, 3, 14, 8, 15, 4, 6, 1, 5, 7])
6199
Vecsmall([13, 9, 5, 1, 14, 10, 6, 2, 15, 11, 7, 3, 16, 12, 8, 4])
6203
Vecsmall([12, 10, 2, 3, 8, 16, 4, 11, 6, 13, 1, 9, 14, 15, 7, 5])
6211
Vecsmall([6, 14, 13, 10, 1, 8, 2, 12, 5, 15, 9, 16, 7, 4, 3, 11])
6217
Vecsmall([9, 13, 10, 2, 11, 5, 3, 1, 16, 14, 12, 6, 15, 7, 4, 8])
6221
Vecsmall([14, 6, 8, 12, 15, 13, 16, 10, 7, 1, 4, 2, 5, 9, 11, 3])
6229
Vecsmall([7, 5, 1, 6, 4, 15, 8, 14, 3, 9, 2, 13, 11, 16, 12, 10])
6247
Vecsmall([4, 8, 12, 16, 3, 7, 11, 15, 2, 6, 10, 14, 1, 5, 9, 13])
6257
Vecsmall([1, 2, 3, 4, 5, 6, 7, 8, 9, 10, 11, 12, 13, 14, 15, 16])
6263
Vecsmall([4, 8, 12, 16, 3, 7, 11, 15, 2, 6, 10, 14, 1, 5, 9, 13])
6269
Vecsmall([3, 11, 9, 5, 2, 4, 1, 7, 10, 16, 13, 15, 12, 8, 6, 14])
6271
Vecsmall([2, 1, 6, 8, 10, 3, 12, 4, 13, 5, 14, 7, 9, 11, 16, 15])
6277
Vecsmall([10, 12, 16, 11, 13, 2, 9, 3, 14, 8, 15, 4, 6, 1, 5, 7])
6287
Vecsmall([2, 1, 6, 8, 10, 3, 12, 4, 13, 5, 14, 7, 9, 11, 16, 15])
6299
Vecsmall([5, 7, 15, 14, 9, 1, 13, 6, 11, 4, 16, 8, 3, 2, 10, 12])
6301
Vecsmall([3, 11, 9, 5, 2, 4, 1, 7, 10, 16, 13, 15, 12, 8, 6, 14])
6311
Vecsmall([13, 9, 5, 1, 14, 10, 6, 2, 15, 11, 7, 3, 16, 12, 8, 4])
6317
Vecsmall([14, 6, 8, 12, 15, 13, 16, 10, 7, 1, 4, 2, 5, 9, 11, 3])
6323
Vecsmall([6, 14, 13, 10, 1, 8, 2, 12, 5, 15, 9, 16, 7, 4, 3, 11])
6329
Vecsmall([8, 4, 7, 15, 6, 12, 14, 16, 1, 3, 5, 11, 2, 10, 13, 9])
6337
Vecsmall([16, 15, 14, 13, 12, 11, 10, 9, 8, 7, 6, 5, 4, 3, 2, 1])
6343
Vecsmall([4, 8, 12, 16, 3, 7, 11, 15, 2, 6, 10, 14, 1, 5, 9, 13])
6353
Vecsmall([16, 15, 14, 13, 12, 11, 10, 9, 8, 7, 6, 5, 4, 3, 2, 1])
6359
Vecsmall([13, 9, 5, 1, 14, 10, 6, 2, 15, 11, 7, 3, 16, 12, 8, 4])
6361
Vecsmall([9, 13, 10, 2, 11, 5, 3, 1, 16, 14, 12, 6, 15, 7, 4, 8])
6367
Vecsmall([2, 1, 6, 8, 10, 3, 12, 4, 13, 5, 14, 7, 9, 11, 16, 15])
6373
Vecsmall([10, 12, 16, 11, 13, 2, 9, 3, 14, 8, 15, 4, 6, 1, 5, 7])
6379
Vecsmall([5, 7, 15, 14, 9, 1, 13, 6, 11, 4, 16, 8, 3, 2, 10, 12])
6389
Vecsmall([7, 5, 1, 6, 4, 15, 8, 14, 3, 9, 2, 13, 11, 16, 12, 10])
6397
Vecsmall([14, 6, 8, 12, 15, 13, 16, 10, 7, 1, 4, 2, 5, 9, 11, 3])
6421
Vecsmall([7, 5, 1, 6, 4, 15, 8, 14, 3, 9, 2, 13, 11, 16, 12, 10])
6427
Vecsmall([12, 10, 2, 3, 8, 16, 4, 11, 6, 13, 1, 9, 14, 15, 7, 5])
6449
Vecsmall([16, 15, 14, 13, 12, 11, 10, 9, 8, 7, 6, 5, 4, 3, 2, 1])
6451
Vecsmall([6, 14, 13, 10, 1, 8, 2, 12, 5, 15, 9, 16, 7, 4, 3, 11])
6469
Vecsmall([7, 5, 1, 6, 4, 15, 8, 14, 3, 9, 2, 13, 11, 16, 12, 10])
6473
Vecsmall([9, 13, 10, 2, 11, 5, 3, 1, 16, 14, 12, 6, 15, 7, 4, 8])
6481
Vecsmall([16, 15, 14, 13, 12, 11, 10, 9, 8, 7, 6, 5, 4, 3, 2, 1])
6491
Vecsmall([5, 7, 15, 14, 9, 1, 13, 6, 11, 4, 16, 8, 3, 2, 10, 12])
6521
Vecsmall([9, 13, 10, 2, 11, 5, 3, 1, 16, 14, 12, 6, 15, 7, 4, 8])
6529
Vecsmall([1, 2, 3, 4, 5, 6, 7, 8, 9, 10, 11, 12, 13, 14, 15, 16])
6547
Vecsmall([6, 14, 13, 10, 1, 8, 2, 12, 5, 15, 9, 16, 7, 4, 3, 11])
6551
Vecsmall([13, 9, 5, 1, 14, 10, 6, 2, 15, 11, 7, 3, 16, 12, 8, 4])
6553
Vecsmall([9, 13, 10, 2, 11, 5, 3, 1, 16, 14, 12, 6, 15, 7, 4, 8])
6563
Vecsmall([6, 14, 13, 10, 1, 8, 2, 12, 5, 15, 9, 16, 7, 4, 3, 11])
6569
Vecsmall([8, 4, 7, 15, 6, 12, 14, 16, 1, 3, 5, 11, 2, 10, 13, 9])
6571
Vecsmall([12, 10, 2, 3, 8, 16, 4, 11, 6, 13, 1, 9, 14, 15, 7, 5])
6577
Vecsmall([1, 2, 3, 4, 5, 6, 7, 8, 9, 10, 11, 12, 13, 14, 15, 16])
6581
Vecsmall([7, 5, 1, 6, 4, 15, 8, 14, 3, 9, 2, 13, 11, 16, 12, 10])
6599
Vecsmall([13, 9, 5, 1, 14, 10, 6, 2, 15, 11, 7, 3, 16, 12, 8, 4])
6607
Vecsmall([2, 1, 6, 8, 10, 3, 12, 4, 13, 5, 14, 7, 9, 11, 16, 15])
6619
Vecsmall([5, 7, 15, 14, 9, 1, 13, 6, 11, 4, 16, 8, 3, 2, 10, 12])
6637
Vecsmall([3, 11, 9, 5, 2, 4, 1, 7, 10, 16, 13, 15, 12, 8, 6, 14])
6653
Vecsmall([3, 11, 9, 5, 2, 4, 1, 7, 10, 16, 13, 15, 12, 8, 6, 14])
6659
Vecsmall([11, 3, 4, 7, 16, 9, 15, 5, 12, 2, 8, 1, 10, 13, 14, 6])
6661
Vecsmall([7, 5, 1, 6, 4, 15, 8, 14, 3, 9, 2, 13, 11, 16, 12, 10])
6673
Vecsmall([1, 2, 3, 4, 5, 6, 7, 8, 9, 10, 11, 12, 13, 14, 15, 16])
6679
Vecsmall([13, 9, 5, 1, 14, 10, 6, 2, 15, 11, 7, 3, 16, 12, 8, 4])
6689
Vecsmall([1, 2, 3, 4, 5, 6, 7, 8, 9, 10, 11, 12, 13, 14, 15, 16])
6691
Vecsmall([6, 14, 13, 10, 1, 8, 2, 12, 5, 15, 9, 16, 7, 4, 3, 11])
6701
Vecsmall([14, 6, 8, 12, 15, 13, 16, 10, 7, 1, 4, 2, 5, 9, 11, 3])
6703
Vecsmall([2, 1, 6, 8, 10, 3, 12, 4, 13, 5, 14, 7, 9, 11, 16, 15])
6709
Vecsmall([7, 5, 1, 6, 4, 15, 8, 14, 3, 9, 2, 13, 11, 16, 12, 10])
6719
Vecsmall([2, 1, 6, 8, 10, 3, 12, 4, 13, 5, 14, 7, 9, 11, 16, 15])
6733
Vecsmall([14, 6, 8, 12, 15, 13, 16, 10, 7, 1, 4, 2, 5, 9, 11, 3])
6737
Vecsmall([1, 2, 3, 4, 5, 6, 7, 8, 9, 10, 11, 12, 13, 14, 15, 16])
6761
Vecsmall([8, 4, 7, 15, 6, 12, 14, 16, 1, 3, 5, 11, 2, 10, 13, 9])
6763
Vecsmall([12, 10, 2, 3, 8, 16, 4, 11, 6, 13, 1, 9, 14, 15, 7, 5])
6779
Vecsmall([5, 7, 15, 14, 9, 1, 13, 6, 11, 4, 16, 8, 3, 2, 10, 12])
6781
Vecsmall([3, 11, 9, 5, 2, 4, 1, 7, 10, 16, 13, 15, 12, 8, 6, 14])
6791
Vecsmall([4, 8, 12, 16, 3, 7, 11, 15, 2, 6, 10, 14, 1, 5, 9, 13])
6793
Vecsmall([8, 4, 7, 15, 6, 12, 14, 16, 1, 3, 5, 11, 2, 10, 13, 9])
6803
Vecsmall([6, 14, 13, 10, 1, 8, 2, 12, 5, 15, 9, 16, 7, 4, 3, 11])
6823
Vecsmall([13, 9, 5, 1, 14, 10, 6, 2, 15, 11, 7, 3, 16, 12, 8, 4])
6827
Vecsmall([12, 10, 2, 3, 8, 16, 4, 11, 6, 13, 1, 9, 14, 15, 7, 5])
6829
Vecsmall([14, 6, 8, 12, 15, 13, 16, 10, 7, 1, 4, 2, 5, 9, 11, 3])
6833
Vecsmall([1, 2, 3, 4, 5, 6, 7, 8, 9, 10, 11, 12, 13, 14, 15, 16])
6841
Vecsmall([9, 13, 10, 2, 11, 5, 3, 1, 16, 14, 12, 6, 15, 7, 4, 8])
6857
Vecsmall([8, 4, 7, 15, 6, 12, 14, 16, 1, 3, 5, 11, 2, 10, 13, 9])
6863
Vecsmall([2, 1, 6, 8, 10, 3, 12, 4, 13, 5, 14, 7, 9, 11, 16, 15])
6869
Vecsmall([10, 12, 16, 11, 13, 2, 9, 3, 14, 8, 15, 4, 6, 1, 5, 7])
6871
Vecsmall([4, 8, 12, 16, 3, 7, 11, 15, 2, 6, 10, 14, 1, 5, 9, 13])
6883
Vecsmall([6, 14, 13, 10, 1, 8, 2, 12, 5, 15, 9, 16, 7, 4, 3, 11])
6899
Vecsmall([6, 14, 13, 10, 1, 8, 2, 12, 5, 15, 9, 16, 7, 4, 3, 11])
6907
Vecsmall([5, 7, 15, 14, 9, 1, 13, 6, 11, 4, 16, 8, 3, 2, 10, 12])
6911
Vecsmall([2, 1, 6, 8, 10, 3, 12, 4, 13, 5, 14, 7, 9, 11, 16, 15])
6917
Vecsmall([10, 12, 16, 11, 13, 2, 9, 3, 14, 8, 15, 4, 6, 1, 5, 7])
6947
Vecsmall([11, 3, 4, 7, 16, 9, 15, 5, 12, 2, 8, 1, 10, 13, 14, 6])
6949
Vecsmall([7, 5, 1, 6, 4, 15, 8, 14, 3, 9, 2, 13, 11, 16, 12, 10])
6959
Vecsmall([2, 1, 6, 8, 10, 3, 12, 4, 13, 5, 14, 7, 9, 11, 16, 15])
6961
Vecsmall([1, 2, 3, 4, 5, 6, 7, 8, 9, 10, 11, 12, 13, 14, 15, 16])
6967
Vecsmall([13, 9, 5, 1, 14, 10, 6, 2, 15, 11, 7, 3, 16, 12, 8, 4])
6971
Vecsmall([12, 10, 2, 3, 8, 16, 4, 11, 6, 13, 1, 9, 14, 15, 7, 5])
6977
Vecsmall([16, 15, 14, 13, 12, 11, 10, 9, 8, 7, 6, 5, 4, 3, 2, 1])
6983
Vecsmall([13, 9, 5, 1, 14, 10, 6, 2, 15, 11, 7, 3, 16, 12, 8, 4])
6991
Vecsmall([2, 1, 6, 8, 10, 3, 12, 4, 13, 5, 14, 7, 9, 11, 16, 15])
6997
Vecsmall([7, 5, 1, 6, 4, 15, 8, 14, 3, 9, 2, 13, 11, 16, 12, 10])
7001
Vecsmall([8, 4, 7, 15, 6, 12, 14, 16, 1, 3, 5, 11, 2, 10, 13, 9])
7013
Vecsmall([7, 5, 1, 6, 4, 15, 8, 14, 3, 9, 2, 13, 11, 16, 12, 10])
7019
Vecsmall([12, 10, 2, 3, 8, 16, 4, 11, 6, 13, 1, 9, 14, 15, 7, 5])
7027
Vecsmall([11, 3, 4, 7, 16, 9, 15, 5, 12, 2, 8, 1, 10, 13, 14, 6])
7039
Vecsmall([2, 1, 6, 8, 10, 3, 12, 4, 13, 5, 14, 7, 9, 11, 16, 15])
7043
Vecsmall([6, 14, 13, 10, 1, 8, 2, 12, 5, 15, 9, 16, 7, 4, 3, 11])
7057
Vecsmall([1, 2, 3, 4, 5, 6, 7, 8, 9, 10, 11, 12, 13, 14, 15, 16])
7069
Vecsmall([14, 6, 8, 12, 15, 13, 16, 10, 7, 1, 4, 2, 5, 9, 11, 3])
7079
Vecsmall([4, 8, 12, 16, 3, 7, 11, 15, 2, 6, 10, 14, 1, 5, 9, 13])
7103
Vecsmall([2, 1, 6, 8, 10, 3, 12, 4, 13, 5, 14, 7, 9, 11, 16, 15])
7109
Vecsmall([7, 5, 1, 6, 4, 15, 8, 14, 3, 9, 2, 13, 11, 16, 12, 10])
7121
Vecsmall([16, 15, 14, 13, 12, 11, 10, 9, 8, 7, 6, 5, 4, 3, 2, 1])
7127
Vecsmall([4, 8, 12, 16, 3, 7, 11, 15, 2, 6, 10, 14, 1, 5, 9, 13])
7129
Vecsmall([9, 13, 10, 2, 11, 5, 3, 1, 16, 14, 12, 6, 15, 7, 4, 8])
7151
Vecsmall([2, 1, 6, 8, 10, 3, 12, 4, 13, 5, 14, 7, 9, 11, 16, 15])
7159
Vecsmall([13, 9, 5, 1, 14, 10, 6, 2, 15, 11, 7, 3, 16, 12, 8, 4])
7177
Vecsmall([9, 13, 10, 2, 11, 5, 3, 1, 16, 14, 12, 6, 15, 7, 4, 8])
7187
Vecsmall([6, 14, 13, 10, 1, 8, 2, 12, 5, 15, 9, 16, 7, 4, 3, 11])
7193
Vecsmall([8, 4, 7, 15, 6, 12, 14, 16, 1, 3, 5, 11, 2, 10, 13, 9])
7207
Vecsmall([4, 8, 12, 16, 3, 7, 11, 15, 2, 6, 10, 14, 1, 5, 9, 13])
7211
Vecsmall([5, 7, 15, 14, 9, 1, 13, 6, 11, 4, 16, 8, 3, 2, 10, 12])
7213
Vecsmall([3, 11, 9, 5, 2, 4, 1, 7, 10, 16, 13, 15, 12, 8, 6, 14])
7219
Vecsmall([6, 14, 13, 10, 1, 8, 2, 12, 5, 15, 9, 16, 7, 4, 3, 11])
7229
Vecsmall([3, 11, 9, 5, 2, 4, 1, 7, 10, 16, 13, 15, 12, 8, 6, 14])
7237
Vecsmall([7, 5, 1, 6, 4, 15, 8, 14, 3, 9, 2, 13, 11, 16, 12, 10])
7243
Vecsmall([5, 7, 15, 14, 9, 1, 13, 6, 11, 4, 16, 8, 3, 2, 10, 12])
7247
Vecsmall([2, 1, 6, 8, 10, 3, 12, 4, 13, 5, 14, 7, 9, 11, 16, 15])
7253
Vecsmall([7, 5, 1, 6, 4, 15, 8, 14, 3, 9, 2, 13, 11, 16, 12, 10])
7283
Vecsmall([6, 14, 13, 10, 1, 8, 2, 12, 5, 15, 9, 16, 7, 4, 3, 11])
7297
Vecsmall([16, 15, 14, 13, 12, 11, 10, 9, 8, 7, 6, 5, 4, 3, 2, 1])
7307
Vecsmall([12, 10, 2, 3, 8, 16, 4, 11, 6, 13, 1, 9, 14, 15, 7, 5])
7309
Vecsmall([14, 6, 8, 12, 15, 13, 16, 10, 7, 1, 4, 2, 5, 9, 11, 3])
7321
Vecsmall([8, 4, 7, 15, 6, 12, 14, 16, 1, 3, 5, 11, 2, 10, 13, 9])
7331
Vecsmall([6, 14, 13, 10, 1, 8, 2, 12, 5, 15, 9, 16, 7, 4, 3, 11])
7333
Vecsmall([10, 12, 16, 11, 13, 2, 9, 3, 14, 8, 15, 4, 6, 1, 5, 7])
7349
Vecsmall([10, 12, 16, 11, 13, 2, 9, 3, 14, 8, 15, 4, 6, 1, 5, 7])
7351
Vecsmall([13, 9, 5, 1, 14, 10, 6, 2, 15, 11, 7, 3, 16, 12, 8, 4])
7369
Vecsmall([9, 13, 10, 2, 11, 5, 3, 1, 16, 14, 12, 6, 15, 7, 4, 8])
7393
Vecsmall([1, 2, 3, 4, 5, 6, 7, 8, 9, 10, 11, 12, 13, 14, 15, 16])
7411
Vecsmall([6, 14, 13, 10, 1, 8, 2, 12, 5, 15, 9, 16, 7, 4, 3, 11])
7417
Vecsmall([8, 4, 7, 15, 6, 12, 14, 16, 1, 3, 5, 11, 2, 10, 13, 9])
7433
Vecsmall([9, 13, 10, 2, 11, 5, 3, 1, 16, 14, 12, 6, 15, 7, 4, 8])
7451
Vecsmall([5, 7, 15, 14, 9, 1, 13, 6, 11, 4, 16, 8, 3, 2, 10, 12])
7457
Vecsmall([16, 15, 14, 13, 12, 11, 10, 9, 8, 7, 6, 5, 4, 3, 2, 1])
7459
Vecsmall([6, 14, 13, 10, 1, 8, 2, 12, 5, 15, 9, 16, 7, 4, 3, 11])
7477
Vecsmall([7, 5, 1, 6, 4, 15, 8, 14, 3, 9, 2, 13, 11, 16, 12, 10])
7481
Vecsmall([9, 13, 10, 2, 11, 5, 3, 1, 16, 14, 12, 6, 15, 7, 4, 8])
7487
Vecsmall([2, 1, 6, 8, 10, 3, 12, 4, 13, 5, 14, 7, 9, 11, 16, 15])
7489
Vecsmall([1, 2, 3, 4, 5, 6, 7, 8, 9, 10, 11, 12, 13, 14, 15, 16])
7499
Vecsmall([12, 10, 2, 3, 8, 16, 4, 11, 6, 13, 1, 9, 14, 15, 7, 5])
7507
Vecsmall([11, 3, 4, 7, 16, 9, 15, 5, 12, 2, 8, 1, 10, 13, 14, 6])
7517
Vecsmall([14, 6, 8, 12, 15, 13, 16, 10, 7, 1, 4, 2, 5, 9, 11, 3])
7523
Vecsmall([6, 14, 13, 10, 1, 8, 2, 12, 5, 15, 9, 16, 7, 4, 3, 11])
7529
Vecsmall([8, 4, 7, 15, 6, 12, 14, 16, 1, 3, 5, 11, 2, 10, 13, 9])
7537
Vecsmall([1, 2, 3, 4, 5, 6, 7, 8, 9, 10, 11, 12, 13, 14, 15, 16])
7541
Vecsmall([7, 5, 1, 6, 4, 15, 8, 14, 3, 9, 2, 13, 11, 16, 12, 10])
7547
Vecsmall([12, 10, 2, 3, 8, 16, 4, 11, 6, 13, 1, 9, 14, 15, 7, 5])
7549
Vecsmall([14, 6, 8, 12, 15, 13, 16, 10, 7, 1, 4, 2, 5, 9, 11, 3])
7559
Vecsmall([13, 9, 5, 1, 14, 10, 6, 2, 15, 11, 7, 3, 16, 12, 8, 4])
7561
Vecsmall([9, 13, 10, 2, 11, 5, 3, 1, 16, 14, 12, 6, 15, 7, 4, 8])
7573
Vecsmall([7, 5, 1, 6, 4, 15, 8, 14, 3, 9, 2, 13, 11, 16, 12, 10])
7577
Vecsmall([9, 13, 10, 2, 11, 5, 3, 1, 16, 14, 12, 6, 15, 7, 4, 8])
7583
Vecsmall([2, 1, 6, 8, 10, 3, 12, 4, 13, 5, 14, 7, 9, 11, 16, 15])
7589
Vecsmall([10, 12, 16, 11, 13, 2, 9, 3, 14, 8, 15, 4, 6, 1, 5, 7])
7591
Vecsmall([13, 9, 5, 1, 14, 10, 6, 2, 15, 11, 7, 3, 16, 12, 8, 4])
7603
Vecsmall([11, 3, 4, 7, 16, 9, 15, 5, 12, 2, 8, 1, 10, 13, 14, 6])
7607
Vecsmall([13, 9, 5, 1, 14, 10, 6, 2, 15, 11, 7, 3, 16, 12, 8, 4])
7621
Vecsmall([7, 5, 1, 6, 4, 15, 8, 14, 3, 9, 2, 13, 11, 16, 12, 10])
7639
Vecsmall([4, 8, 12, 16, 3, 7, 11, 15, 2, 6, 10, 14, 1, 5, 9, 13])
7643
Vecsmall([5, 7, 15, 14, 9, 1, 13, 6, 11, 4, 16, 8, 3, 2, 10, 12])
7649
Vecsmall([16, 15, 14, 13, 12, 11, 10, 9, 8, 7, 6, 5, 4, 3, 2, 1])
7669
Vecsmall([7, 5, 1, 6, 4, 15, 8, 14, 3, 9, 2, 13, 11, 16, 12, 10])
7673
Vecsmall([8, 4, 7, 15, 6, 12, 14, 16, 1, 3, 5, 11, 2, 10, 13, 9])
7681
Vecsmall([16, 15, 14, 13, 12, 11, 10, 9, 8, 7, 6, 5, 4, 3, 2, 1])
7687
Vecsmall([4, 8, 12, 16, 3, 7, 11, 15, 2, 6, 10, 14, 1, 5, 9, 13])
7691
Vecsmall([12, 10, 2, 3, 8, 16, 4, 11, 6, 13, 1, 9, 14, 15, 7, 5])
7699
Vecsmall([6, 14, 13, 10, 1, 8, 2, 12, 5, 15, 9, 16, 7, 4, 3, 11])
7703
Vecsmall([13, 9, 5, 1, 14, 10, 6, 2, 15, 11, 7, 3, 16, 12, 8, 4])
7717
Vecsmall([7, 5, 1, 6, 4, 15, 8, 14, 3, 9, 2, 13, 11, 16, 12, 10])
7723
Vecsmall([12, 10, 2, 3, 8, 16, 4, 11, 6, 13, 1, 9, 14, 15, 7, 5])
7727
Vecsmall([2, 1, 6, 8, 10, 3, 12, 4, 13, 5, 14, 7, 9, 11, 16, 15])
7741
Vecsmall([3, 11, 9, 5, 2, 4, 1, 7, 10, 16, 13, 15, 12, 8, 6, 14])
7753
Vecsmall([8, 4, 7, 15, 6, 12, 14, 16, 1, 3, 5, 11, 2, 10, 13, 9])
7757
Vecsmall([3, 11, 9, 5, 2, 4, 1, 7, 10, 16, 13, 15, 12, 8, 6, 14])
7759
Vecsmall([2, 1, 6, 8, 10, 3, 12, 4, 13, 5, 14, 7, 9, 11, 16, 15])
7789
Vecsmall([14, 6, 8, 12, 15, 13, 16, 10, 7, 1, 4, 2, 5, 9, 11, 3])
7793
Vecsmall([16, 15, 14, 13, 12, 11, 10, 9, 8, 7, 6, 5, 4, 3, 2, 1])
7817
Vecsmall([8, 4, 7, 15, 6, 12, 14, 16, 1, 3, 5, 11, 2, 10, 13, 9])
7823
Vecsmall([2, 1, 6, 8, 10, 3, 12, 4, 13, 5, 14, 7, 9, 11, 16, 15])
7829
Vecsmall([7, 5, 1, 6, 4, 15, 8, 14, 3, 9, 2, 13, 11, 16, 12, 10])
7841
Vecsmall([1, 2, 3, 4, 5, 6, 7, 8, 9, 10, 11, 12, 13, 14, 15, 16])
7853
Vecsmall([3, 11, 9, 5, 2, 4, 1, 7, 10, 16, 13, 15, 12, 8, 6, 14])
7867
Vecsmall([5, 7, 15, 14, 9, 1, 13, 6, 11, 4, 16, 8, 3, 2, 10, 12])
7873
Vecsmall([16, 15, 14, 13, 12, 11, 10, 9, 8, 7, 6, 5, 4, 3, 2, 1])
7877
Vecsmall([10, 12, 16, 11, 13, 2, 9, 3, 14, 8, 15, 4, 6, 1, 5, 7])
7879
Vecsmall([4, 8, 12, 16, 3, 7, 11, 15, 2, 6, 10, 14, 1, 5, 9, 13])
7883
Vecsmall([12, 10, 2, 3, 8, 16, 4, 11, 6, 13, 1, 9, 14, 15, 7, 5])
7901
Vecsmall([3, 11, 9, 5, 2, 4, 1, 7, 10, 16, 13, 15, 12, 8, 6, 14])
7907
Vecsmall([11, 3, 4, 7, 16, 9, 15, 5, 12, 2, 8, 1, 10, 13, 14, 6])
7919
Vecsmall([2, 1, 6, 8, 10, 3, 12, 4, 13, 5, 14, 7, 9, 11, 16, 15])
7927
Vecsmall([13, 9, 5, 1, 14, 10, 6, 2, 15, 11, 7, 3, 16, 12, 8, 4])
7933
Vecsmall([14, 6, 8, 12, 15, 13, 16, 10, 7, 1, 4, 2, 5, 9, 11, 3])
7937
Vecsmall([16, 15, 14, 13, 12, 11, 10, 9, 8, 7, 6, 5, 4, 3, 2, 1])
7949
Vecsmall([14, 6, 8, 12, 15, 13, 16, 10, 7, 1, 4, 2, 5, 9, 11, 3])
7951
Vecsmall([2, 1, 6, 8, 10, 3, 12, 4, 13, 5, 14, 7, 9, 11, 16, 15])
7963
Vecsmall([12, 10, 2, 3, 8, 16, 4, 11, 6, 13, 1, 9, 14, 15, 7, 5])
7993
Vecsmall([9, 13, 10, 2, 11, 5, 3, 1, 16, 14, 12, 6, 15, 7, 4, 8])
8009
Vecsmall([9, 13, 10, 2, 11, 5, 3, 1, 16, 14, 12, 6, 15, 7, 4, 8])
8011
Vecsmall([5, 7, 15, 14, 9, 1, 13, 6, 11, 4, 16, 8, 3, 2, 10, 12])
8017
Vecsmall([1, 2, 3, 4, 5, 6, 7, 8, 9, 10, 11, 12, 13, 14, 15, 16])
8039
Vecsmall([4, 8, 12, 16, 3, 7, 11, 15, 2, 6, 10, 14, 1, 5, 9, 13])
8053
Vecsmall([7, 5, 1, 6, 4, 15, 8, 14, 3, 9, 2, 13, 11, 16, 12, 10])
8059
Vecsmall([12, 10, 2, 3, 8, 16, 4, 11, 6, 13, 1, 9, 14, 15, 7, 5])
8069
Vecsmall([10, 12, 16, 11, 13, 2, 9, 3, 14, 8, 15, 4, 6, 1, 5, 7])
8081
Vecsmall([16, 15, 14, 13, 12, 11, 10, 9, 8, 7, 6, 5, 4, 3, 2, 1])
8087
Vecsmall([13, 9, 5, 1, 14, 10, 6, 2, 15, 11, 7, 3, 16, 12, 8, 4])
8089
Vecsmall([8, 4, 7, 15, 6, 12, 14, 16, 1, 3, 5, 11, 2, 10, 13, 9])
8093
Vecsmall([3, 11, 9, 5, 2, 4, 1, 7, 10, 16, 13, 15, 12, 8, 6, 14])
8101
Vecsmall([7, 5, 1, 6, 4, 15, 8, 14, 3, 9, 2, 13, 11, 16, 12, 10])
8111
Vecsmall([2, 1, 6, 8, 10, 3, 12, 4, 13, 5, 14, 7, 9, 11, 16, 15])
8117
Vecsmall([10, 12, 16, 11, 13, 2, 9, 3, 14, 8, 15, 4, 6, 1, 5, 7])
8123
Vecsmall([5, 7, 15, 14, 9, 1, 13, 6, 11, 4, 16, 8, 3, 2, 10, 12])
8147
Vecsmall([6, 14, 13, 10, 1, 8, 2, 12, 5, 15, 9, 16, 7, 4, 3, 11])
8161
Vecsmall([1, 2, 3, 4, 5, 6, 7, 8, 9, 10, 11, 12, 13, 14, 15, 16])
8167
Vecsmall([13, 9, 5, 1, 14, 10, 6, 2, 15, 11, 7, 3, 16, 12, 8, 4])
8171
Vecsmall([5, 7, 15, 14, 9, 1, 13, 6, 11, 4, 16, 8, 3, 2, 10, 12])
8179
Vecsmall([11, 3, 4, 7, 16, 9, 15, 5, 12, 2, 8, 1, 10, 13, 14, 6])
8191
Vecsmall([2, 1, 6, 8, 10, 3, 12, 4, 13, 5, 14, 7, 9, 11, 16, 15])
8209
Vecsmall([16, 15, 14, 13, 12, 11, 10, 9, 8, 7, 6, 5, 4, 3, 2, 1])
8219
Vecsmall([5, 7, 15, 14, 9, 1, 13, 6, 11, 4, 16, 8, 3, 2, 10, 12])
8221
Vecsmall([14, 6, 8, 12, 15, 13, 16, 10, 7, 1, 4, 2, 5, 9, 11, 3])
8231
Vecsmall([4, 8, 12, 16, 3, 7, 11, 15, 2, 6, 10, 14, 1, 5, 9, 13])
8233
Vecsmall([8, 4, 7, 15, 6, 12, 14, 16, 1, 3, 5, 11, 2, 10, 13, 9])
8237
Vecsmall([3, 11, 9, 5, 2, 4, 1, 7, 10, 16, 13, 15, 12, 8, 6, 14])
8243
Vecsmall([6, 14, 13, 10, 1, 8, 2, 12, 5, 15, 9, 16, 7, 4, 3, 11])
8263
Vecsmall([4, 8, 12, 16, 3, 7, 11, 15, 2, 6, 10, 14, 1, 5, 9, 13])
8269
Vecsmall([14, 6, 8, 12, 15, 13, 16, 10, 7, 1, 4, 2, 5, 9, 11, 3])
8273
Vecsmall([16, 15, 14, 13, 12, 11, 10, 9, 8, 7, 6, 5, 4, 3, 2, 1])
8287
Vecsmall([2, 1, 6, 8, 10, 3, 12, 4, 13, 5, 14, 7, 9, 11, 16, 15])
8291
Vecsmall([11, 3, 4, 7, 16, 9, 15, 5, 12, 2, 8, 1, 10, 13, 14, 6])
8293
Vecsmall([7, 5, 1, 6, 4, 15, 8, 14, 3, 9, 2, 13, 11, 16, 12, 10])
8297
Vecsmall([9, 13, 10, 2, 11, 5, 3, 1, 16, 14, 12, 6, 15, 7, 4, 8])
8311
Vecsmall([13, 9, 5, 1, 14, 10, 6, 2, 15, 11, 7, 3, 16, 12, 8, 4])
8317
Vecsmall([14, 6, 8, 12, 15, 13, 16, 10, 7, 1, 4, 2, 5, 9, 11, 3])
8329
Vecsmall([9, 13, 10, 2, 11, 5, 3, 1, 16, 14, 12, 6, 15, 7, 4, 8])
8353
Vecsmall([16, 15, 14, 13, 12, 11, 10, 9, 8, 7, 6, 5, 4, 3, 2, 1])
8363
Vecsmall([12, 10, 2, 3, 8, 16, 4, 11, 6, 13, 1, 9, 14, 15, 7, 5])
8369
Vecsmall([16, 15, 14, 13, 12, 11, 10, 9, 8, 7, 6, 5, 4, 3, 2, 1])
8377
Vecsmall([8, 4, 7, 15, 6, 12, 14, 16, 1, 3, 5, 11, 2, 10, 13, 9])
8387
Vecsmall([11, 3, 4, 7, 16, 9, 15, 5, 12, 2, 8, 1, 10, 13, 14, 6])
8389
Vecsmall([7, 5, 1, 6, 4, 15, 8, 14, 3, 9, 2, 13, 11, 16, 12, 10])
8419
Vecsmall([11, 3, 4, 7, 16, 9, 15, 5, 12, 2, 8, 1, 10, 13, 14, 6])
8423
Vecsmall([4, 8, 12, 16, 3, 7, 11, 15, 2, 6, 10, 14, 1, 5, 9, 13])
8429
Vecsmall([14, 6, 8, 12, 15, 13, 16, 10, 7, 1, 4, 2, 5, 9, 11, 3])
8431
Vecsmall([2, 1, 6, 8, 10, 3, 12, 4, 13, 5, 14, 7, 9, 11, 16, 15])
8443
Vecsmall([5, 7, 15, 14, 9, 1, 13, 6, 11, 4, 16, 8, 3, 2, 10, 12])
8447
Vecsmall([2, 1, 6, 8, 10, 3, 12, 4, 13, 5, 14, 7, 9, 11, 16, 15])
8461
Vecsmall([14, 6, 8, 12, 15, 13, 16, 10, 7, 1, 4, 2, 5, 9, 11, 3])
8467
Vecsmall([11, 3, 4, 7, 16, 9, 15, 5, 12, 2, 8, 1, 10, 13, 14, 6])
8501
Vecsmall([7, 5, 1, 6, 4, 15, 8, 14, 3, 9, 2, 13, 11, 16, 12, 10])
8513
Vecsmall([16, 15, 14, 13, 12, 11, 10, 9, 8, 7, 6, 5, 4, 3, 2, 1])
8521
Vecsmall([9, 13, 10, 2, 11, 5, 3, 1, 16, 14, 12, 6, 15, 7, 4, 8])
8527
Vecsmall([2, 1, 6, 8, 10, 3, 12, 4, 13, 5, 14, 7, 9, 11, 16, 15])
8537
Vecsmall([9, 13, 10, 2, 11, 5, 3, 1, 16, 14, 12, 6, 15, 7, 4, 8])
8539
Vecsmall([12, 10, 2, 3, 8, 16, 4, 11, 6, 13, 1, 9, 14, 15, 7, 5])
8543
Vecsmall([2, 1, 6, 8, 10, 3, 12, 4, 13, 5, 14, 7, 9, 11, 16, 15])
8563
Vecsmall([6, 14, 13, 10, 1, 8, 2, 12, 5, 15, 9, 16, 7, 4, 3, 11])
8573
Vecsmall([14, 6, 8, 12, 15, 13, 16, 10, 7, 1, 4, 2, 5, 9, 11, 3])
8581
Vecsmall([10, 12, 16, 11, 13, 2, 9, 3, 14, 8, 15, 4, 6, 1, 5, 7])
8597
Vecsmall([7, 5, 1, 6, 4, 15, 8, 14, 3, 9, 2, 13, 11, 16, 12, 10])
8599
Vecsmall([4, 8, 12, 16, 3, 7, 11, 15, 2, 6, 10, 14, 1, 5, 9, 13])
8609
Vecsmall([1, 2, 3, 4, 5, 6, 7, 8, 9, 10, 11, 12, 13, 14, 15, 16])
8623
Vecsmall([2, 1, 6, 8, 10, 3, 12, 4, 13, 5, 14, 7, 9, 11, 16, 15])
8627
Vecsmall([6, 14, 13, 10, 1, 8, 2, 12, 5, 15, 9, 16, 7, 4, 3, 11])
8629
Vecsmall([10, 12, 16, 11, 13, 2, 9, 3, 14, 8, 15, 4, 6, 1, 5, 7])
8641
Vecsmall([16, 15, 14, 13, 12, 11, 10, 9, 8, 7, 6, 5, 4, 3, 2, 1])
8647
Vecsmall([13, 9, 5, 1, 14, 10, 6, 2, 15, 11, 7, 3, 16, 12, 8, 4])
8663
Vecsmall([13, 9, 5, 1, 14, 10, 6, 2, 15, 11, 7, 3, 16, 12, 8, 4])
8669
Vecsmall([14, 6, 8, 12, 15, 13, 16, 10, 7, 1, 4, 2, 5, 9, 11, 3])
8677
Vecsmall([7, 5, 1, 6, 4, 15, 8, 14, 3, 9, 2, 13, 11, 16, 12, 10])
8681
Vecsmall([9, 13, 10, 2, 11, 5, 3, 1, 16, 14, 12, 6, 15, 7, 4, 8])
8689
Vecsmall([1, 2, 3, 4, 5, 6, 7, 8, 9, 10, 11, 12, 13, 14, 15, 16])
8693
Vecsmall([7, 5, 1, 6, 4, 15, 8, 14, 3, 9, 2, 13, 11, 16, 12, 10])
8699
Vecsmall([12, 10, 2, 3, 8, 16, 4, 11, 6, 13, 1, 9, 14, 15, 7, 5])
8707
Vecsmall([11, 3, 4, 7, 16, 9, 15, 5, 12, 2, 8, 1, 10, 13, 14, 6])
8713
Vecsmall([8, 4, 7, 15, 6, 12, 14, 16, 1, 3, 5, 11, 2, 10, 13, 9])
8719
Vecsmall([2, 1, 6, 8, 10, 3, 12, 4, 13, 5, 14, 7, 9, 11, 16, 15])
8731
Vecsmall([12, 10, 2, 3, 8, 16, 4, 11, 6, 13, 1, 9, 14, 15, 7, 5])
8737
Vecsmall([16, 15, 14, 13, 12, 11, 10, 9, 8, 7, 6, 5, 4, 3, 2, 1])
8741
Vecsmall([7, 5, 1, 6, 4, 15, 8, 14, 3, 9, 2, 13, 11, 16, 12, 10])
8747
Vecsmall([5, 7, 15, 14, 9, 1, 13, 6, 11, 4, 16, 8, 3, 2, 10, 12])
8753
Vecsmall([1, 2, 3, 4, 5, 6, 7, 8, 9, 10, 11, 12, 13, 14, 15, 16])
8761
Vecsmall([9, 13, 10, 2, 11, 5, 3, 1, 16, 14, 12, 6, 15, 7, 4, 8])
8779
Vecsmall([12, 10, 2, 3, 8, 16, 4, 11, 6, 13, 1, 9, 14, 15, 7, 5])
8783
Vecsmall([2, 1, 6, 8, 10, 3, 12, 4, 13, 5, 14, 7, 9, 11, 16, 15])
8803
Vecsmall([11, 3, 4, 7, 16, 9, 15, 5, 12, 2, 8, 1, 10, 13, 14, 6])
8807
Vecsmall([13, 9, 5, 1, 14, 10, 6, 2, 15, 11, 7, 3, 16, 12, 8, 4])
8819
Vecsmall([6, 14, 13, 10, 1, 8, 2, 12, 5, 15, 9, 16, 7, 4, 3, 11])
8821
Vecsmall([10, 12, 16, 11, 13, 2, 9, 3, 14, 8, 15, 4, 6, 1, 5, 7])
8831
Vecsmall([2, 1, 6, 8, 10, 3, 12, 4, 13, 5, 14, 7, 9, 11, 16, 15])
8837
Vecsmall([10, 12, 16, 11, 13, 2, 9, 3, 14, 8, 15, 4, 6, 1, 5, 7])
8839
Vecsmall([4, 8, 12, 16, 3, 7, 11, 15, 2, 6, 10, 14, 1, 5, 9, 13])
8849
Vecsmall([1, 2, 3, 4, 5, 6, 7, 8, 9, 10, 11, 12, 13, 14, 15, 16])
8861
Vecsmall([3, 11, 9, 5, 2, 4, 1, 7, 10, 16, 13, 15, 12, 8, 6, 14])
8863
Vecsmall([2, 1, 6, 8, 10, 3, 12, 4, 13, 5, 14, 7, 9, 11, 16, 15])
8867
Vecsmall([11, 3, 4, 7, 16, 9, 15, 5, 12, 2, 8, 1, 10, 13, 14, 6])
8887
Vecsmall([13, 9, 5, 1, 14, 10, 6, 2, 15, 11, 7, 3, 16, 12, 8, 4])
8893
Vecsmall([3, 11, 9, 5, 2, 4, 1, 7, 10, 16, 13, 15, 12, 8, 6, 14])
8923
Vecsmall([12, 10, 2, 3, 8, 16, 4, 11, 6, 13, 1, 9, 14, 15, 7, 5])
8929
Vecsmall([16, 15, 14, 13, 12, 11, 10, 9, 8, 7, 6, 5, 4, 3, 2, 1])
8933
Vecsmall([10, 12, 16, 11, 13, 2, 9, 3, 14, 8, 15, 4, 6, 1, 5, 7])
8941
Vecsmall([3, 11, 9, 5, 2, 4, 1, 7, 10, 16, 13, 15, 12, 8, 6, 14])
8951
Vecsmall([13, 9, 5, 1, 14, 10, 6, 2, 15, 11, 7, 3, 16, 12, 8, 4])
8963
Vecsmall([11, 3, 4, 7, 16, 9, 15, 5, 12, 2, 8, 1, 10, 13, 14, 6])
8969
Vecsmall([8, 4, 7, 15, 6, 12, 14, 16, 1, 3, 5, 11, 2, 10, 13, 9])
8971
Vecsmall([5, 7, 15, 14, 9, 1, 13, 6, 11, 4, 16, 8, 3, 2, 10, 12])
8999
Vecsmall([13, 9, 5, 1, 14, 10, 6, 2, 15, 11, 7, 3, 16, 12, 8, 4])
9001
Vecsmall([8, 4, 7, 15, 6, 12, 14, 16, 1, 3, 5, 11, 2, 10, 13, 9])
9007
Vecsmall([2, 1, 6, 8, 10, 3, 12, 4, 13, 5, 14, 7, 9, 11, 16, 15])
9011
Vecsmall([11, 3, 4, 7, 16, 9, 15, 5, 12, 2, 8, 1, 10, 13, 14, 6])
9013
Vecsmall([7, 5, 1, 6, 4, 15, 8, 14, 3, 9, 2, 13, 11, 16, 12, 10])
9029
Vecsmall([10, 12, 16, 11, 13, 2, 9, 3, 14, 8, 15, 4, 6, 1, 5, 7])
9041
Vecsmall([1, 2, 3, 4, 5, 6, 7, 8, 9, 10, 11, 12, 13, 14, 15, 16])
9043
Vecsmall([11, 3, 4, 7, 16, 9, 15, 5, 12, 2, 8, 1, 10, 13, 14, 6])
9049
Vecsmall([8, 4, 7, 15, 6, 12, 14, 16, 1, 3, 5, 11, 2, 10, 13, 9])
9059
Vecsmall([11, 3, 4, 7, 16, 9, 15, 5, 12, 2, 8, 1, 10, 13, 14, 6])
9067
Vecsmall([12, 10, 2, 3, 8, 16, 4, 11, 6, 13, 1, 9, 14, 15, 7, 5])
9091
Vecsmall([11, 3, 4, 7, 16, 9, 15, 5, 12, 2, 8, 1, 10, 13, 14, 6])
9103
Vecsmall([2, 1, 6, 8, 10, 3, 12, 4, 13, 5, 14, 7, 9, 11, 16, 15])
9109
Vecsmall([10, 12, 16, 11, 13, 2, 9, 3, 14, 8, 15, 4, 6, 1, 5, 7])
9127
Vecsmall([13, 9, 5, 1, 14, 10, 6, 2, 15, 11, 7, 3, 16, 12, 8, 4])
9133
Vecsmall([14, 6, 8, 12, 15, 13, 16, 10, 7, 1, 4, 2, 5, 9, 11, 3])
9137
Vecsmall([16, 15, 14, 13, 12, 11, 10, 9, 8, 7, 6, 5, 4, 3, 2, 1])
9151
Vecsmall([2, 1, 6, 8, 10, 3, 12, 4, 13, 5, 14, 7, 9, 11, 16, 15])
9157
Vecsmall([7, 5, 1, 6, 4, 15, 8, 14, 3, 9, 2, 13, 11, 16, 12, 10])
9161
Vecsmall([9, 13, 10, 2, 11, 5, 3, 1, 16, 14, 12, 6, 15, 7, 4, 8])
9173
Vecsmall([7, 5, 1, 6, 4, 15, 8, 14, 3, 9, 2, 13, 11, 16, 12, 10])
9181
Vecsmall([3, 11, 9, 5, 2, 4, 1, 7, 10, 16, 13, 15, 12, 8, 6, 14])
9187
Vecsmall([11, 3, 4, 7, 16, 9, 15, 5, 12, 2, 8, 1, 10, 13, 14, 6])
9199
Vecsmall([2, 1, 6, 8, 10, 3, 12, 4, 13, 5, 14, 7, 9, 11, 16, 15])
9203
Vecsmall([6, 14, 13, 10, 1, 8, 2, 12, 5, 15, 9, 16, 7, 4, 3, 11])
9209
Vecsmall([9, 13, 10, 2, 11, 5, 3, 1, 16, 14, 12, 6, 15, 7, 4, 8])
9221
Vecsmall([10, 12, 16, 11, 13, 2, 9, 3, 14, 8, 15, 4, 6, 1, 5, 7])
9227
Vecsmall([12, 10, 2, 3, 8, 16, 4, 11, 6, 13, 1, 9, 14, 15, 7, 5])
9239
Vecsmall([4, 8, 12, 16, 3, 7, 11, 15, 2, 6, 10, 14, 1, 5, 9, 13])
9241
Vecsmall([9, 13, 10, 2, 11, 5, 3, 1, 16, 14, 12, 6, 15, 7, 4, 8])
9257
Vecsmall([9, 13, 10, 2, 11, 5, 3, 1, 16, 14, 12, 6, 15, 7, 4, 8])
9277
Vecsmall([14, 6, 8, 12, 15, 13, 16, 10, 7, 1, 4, 2, 5, 9, 11, 3])
9281
Vecsmall([1, 2, 3, 4, 5, 6, 7, 8, 9, 10, 11, 12, 13, 14, 15, 16])
9283
Vecsmall([11, 3, 4, 7, 16, 9, 15, 5, 12, 2, 8, 1, 10, 13, 14, 6])
9293
Vecsmall([3, 11, 9, 5, 2, 4, 1, 7, 10, 16, 13, 15, 12, 8, 6, 14])
9311
Vecsmall([2, 1, 6, 8, 10, 3, 12, 4, 13, 5, 14, 7, 9, 11, 16, 15])
9319
Vecsmall([4, 8, 12, 16, 3, 7, 11, 15, 2, 6, 10, 14, 1, 5, 9, 13])
9323
Vecsmall([12, 10, 2, 3, 8, 16, 4, 11, 6, 13, 1, 9, 14, 15, 7, 5])
9337
Vecsmall([9, 13, 10, 2, 11, 5, 3, 1, 16, 14, 12, 6, 15, 7, 4, 8])
9341
Vecsmall([14, 6, 8, 12, 15, 13, 16, 10, 7, 1, 4, 2, 5, 9, 11, 3])
9343
Vecsmall([2, 1, 6, 8, 10, 3, 12, 4, 13, 5, 14, 7, 9, 11, 16, 15])
9349
Vecsmall([10, 12, 16, 11, 13, 2, 9, 3, 14, 8, 15, 4, 6, 1, 5, 7])
9371
Vecsmall([5, 7, 15, 14, 9, 1, 13, 6, 11, 4, 16, 8, 3, 2, 10, 12])
9377
Vecsmall([1, 2, 3, 4, 5, 6, 7, 8, 9, 10, 11, 12, 13, 14, 15, 16])
9391
Vecsmall([2, 1, 6, 8, 10, 3, 12, 4, 13, 5, 14, 7, 9, 11, 16, 15])
9397
Vecsmall([7, 5, 1, 6, 4, 15, 8, 14, 3, 9, 2, 13, 11, 16, 12, 10])
9403
Vecsmall([5, 7, 15, 14, 9, 1, 13, 6, 11, 4, 16, 8, 3, 2, 10, 12])
9413
Vecsmall([7, 5, 1, 6, 4, 15, 8, 14, 3, 9, 2, 13, 11, 16, 12, 10])
9419
Vecsmall([5, 7, 15, 14, 9, 1, 13, 6, 11, 4, 16, 8, 3, 2, 10, 12])
9421
Vecsmall([14, 6, 8, 12, 15, 13, 16, 10, 7, 1, 4, 2, 5, 9, 11, 3])
9431
Vecsmall([13, 9, 5, 1, 14, 10, 6, 2, 15, 11, 7, 3, 16, 12, 8, 4])
9433
Vecsmall([8, 4, 7, 15, 6, 12, 14, 16, 1, 3, 5, 11, 2, 10, 13, 9])
9437
Vecsmall([14, 6, 8, 12, 15, 13, 16, 10, 7, 1, 4, 2, 5, 9, 11, 3])
9439
Vecsmall([2, 1, 6, 8, 10, 3, 12, 4, 13, 5, 14, 7, 9, 11, 16, 15])
9461
Vecsmall([7, 5, 1, 6, 4, 15, 8, 14, 3, 9, 2, 13, 11, 16, 12, 10])
9463
Vecsmall([4, 8, 12, 16, 3, 7, 11, 15, 2, 6, 10, 14, 1, 5, 9, 13])
9467
Vecsmall([5, 7, 15, 14, 9, 1, 13, 6, 11, 4, 16, 8, 3, 2, 10, 12])
9473
Vecsmall([1, 2, 3, 4, 5, 6, 7, 8, 9, 10, 11, 12, 13, 14, 15, 16])
9479
Vecsmall([4, 8, 12, 16, 3, 7, 11, 15, 2, 6, 10, 14, 1, 5, 9, 13])
9491
Vecsmall([6, 14, 13, 10, 1, 8, 2, 12, 5, 15, 9, 16, 7, 4, 3, 11])
9497
Vecsmall([8, 4, 7, 15, 6, 12, 14, 16, 1, 3, 5, 11, 2, 10, 13, 9])
9511
Vecsmall([13, 9, 5, 1, 14, 10, 6, 2, 15, 11, 7, 3, 16, 12, 8, 4])
9521
Vecsmall([16, 15, 14, 13, 12, 11, 10, 9, 8, 7, 6, 5, 4, 3, 2, 1])
9533
Vecsmall([3, 11, 9, 5, 2, 4, 1, 7, 10, 16, 13, 15, 12, 8, 6, 14])
9539
Vecsmall([11, 3, 4, 7, 16, 9, 15, 5, 12, 2, 8, 1, 10, 13, 14, 6])
9547
Vecsmall([12, 10, 2, 3, 8, 16, 4, 11, 6, 13, 1, 9, 14, 15, 7, 5])
9551
Vecsmall([2, 1, 6, 8, 10, 3, 12, 4, 13, 5, 14, 7, 9, 11, 16, 15])
9587
Vecsmall([6, 14, 13, 10, 1, 8, 2, 12, 5, 15, 9, 16, 7, 4, 3, 11])
9601
Vecsmall([1, 2, 3, 4, 5, 6, 7, 8, 9, 10, 11, 12, 13, 14, 15, 16])
9613
Vecsmall([3, 11, 9, 5, 2, 4, 1, 7, 10, 16, 13, 15, 12, 8, 6, 14])
9619
Vecsmall([6, 14, 13, 10, 1, 8, 2, 12, 5, 15, 9, 16, 7, 4, 3, 11])
9623
Vecsmall([4, 8, 12, 16, 3, 7, 11, 15, 2, 6, 10, 14, 1, 5, 9, 13])
9629
Vecsmall([3, 11, 9, 5, 2, 4, 1, 7, 10, 16, 13, 15, 12, 8, 6, 14])
9631
Vecsmall([2, 1, 6, 8, 10, 3, 12, 4, 13, 5, 14, 7, 9, 11, 16, 15])
9643
Vecsmall([5, 7, 15, 14, 9, 1, 13, 6, 11, 4, 16, 8, 3, 2, 10, 12])
9649
Vecsmall([16, 15, 14, 13, 12, 11, 10, 9, 8, 7, 6, 5, 4, 3, 2, 1])
9661
Vecsmall([3, 11, 9, 5, 2, 4, 1, 7, 10, 16, 13, 15, 12, 8, 6, 14])
9677
Vecsmall([14, 6, 8, 12, 15, 13, 16, 10, 7, 1, 4, 2, 5, 9, 11, 3])
9679
Vecsmall([2, 1, 6, 8, 10, 3, 12, 4, 13, 5, 14, 7, 9, 11, 16, 15])
9689
Vecsmall([8, 4, 7, 15, 6, 12, 14, 16, 1, 3, 5, 11, 2, 10, 13, 9])
9697
Vecsmall([1, 2, 3, 4, 5, 6, 7, 8, 9, 10, 11, 12, 13, 14, 15, 16])
9719
Vecsmall([13, 9, 5, 1, 14, 10, 6, 2, 15, 11, 7, 3, 16, 12, 8, 4])
9721
Vecsmall([9, 13, 10, 2, 11, 5, 3, 1, 16, 14, 12, 6, 15, 7, 4, 8])
9733
Vecsmall([10, 12, 16, 11, 13, 2, 9, 3, 14, 8, 15, 4, 6, 1, 5, 7])
9739
Vecsmall([5, 7, 15, 14, 9, 1, 13, 6, 11, 4, 16, 8, 3, 2, 10, 12])
9743
Vecsmall([2, 1, 6, 8, 10, 3, 12, 4, 13, 5, 14, 7, 9, 11, 16, 15])
9749
Vecsmall([7, 5, 1, 6, 4, 15, 8, 14, 3, 9, 2, 13, 11, 16, 12, 10])
9767
Vecsmall([4, 8, 12, 16, 3, 7, 11, 15, 2, 6, 10, 14, 1, 5, 9, 13])
9769
Vecsmall([8, 4, 7, 15, 6, 12, 14, 16, 1, 3, 5, 11, 2, 10, 13, 9])
9781
Vecsmall([10, 12, 16, 11, 13, 2, 9, 3, 14, 8, 15, 4, 6, 1, 5, 7])
9787
Vecsmall([12, 10, 2, 3, 8, 16, 4, 11, 6, 13, 1, 9, 14, 15, 7, 5])
9791
Vecsmall([2, 1, 6, 8, 10, 3, 12, 4, 13, 5, 14, 7, 9, 11, 16, 15])
9803
Vecsmall([5, 7, 15, 14, 9, 1, 13, 6, 11, 4, 16, 8, 3, 2, 10, 12])
9811
Vecsmall([11, 3, 4, 7, 16, 9, 15, 5, 12, 2, 8, 1, 10, 13, 14, 6])
9817
Vecsmall([8, 4, 7, 15, 6, 12, 14, 16, 1, 3, 5, 11, 2, 10, 13, 9])
9829
Vecsmall([10, 12, 16, 11, 13, 2, 9, 3, 14, 8, 15, 4, 6, 1, 5, 7])
9833
Vecsmall([9, 13, 10, 2, 11, 5, 3, 1, 16, 14, 12, 6, 15, 7, 4, 8])
9839
Vecsmall([2, 1, 6, 8, 10, 3, 12, 4, 13, 5, 14, 7, 9, 11, 16, 15])
9851
Vecsmall([5, 7, 15, 14, 9, 1, 13, 6, 11, 4, 16, 8, 3, 2, 10, 12])
9857
Vecsmall([16, 15, 14, 13, 12, 11, 10, 9, 8, 7, 6, 5, 4, 3, 2, 1])
9859
Vecsmall([11, 3, 4, 7, 16, 9, 15, 5, 12, 2, 8, 1, 10, 13, 14, 6])
9871
Vecsmall([2, 1, 6, 8, 10, 3, 12, 4, 13, 5, 14, 7, 9, 11, 16, 15])
9883
Vecsmall([12, 10, 2, 3, 8, 16, 4, 11, 6, 13, 1, 9, 14, 15, 7, 5])
9887
Vecsmall([2, 1, 6, 8, 10, 3, 12, 4, 13, 5, 14, 7, 9, 11, 16, 15])
9901
Vecsmall([14, 6, 8, 12, 15, 13, 16, 10, 7, 1, 4, 2, 5, 9, 11, 3])
9907
Vecsmall([11, 3, 4, 7, 16, 9, 15, 5, 12, 2, 8, 1, 10, 13, 14, 6])
9923
Vecsmall([6, 14, 13, 10, 1, 8, 2, 12, 5, 15, 9, 16, 7, 4, 3, 11])
9929
Vecsmall([9, 13, 10, 2, 11, 5, 3, 1, 16, 14, 12, 6, 15, 7, 4, 8])
9931
Vecsmall([12, 10, 2, 3, 8, 16, 4, 11, 6, 13, 1, 9, 14, 15, 7, 5])
9941
Vecsmall([10, 12, 16, 11, 13, 2, 9, 3, 14, 8, 15, 4, 6, 1, 5, 7])
9949
Vecsmall([3, 11, 9, 5, 2, 4, 1, 7, 10, 16, 13, 15, 12, 8, 6, 14])
9967
Vecsmall([2, 1, 6, 8, 10, 3, 12, 4, 13, 5, 14, 7, 9, 11, 16, 15])
9973
Vecsmall([7, 5, 1, 6, 4, 15, 8, 14, 3, 9, 2, 13, 11, 16, 12, 10])
