Galois identify
[16, 6]


Galois conjug classes
[[Vecsmall([1, 2, 3, 4, 5, 6, 7, 8, 9, 10, 11, 12, 13, 14, 15, 16])], [Vecsmall([15, 16, 11, 9, 7, 14, 5, 13, 4, 12, 3, 10, 8, 6, 1, 2]), Vecsmall([2, 1, 6, 8, 10, 3, 12, 4, 13, 5, 14, 7, 9, 11, 16, 15])], [Vecsmall([14, 6, 8, 12, 15, 13, 16, 10, 7, 1, 4, 2, 5, 9, 11, 3]), Vecsmall([3, 11, 9, 5, 2, 4, 1, 7, 10, 16, 13, 15, 12, 8, 6, 14])], [Vecsmall([13, 9, 5, 1, 14, 10, 6, 2, 15, 11, 7, 3, 16, 12, 8, 4]), Vecsmall([4, 8, 12, 16, 3, 7, 11, 15, 2, 6, 10, 14, 1, 5, 9, 13])], [Vecsmall([12, 10, 2, 3, 8, 16, 4, 11, 6, 13, 1, 9, 14, 15, 7, 5]), Vecsmall([5, 7, 15, 14, 9, 1, 13, 6, 11, 4, 16, 8, 3, 2, 10, 12])], [Vecsmall([11, 3, 4, 7, 16, 9, 15, 5, 12, 2, 8, 1, 10, 13, 14, 6]), Vecsmall([6, 14, 13, 10, 1, 8, 2, 12, 5, 15, 9, 16, 7, 4, 3, 11])], [Vecsmall([10, 12, 16, 11, 13, 2, 9, 3, 14, 8, 15, 4, 6, 1, 5, 7]), Vecsmall([7, 5, 1, 6, 4, 15, 8, 14, 3, 9, 2, 13, 11, 16, 12, 10])], [Vecsmall([8, 4, 7, 15, 6, 12, 14, 16, 1, 3, 5, 11, 2, 10, 13, 9])], [Vecsmall([9, 13, 10, 2, 11, 5, 3, 1, 16, 14, 12, 6, 15, 7, 4, 8])], [Vecsmall([16, 15, 14, 13, 12, 11, 10, 9, 8, 7, 6, 5, 4, 3, 2, 1])]]


3
Vecsmall([6, 14, 13, 10, 1, 8, 2, 12, 5, 15, 9, 16, 7, 4, 3, 11])
5
Vecsmall([7, 5, 1, 6, 4, 15, 8, 14, 3, 9, 2, 13, 11, 16, 12, 10])
7
Vecsmall([13, 9, 5, 1, 14, 10, 6, 2, 15, 11, 7, 3, 16, 12, 8, 4])
11
Vecsmall([5, 7, 15, 14, 9, 1, 13, 6, 11, 4, 16, 8, 3, 2, 10, 12])
13
Vecsmall([3, 11, 9, 5, 2, 4, 1, 7, 10, 16, 13, 15, 12, 8, 6, 14])
17
Vecsmall([1, 2, 3, 4, 5, 6, 7, 8, 9, 10, 11, 12, 13, 14, 15, 16])
19
Vecsmall([6, 14, 13, 10, 1, 8, 2, 12, 5, 15, 9, 16, 7, 4, 3, 11])
23
Vecsmall([13, 9, 5, 1, 14, 10, 6, 2, 15, 11, 7, 3, 16, 12, 8, 4])
29
Vecsmall([14, 6, 8, 12, 15, 13, 16, 10, 7, 1, 4, 2, 5, 9, 11, 3])
31
Vecsmall([2, 1, 6, 8, 10, 3, 12, 4, 13, 5, 14, 7, 9, 11, 16, 15])
37
Vecsmall([7, 5, 1, 6, 4, 15, 8, 14, 3, 9, 2, 13, 11, 16, 12, 10])
41
Vecsmall([9, 13, 10, 2, 11, 5, 3, 1, 16, 14, 12, 6, 15, 7, 4, 8])
43
Vecsmall([5, 7, 15, 14, 9, 1, 13, 6, 11, 4, 16, 8, 3, 2, 10, 12])
47
Vecsmall([2, 1, 6, 8, 10, 3, 12, 4, 13, 5, 14, 7, 9, 11, 16, 15])
53
Vecsmall([10, 12, 16, 11, 13, 2, 9, 3, 14, 8, 15, 4, 6, 1, 5, 7])
59
Vecsmall([5, 7, 15, 14, 9, 1, 13, 6, 11, 4, 16, 8, 3, 2, 10, 12])
61
Vecsmall([14, 6, 8, 12, 15, 13, 16, 10, 7, 1, 4, 2, 5, 9, 11, 3])
67
Vecsmall([6, 14, 13, 10, 1, 8, 2, 12, 5, 15, 9, 16, 7, 4, 3, 11])
71
Vecsmall([4, 8, 12, 16, 3, 7, 11, 15, 2, 6, 10, 14, 1, 5, 9, 13])
73
Vecsmall([8, 4, 7, 15, 6, 12, 14, 16, 1, 3, 5, 11, 2, 10, 13, 9])
79
Vecsmall([2, 1, 6, 8, 10, 3, 12, 4, 13, 5, 14, 7, 9, 11, 16, 15])
83
Vecsmall([11, 3, 4, 7, 16, 9, 15, 5, 12, 2, 8, 1, 10, 13, 14, 6])
89
Vecsmall([9, 13, 10, 2, 11, 5, 3, 1, 16, 14, 12, 6, 15, 7, 4, 8])
97
Vecsmall([16, 15, 14, 13, 12, 11, 10, 9, 8, 7, 6, 5, 4, 3, 2, 1])
101
Vecsmall([7, 5, 1, 6, 4, 15, 8, 14, 3, 9, 2, 13, 11, 16, 12, 10])
103
Vecsmall([13, 9, 5, 1, 14, 10, 6, 2, 15, 11, 7, 3, 16, 12, 8, 4])
107
Vecsmall([5, 7, 15, 14, 9, 1, 13, 6, 11, 4, 16, 8, 3, 2, 10, 12])
109
Vecsmall([14, 6, 8, 12, 15, 13, 16, 10, 7, 1, 4, 2, 5, 9, 11, 3])
113
Vecsmall([16, 15, 14, 13, 12, 11, 10, 9, 8, 7, 6, 5, 4, 3, 2, 1])
127
Vecsmall([2, 1, 6, 8, 10, 3, 12, 4, 13, 5, 14, 7, 9, 11, 16, 15])
131
Vecsmall([11, 3, 4, 7, 16, 9, 15, 5, 12, 2, 8, 1, 10, 13, 14, 6])
137
Vecsmall([9, 13, 10, 2, 11, 5, 3, 1, 16, 14, 12, 6, 15, 7, 4, 8])
139
Vecsmall([12, 10, 2, 3, 8, 16, 4, 11, 6, 13, 1, 9, 14, 15, 7, 5])
149
Vecsmall([7, 5, 1, 6, 4, 15, 8, 14, 3, 9, 2, 13, 11, 16, 12, 10])
151
Vecsmall([13, 9, 5, 1, 14, 10, 6, 2, 15, 11, 7, 3, 16, 12, 8, 4])
157
Vecsmall([3, 11, 9, 5, 2, 4, 1, 7, 10, 16, 13, 15, 12, 8, 6, 14])
163
Vecsmall([11, 3, 4, 7, 16, 9, 15, 5, 12, 2, 8, 1, 10, 13, 14, 6])
167
Vecsmall([13, 9, 5, 1, 14, 10, 6, 2, 15, 11, 7, 3, 16, 12, 8, 4])
173
Vecsmall([14, 6, 8, 12, 15, 13, 16, 10, 7, 1, 4, 2, 5, 9, 11, 3])
179
Vecsmall([6, 14, 13, 10, 1, 8, 2, 12, 5, 15, 9, 16, 7, 4, 3, 11])
181
Vecsmall([7, 5, 1, 6, 4, 15, 8, 14, 3, 9, 2, 13, 11, 16, 12, 10])
191
Vecsmall([2, 1, 6, 8, 10, 3, 12, 4, 13, 5, 14, 7, 9, 11, 16, 15])
193
Vecsmall([16, 15, 14, 13, 12, 11, 10, 9, 8, 7, 6, 5, 4, 3, 2, 1])
197
Vecsmall([10, 12, 16, 11, 13, 2, 9, 3, 14, 8, 15, 4, 6, 1, 5, 7])
199
Vecsmall([4, 8, 12, 16, 3, 7, 11, 15, 2, 6, 10, 14, 1, 5, 9, 13])
211
Vecsmall([11, 3, 4, 7, 16, 9, 15, 5, 12, 2, 8, 1, 10, 13, 14, 6])
223
Vecsmall([2, 1, 6, 8, 10, 3, 12, 4, 13, 5, 14, 7, 9, 11, 16, 15])
227
Vecsmall([11, 3, 4, 7, 16, 9, 15, 5, 12, 2, 8, 1, 10, 13, 14, 6])
229
Vecsmall([10, 12, 16, 11, 13, 2, 9, 3, 14, 8, 15, 4, 6, 1, 5, 7])
233
Vecsmall([8, 4, 7, 15, 6, 12, 14, 16, 1, 3, 5, 11, 2, 10, 13, 9])
239
Vecsmall([2, 1, 6, 8, 10, 3, 12, 4, 13, 5, 14, 7, 9, 11, 16, 15])
241
Vecsmall([1, 2, 3, 4, 5, 6, 7, 8, 9, 10, 11, 12, 13, 14, 15, 16])
251
Vecsmall([12, 10, 2, 3, 8, 16, 4, 11, 6, 13, 1, 9, 14, 15, 7, 5])
257
Vecsmall([1, 2, 3, 4, 5, 6, 7, 8, 9, 10, 11, 12, 13, 14, 15, 16])
263
Vecsmall([4, 8, 12, 16, 3, 7, 11, 15, 2, 6, 10, 14, 1, 5, 9, 13])
269
Vecsmall([3, 11, 9, 5, 2, 4, 1, 7, 10, 16, 13, 15, 12, 8, 6, 14])
271
Vecsmall([2, 1, 6, 8, 10, 3, 12, 4, 13, 5, 14, 7, 9, 11, 16, 15])
277
Vecsmall([7, 5, 1, 6, 4, 15, 8, 14, 3, 9, 2, 13, 11, 16, 12, 10])
281
Vecsmall([9, 13, 10, 2, 11, 5, 3, 1, 16, 14, 12, 6, 15, 7, 4, 8])
283
Vecsmall([12, 10, 2, 3, 8, 16, 4, 11, 6, 13, 1, 9, 14, 15, 7, 5])
293
Vecsmall([7, 5, 1, 6, 4, 15, 8, 14, 3, 9, 2, 13, 11, 16, 12, 10])
307
Vecsmall([6, 14, 13, 10, 1, 8, 2, 12, 5, 15, 9, 16, 7, 4, 3, 11])
311
Vecsmall([4, 8, 12, 16, 3, 7, 11, 15, 2, 6, 10, 14, 1, 5, 9, 13])
313
Vecsmall([8, 4, 7, 15, 6, 12, 14, 16, 1, 3, 5, 11, 2, 10, 13, 9])
317
Vecsmall([14, 6, 8, 12, 15, 13, 16, 10, 7, 1, 4, 2, 5, 9, 11, 3])
331
Vecsmall([5, 7, 15, 14, 9, 1, 13, 6, 11, 4, 16, 8, 3, 2, 10, 12])
337
Vecsmall([16, 15, 14, 13, 12, 11, 10, 9, 8, 7, 6, 5, 4, 3, 2, 1])
347
Vecsmall([5, 7, 15, 14, 9, 1, 13, 6, 11, 4, 16, 8, 3, 2, 10, 12])
349
Vecsmall([3, 11, 9, 5, 2, 4, 1, 7, 10, 16, 13, 15, 12, 8, 6, 14])
353
Vecsmall([1, 2, 3, 4, 5, 6, 7, 8, 9, 10, 11, 12, 13, 14, 15, 16])
359
Vecsmall([13, 9, 5, 1, 14, 10, 6, 2, 15, 11, 7, 3, 16, 12, 8, 4])
367
Vecsmall([2, 1, 6, 8, 10, 3, 12, 4, 13, 5, 14, 7, 9, 11, 16, 15])
373
Vecsmall([10, 12, 16, 11, 13, 2, 9, 3, 14, 8, 15, 4, 6, 1, 5, 7])
379
Vecsmall([5, 7, 15, 14, 9, 1, 13, 6, 11, 4, 16, 8, 3, 2, 10, 12])
383
Vecsmall([2, 1, 6, 8, 10, 3, 12, 4, 13, 5, 14, 7, 9, 11, 16, 15])
389
Vecsmall([7, 5, 1, 6, 4, 15, 8, 14, 3, 9, 2, 13, 11, 16, 12, 10])
397
Vecsmall([3, 11, 9, 5, 2, 4, 1, 7, 10, 16, 13, 15, 12, 8, 6, 14])
401
Vecsmall([1, 2, 3, 4, 5, 6, 7, 8, 9, 10, 11, 12, 13, 14, 15, 16])
409
Vecsmall([8, 4, 7, 15, 6, 12, 14, 16, 1, 3, 5, 11, 2, 10, 13, 9])
419
Vecsmall([6, 14, 13, 10, 1, 8, 2, 12, 5, 15, 9, 16, 7, 4, 3, 11])
421
Vecsmall([7, 5, 1, 6, 4, 15, 8, 14, 3, 9, 2, 13, 11, 16, 12, 10])
431
Vecsmall([2, 1, 6, 8, 10, 3, 12, 4, 13, 5, 14, 7, 9, 11, 16, 15])
433
Vecsmall([1, 2, 3, 4, 5, 6, 7, 8, 9, 10, 11, 12, 13, 14, 15, 16])
439
Vecsmall([4, 8, 12, 16, 3, 7, 11, 15, 2, 6, 10, 14, 1, 5, 9, 13])
443
Vecsmall([5, 7, 15, 14, 9, 1, 13, 6, 11, 4, 16, 8, 3, 2, 10, 12])
449
Vecsmall([16, 15, 14, 13, 12, 11, 10, 9, 8, 7, 6, 5, 4, 3, 2, 1])
457
Vecsmall([9, 13, 10, 2, 11, 5, 3, 1, 16, 14, 12, 6, 15, 7, 4, 8])
461
Vecsmall([14, 6, 8, 12, 15, 13, 16, 10, 7, 1, 4, 2, 5, 9, 11, 3])
463
Vecsmall([2, 1, 6, 8, 10, 3, 12, 4, 13, 5, 14, 7, 9, 11, 16, 15])
467
Vecsmall([11, 3, 4, 7, 16, 9, 15, 5, 12, 2, 8, 1, 10, 13, 14, 6])
479
Vecsmall([2, 1, 6, 8, 10, 3, 12, 4, 13, 5, 14, 7, 9, 11, 16, 15])
487
Vecsmall([4, 8, 12, 16, 3, 7, 11, 15, 2, 6, 10, 14, 1, 5, 9, 13])
491
Vecsmall([12, 10, 2, 3, 8, 16, 4, 11, 6, 13, 1, 9, 14, 15, 7, 5])
499
Vecsmall([11, 3, 4, 7, 16, 9, 15, 5, 12, 2, 8, 1, 10, 13, 14, 6])
503
Vecsmall([13, 9, 5, 1, 14, 10, 6, 2, 15, 11, 7, 3, 16, 12, 8, 4])
509
Vecsmall([3, 11, 9, 5, 2, 4, 1, 7, 10, 16, 13, 15, 12, 8, 6, 14])
521
Vecsmall([9, 13, 10, 2, 11, 5, 3, 1, 16, 14, 12, 6, 15, 7, 4, 8])
523
Vecsmall([12, 10, 2, 3, 8, 16, 4, 11, 6, 13, 1, 9, 14, 15, 7, 5])
541
Vecsmall([3, 11, 9, 5, 2, 4, 1, 7, 10, 16, 13, 15, 12, 8, 6, 14])
547
Vecsmall([6, 14, 13, 10, 1, 8, 2, 12, 5, 15, 9, 16, 7, 4, 3, 11])
557
Vecsmall([3, 11, 9, 5, 2, 4, 1, 7, 10, 16, 13, 15, 12, 8, 6, 14])
563
Vecsmall([6, 14, 13, 10, 1, 8, 2, 12, 5, 15, 9, 16, 7, 4, 3, 11])
569
Vecsmall([8, 4, 7, 15, 6, 12, 14, 16, 1, 3, 5, 11, 2, 10, 13, 9])
571
Vecsmall([12, 10, 2, 3, 8, 16, 4, 11, 6, 13, 1, 9, 14, 15, 7, 5])
577
Vecsmall([1, 2, 3, 4, 5, 6, 7, 8, 9, 10, 11, 12, 13, 14, 15, 16])
587
Vecsmall([12, 10, 2, 3, 8, 16, 4, 11, 6, 13, 1, 9, 14, 15, 7, 5])
593
Vecsmall([16, 15, 14, 13, 12, 11, 10, 9, 8, 7, 6, 5, 4, 3, 2, 1])
599
Vecsmall([4, 8, 12, 16, 3, 7, 11, 15, 2, 6, 10, 14, 1, 5, 9, 13])
601
Vecsmall([9, 13, 10, 2, 11, 5, 3, 1, 16, 14, 12, 6, 15, 7, 4, 8])
607
Vecsmall([2, 1, 6, 8, 10, 3, 12, 4, 13, 5, 14, 7, 9, 11, 16, 15])
613
Vecsmall([10, 12, 16, 11, 13, 2, 9, 3, 14, 8, 15, 4, 6, 1, 5, 7])
617
Vecsmall([8, 4, 7, 15, 6, 12, 14, 16, 1, 3, 5, 11, 2, 10, 13, 9])
619
Vecsmall([12, 10, 2, 3, 8, 16, 4, 11, 6, 13, 1, 9, 14, 15, 7, 5])
631
Vecsmall([13, 9, 5, 1, 14, 10, 6, 2, 15, 11, 7, 3, 16, 12, 8, 4])
641
Vecsmall([16, 15, 14, 13, 12, 11, 10, 9, 8, 7, 6, 5, 4, 3, 2, 1])
643
Vecsmall([11, 3, 4, 7, 16, 9, 15, 5, 12, 2, 8, 1, 10, 13, 14, 6])
647
Vecsmall([4, 8, 12, 16, 3, 7, 11, 15, 2, 6, 10, 14, 1, 5, 9, 13])
653
Vecsmall([14, 6, 8, 12, 15, 13, 16, 10, 7, 1, 4, 2, 5, 9, 11, 3])
659
Vecsmall([6, 14, 13, 10, 1, 8, 2, 12, 5, 15, 9, 16, 7, 4, 3, 11])
661
Vecsmall([10, 12, 16, 11, 13, 2, 9, 3, 14, 8, 15, 4, 6, 1, 5, 7])
673
Vecsmall([16, 15, 14, 13, 12, 11, 10, 9, 8, 7, 6, 5, 4, 3, 2, 1])
