Galois identify
[16, 5]


Galois conjug classes
[[Vecsmall([1, 2, 3, 4, 5, 6, 7, 8, 9, 10, 11, 12, 13, 14, 15, 16])], [Vecsmall([2, 3, 4, 5, 6, 7, 8, 1, 10, 11, 12, 13, 14, 15, 16, 9])], [Vecsmall([3, 4, 5, 6, 7, 8, 1, 2, 11, 12, 13, 14, 15, 16, 9, 10])], [Vecsmall([4, 5, 6, 7, 8, 1, 2, 3, 12, 13, 14, 15, 16, 9, 10, 11])], [Vecsmall([5, 6, 7, 8, 1, 2, 3, 4, 13, 14, 15, 16, 9, 10, 11, 12])], [Vecsmall([6, 7, 8, 1, 2, 3, 4, 5, 14, 15, 16, 9, 10, 11, 12, 13])], [Vecsmall([7, 8, 1, 2, 3, 4, 5, 6, 15, 16, 9, 10, 11, 12, 13, 14])], [Vecsmall([8, 1, 2, 3, 4, 5, 6, 7, 16, 9, 10, 11, 12, 13, 14, 15])], [Vecsmall([9, 10, 11, 12, 13, 14, 15, 16, 1, 2, 3, 4, 5, 6, 7, 8])], [Vecsmall([10, 11, 12, 13, 14, 15, 16, 9, 2, 3, 4, 5, 6, 7, 8, 1])], [Vecsmall([11, 12, 13, 14, 15, 16, 9, 10, 3, 4, 5, 6, 7, 8, 1, 2])], [Vecsmall([12, 13, 14, 15, 16, 9, 10, 11, 4, 5, 6, 7, 8, 1, 2, 3])], [Vecsmall([13, 14, 15, 16, 9, 10, 11, 12, 5, 6, 7, 8, 1, 2, 3, 4])], [Vecsmall([14, 15, 16, 9, 10, 11, 12, 13, 6, 7, 8, 1, 2, 3, 4, 5])], [Vecsmall([15, 16, 9, 10, 11, 12, 13, 14, 7, 8, 1, 2, 3, 4, 5, 6])], [Vecsmall([16, 9, 10, 11, 12, 13, 14, 15, 8, 1, 2, 3, 4, 5, 6, 7])]]


3
Vecsmall([12, 13, 14, 15, 16, 9, 10, 11, 4, 5, 6, 7, 8, 1, 2, 3])
5
Vecsmall([2, 3, 4, 5, 6, 7, 8, 1, 10, 11, 12, 13, 14, 15, 16, 9])
7
Vecsmall([11, 12, 13, 14, 15, 16, 9, 10, 3, 4, 5, 6, 7, 8, 1, 2])
11
Vecsmall([14, 15, 16, 9, 10, 11, 12, 13, 6, 7, 8, 1, 2, 3, 4, 5])
13
Vecsmall([8, 1, 2, 3, 4, 5, 6, 7, 16, 9, 10, 11, 12, 13, 14, 15])
17
Vecsmall([5, 6, 7, 8, 1, 2, 3, 4, 13, 14, 15, 16, 9, 10, 11, 12])
19
Vecsmall([16, 9, 10, 11, 12, 13, 14, 15, 8, 1, 2, 3, 4, 5, 6, 7])
23
Vecsmall([15, 16, 9, 10, 11, 12, 13, 14, 7, 8, 1, 2, 3, 4, 5, 6])
29
Vecsmall([4, 5, 6, 7, 8, 1, 2, 3, 12, 13, 14, 15, 16, 9, 10, 11])
31
Vecsmall([9, 10, 11, 12, 13, 14, 15, 16, 1, 2, 3, 4, 5, 6, 7, 8])
37
Vecsmall([2, 3, 4, 5, 6, 7, 8, 1, 10, 11, 12, 13, 14, 15, 16, 9])
41
Vecsmall([7, 8, 1, 2, 3, 4, 5, 6, 15, 16, 9, 10, 11, 12, 13, 14])
43
Vecsmall([14, 15, 16, 9, 10, 11, 12, 13, 6, 7, 8, 1, 2, 3, 4, 5])
47
Vecsmall([13, 14, 15, 16, 9, 10, 11, 12, 5, 6, 7, 8, 1, 2, 3, 4])
53
Vecsmall([6, 7, 8, 1, 2, 3, 4, 5, 14, 15, 16, 9, 10, 11, 12, 13])
59
Vecsmall([10, 11, 12, 13, 14, 15, 16, 9, 2, 3, 4, 5, 6, 7, 8, 1])
61
Vecsmall([4, 5, 6, 7, 8, 1, 2, 3, 12, 13, 14, 15, 16, 9, 10, 11])
67
Vecsmall([12, 13, 14, 15, 16, 9, 10, 11, 4, 5, 6, 7, 8, 1, 2, 3])
71
Vecsmall([11, 12, 13, 14, 15, 16, 9, 10, 3, 4, 5, 6, 7, 8, 1, 2])
73
Vecsmall([7, 8, 1, 2, 3, 4, 5, 6, 15, 16, 9, 10, 11, 12, 13, 14])
79
Vecsmall([13, 14, 15, 16, 9, 10, 11, 12, 5, 6, 7, 8, 1, 2, 3, 4])
83
Vecsmall([16, 9, 10, 11, 12, 13, 14, 15, 8, 1, 2, 3, 4, 5, 6, 7])
89
Vecsmall([3, 4, 5, 6, 7, 8, 1, 2, 11, 12, 13, 14, 15, 16, 9, 10])
97
Vecsmall([1, 2, 3, 4, 5, 6, 7, 8, 9, 10, 11, 12, 13, 14, 15, 16])
101
Vecsmall([2, 3, 4, 5, 6, 7, 8, 1, 10, 11, 12, 13, 14, 15, 16, 9])
103
Vecsmall([11, 12, 13, 14, 15, 16, 9, 10, 3, 4, 5, 6, 7, 8, 1, 2])
107
Vecsmall([14, 15, 16, 9, 10, 11, 12, 13, 6, 7, 8, 1, 2, 3, 4, 5])
109
Vecsmall([8, 1, 2, 3, 4, 5, 6, 7, 16, 9, 10, 11, 12, 13, 14, 15])
113
Vecsmall([5, 6, 7, 8, 1, 2, 3, 4, 13, 14, 15, 16, 9, 10, 11, 12])
127
Vecsmall([9, 10, 11, 12, 13, 14, 15, 16, 1, 2, 3, 4, 5, 6, 7, 8])
131
Vecsmall([12, 13, 14, 15, 16, 9, 10, 11, 4, 5, 6, 7, 8, 1, 2, 3])
137
Vecsmall([7, 8, 1, 2, 3, 4, 5, 6, 15, 16, 9, 10, 11, 12, 13, 14])
139
Vecsmall([14, 15, 16, 9, 10, 11, 12, 13, 6, 7, 8, 1, 2, 3, 4, 5])
149
Vecsmall([6, 7, 8, 1, 2, 3, 4, 5, 14, 15, 16, 9, 10, 11, 12, 13])
151
Vecsmall([15, 16, 9, 10, 11, 12, 13, 14, 7, 8, 1, 2, 3, 4, 5, 6])
157
Vecsmall([4, 5, 6, 7, 8, 1, 2, 3, 12, 13, 14, 15, 16, 9, 10, 11])
163
Vecsmall([12, 13, 14, 15, 16, 9, 10, 11, 4, 5, 6, 7, 8, 1, 2, 3])
167
Vecsmall([11, 12, 13, 14, 15, 16, 9, 10, 3, 4, 5, 6, 7, 8, 1, 2])
173
Vecsmall([8, 1, 2, 3, 4, 5, 6, 7, 16, 9, 10, 11, 12, 13, 14, 15])
179
Vecsmall([16, 9, 10, 11, 12, 13, 14, 15, 8, 1, 2, 3, 4, 5, 6, 7])
181
Vecsmall([6, 7, 8, 1, 2, 3, 4, 5, 14, 15, 16, 9, 10, 11, 12, 13])
191
Vecsmall([9, 10, 11, 12, 13, 14, 15, 16, 1, 2, 3, 4, 5, 6, 7, 8])
193
Vecsmall([1, 2, 3, 4, 5, 6, 7, 8, 9, 10, 11, 12, 13, 14, 15, 16])
197
Vecsmall([2, 3, 4, 5, 6, 7, 8, 1, 10, 11, 12, 13, 14, 15, 16, 9])
199
Vecsmall([11, 12, 13, 14, 15, 16, 9, 10, 3, 4, 5, 6, 7, 8, 1, 2])
211
Vecsmall([16, 9, 10, 11, 12, 13, 14, 15, 8, 1, 2, 3, 4, 5, 6, 7])
223
Vecsmall([9, 10, 11, 12, 13, 14, 15, 16, 1, 2, 3, 4, 5, 6, 7, 8])
227
Vecsmall([12, 13, 14, 15, 16, 9, 10, 11, 4, 5, 6, 7, 8, 1, 2, 3])
229
Vecsmall([2, 3, 4, 5, 6, 7, 8, 1, 10, 11, 12, 13, 14, 15, 16, 9])
233
Vecsmall([7, 8, 1, 2, 3, 4, 5, 6, 15, 16, 9, 10, 11, 12, 13, 14])
239
Vecsmall([13, 14, 15, 16, 9, 10, 11, 12, 5, 6, 7, 8, 1, 2, 3, 4])
241
Vecsmall([5, 6, 7, 8, 1, 2, 3, 4, 13, 14, 15, 16, 9, 10, 11, 12])
251
Vecsmall([10, 11, 12, 13, 14, 15, 16, 9, 2, 3, 4, 5, 6, 7, 8, 1])
257
Vecsmall([1, 2, 3, 4, 5, 6, 7, 8, 9, 10, 11, 12, 13, 14, 15, 16])
263
Vecsmall([11, 12, 13, 14, 15, 16, 9, 10, 3, 4, 5, 6, 7, 8, 1, 2])
269
Vecsmall([8, 1, 2, 3, 4, 5, 6, 7, 16, 9, 10, 11, 12, 13, 14, 15])
271
Vecsmall([13, 14, 15, 16, 9, 10, 11, 12, 5, 6, 7, 8, 1, 2, 3, 4])
277
Vecsmall([6, 7, 8, 1, 2, 3, 4, 5, 14, 15, 16, 9, 10, 11, 12, 13])
281
Vecsmall([3, 4, 5, 6, 7, 8, 1, 2, 11, 12, 13, 14, 15, 16, 9, 10])
283
Vecsmall([10, 11, 12, 13, 14, 15, 16, 9, 2, 3, 4, 5, 6, 7, 8, 1])
293
Vecsmall([2, 3, 4, 5, 6, 7, 8, 1, 10, 11, 12, 13, 14, 15, 16, 9])
307
Vecsmall([16, 9, 10, 11, 12, 13, 14, 15, 8, 1, 2, 3, 4, 5, 6, 7])
311
Vecsmall([15, 16, 9, 10, 11, 12, 13, 14, 7, 8, 1, 2, 3, 4, 5, 6])
313
Vecsmall([3, 4, 5, 6, 7, 8, 1, 2, 11, 12, 13, 14, 15, 16, 9, 10])
317
Vecsmall([4, 5, 6, 7, 8, 1, 2, 3, 12, 13, 14, 15, 16, 9, 10, 11])
331
Vecsmall([14, 15, 16, 9, 10, 11, 12, 13, 6, 7, 8, 1, 2, 3, 4, 5])
337
Vecsmall([5, 6, 7, 8, 1, 2, 3, 4, 13, 14, 15, 16, 9, 10, 11, 12])
347
Vecsmall([10, 11, 12, 13, 14, 15, 16, 9, 2, 3, 4, 5, 6, 7, 8, 1])
349
Vecsmall([4, 5, 6, 7, 8, 1, 2, 3, 12, 13, 14, 15, 16, 9, 10, 11])
353
Vecsmall([1, 2, 3, 4, 5, 6, 7, 8, 9, 10, 11, 12, 13, 14, 15, 16])
359
Vecsmall([11, 12, 13, 14, 15, 16, 9, 10, 3, 4, 5, 6, 7, 8, 1, 2])
367
Vecsmall([13, 14, 15, 16, 9, 10, 11, 12, 5, 6, 7, 8, 1, 2, 3, 4])
373
Vecsmall([6, 7, 8, 1, 2, 3, 4, 5, 14, 15, 16, 9, 10, 11, 12, 13])
379
Vecsmall([10, 11, 12, 13, 14, 15, 16, 9, 2, 3, 4, 5, 6, 7, 8, 1])
383
Vecsmall([9, 10, 11, 12, 13, 14, 15, 16, 1, 2, 3, 4, 5, 6, 7, 8])
389
Vecsmall([2, 3, 4, 5, 6, 7, 8, 1, 10, 11, 12, 13, 14, 15, 16, 9])
397
Vecsmall([8, 1, 2, 3, 4, 5, 6, 7, 16, 9, 10, 11, 12, 13, 14, 15])
401
Vecsmall([5, 6, 7, 8, 1, 2, 3, 4, 13, 14, 15, 16, 9, 10, 11, 12])
409
Vecsmall([3, 4, 5, 6, 7, 8, 1, 2, 11, 12, 13, 14, 15, 16, 9, 10])
419
Vecsmall([12, 13, 14, 15, 16, 9, 10, 11, 4, 5, 6, 7, 8, 1, 2, 3])
421
Vecsmall([2, 3, 4, 5, 6, 7, 8, 1, 10, 11, 12, 13, 14, 15, 16, 9])
431
Vecsmall([13, 14, 15, 16, 9, 10, 11, 12, 5, 6, 7, 8, 1, 2, 3, 4])
433
Vecsmall([5, 6, 7, 8, 1, 2, 3, 4, 13, 14, 15, 16, 9, 10, 11, 12])
439
Vecsmall([15, 16, 9, 10, 11, 12, 13, 14, 7, 8, 1, 2, 3, 4, 5, 6])
443
Vecsmall([10, 11, 12, 13, 14, 15, 16, 9, 2, 3, 4, 5, 6, 7, 8, 1])
449
Vecsmall([1, 2, 3, 4, 5, 6, 7, 8, 9, 10, 11, 12, 13, 14, 15, 16])
457
Vecsmall([7, 8, 1, 2, 3, 4, 5, 6, 15, 16, 9, 10, 11, 12, 13, 14])
461
Vecsmall([8, 1, 2, 3, 4, 5, 6, 7, 16, 9, 10, 11, 12, 13, 14, 15])
463
Vecsmall([13, 14, 15, 16, 9, 10, 11, 12, 5, 6, 7, 8, 1, 2, 3, 4])
467
Vecsmall([16, 9, 10, 11, 12, 13, 14, 15, 8, 1, 2, 3, 4, 5, 6, 7])
479
Vecsmall([9, 10, 11, 12, 13, 14, 15, 16, 1, 2, 3, 4, 5, 6, 7, 8])
487
Vecsmall([11, 12, 13, 14, 15, 16, 9, 10, 3, 4, 5, 6, 7, 8, 1, 2])
491
Vecsmall([14, 15, 16, 9, 10, 11, 12, 13, 6, 7, 8, 1, 2, 3, 4, 5])
499
Vecsmall([16, 9, 10, 11, 12, 13, 14, 15, 8, 1, 2, 3, 4, 5, 6, 7])
503
Vecsmall([15, 16, 9, 10, 11, 12, 13, 14, 7, 8, 1, 2, 3, 4, 5, 6])
509
Vecsmall([4, 5, 6, 7, 8, 1, 2, 3, 12, 13, 14, 15, 16, 9, 10, 11])
521
Vecsmall([7, 8, 1, 2, 3, 4, 5, 6, 15, 16, 9, 10, 11, 12, 13, 14])
523
Vecsmall([14, 15, 16, 9, 10, 11, 12, 13, 6, 7, 8, 1, 2, 3, 4, 5])
541
Vecsmall([4, 5, 6, 7, 8, 1, 2, 3, 12, 13, 14, 15, 16, 9, 10, 11])
547
Vecsmall([12, 13, 14, 15, 16, 9, 10, 11, 4, 5, 6, 7, 8, 1, 2, 3])
557
Vecsmall([8, 1, 2, 3, 4, 5, 6, 7, 16, 9, 10, 11, 12, 13, 14, 15])
563
Vecsmall([16, 9, 10, 11, 12, 13, 14, 15, 8, 1, 2, 3, 4, 5, 6, 7])
569
Vecsmall([3, 4, 5, 6, 7, 8, 1, 2, 11, 12, 13, 14, 15, 16, 9, 10])
571
Vecsmall([10, 11, 12, 13, 14, 15, 16, 9, 2, 3, 4, 5, 6, 7, 8, 1])
577
Vecsmall([1, 2, 3, 4, 5, 6, 7, 8, 9, 10, 11, 12, 13, 14, 15, 16])
587
Vecsmall([14, 15, 16, 9, 10, 11, 12, 13, 6, 7, 8, 1, 2, 3, 4, 5])
593
Vecsmall([5, 6, 7, 8, 1, 2, 3, 4, 13, 14, 15, 16, 9, 10, 11, 12])
599
Vecsmall([15, 16, 9, 10, 11, 12, 13, 14, 7, 8, 1, 2, 3, 4, 5, 6])
601
Vecsmall([3, 4, 5, 6, 7, 8, 1, 2, 11, 12, 13, 14, 15, 16, 9, 10])
607
Vecsmall([9, 10, 11, 12, 13, 14, 15, 16, 1, 2, 3, 4, 5, 6, 7, 8])
613
Vecsmall([2, 3, 4, 5, 6, 7, 8, 1, 10, 11, 12, 13, 14, 15, 16, 9])
617
Vecsmall([7, 8, 1, 2, 3, 4, 5, 6, 15, 16, 9, 10, 11, 12, 13, 14])
619
Vecsmall([14, 15, 16, 9, 10, 11, 12, 13, 6, 7, 8, 1, 2, 3, 4, 5])
631
Vecsmall([15, 16, 9, 10, 11, 12, 13, 14, 7, 8, 1, 2, 3, 4, 5, 6])
641
Vecsmall([1, 2, 3, 4, 5, 6, 7, 8, 9, 10, 11, 12, 13, 14, 15, 16])
643
Vecsmall([12, 13, 14, 15, 16, 9, 10, 11, 4, 5, 6, 7, 8, 1, 2, 3])
647
Vecsmall([11, 12, 13, 14, 15, 16, 9, 10, 3, 4, 5, 6, 7, 8, 1, 2])
653
Vecsmall([8, 1, 2, 3, 4, 5, 6, 7, 16, 9, 10, 11, 12, 13, 14, 15])
659
Vecsmall([16, 9, 10, 11, 12, 13, 14, 15, 8, 1, 2, 3, 4, 5, 6, 7])
661
Vecsmall([6, 7, 8, 1, 2, 3, 4, 5, 14, 15, 16, 9, 10, 11, 12, 13])
673
Vecsmall([1, 2, 3, 4, 5, 6, 7, 8, 9, 10, 11, 12, 13, 14, 15, 16])
677
Vecsmall([2, 3, 4, 5, 6, 7, 8, 1, 10, 11, 12, 13, 14, 15, 16, 9])
683
Vecsmall([14, 15, 16, 9, 10, 11, 12, 13, 6, 7, 8, 1, 2, 3, 4, 5])
691
Vecsmall([16, 9, 10, 11, 12, 13, 14, 15, 8, 1, 2, 3, 4, 5, 6, 7])
701
Vecsmall([4, 5, 6, 7, 8, 1, 2, 3, 12, 13, 14, 15, 16, 9, 10, 11])
709
Vecsmall([2, 3, 4, 5, 6, 7, 8, 1, 10, 11, 12, 13, 14, 15, 16, 9])
719
Vecsmall([13, 14, 15, 16, 9, 10, 11, 12, 5, 6, 7, 8, 1, 2, 3, 4])
727
Vecsmall([15, 16, 9, 10, 11, 12, 13, 14, 7, 8, 1, 2, 3, 4, 5, 6])
733
Vecsmall([4, 5, 6, 7, 8, 1, 2, 3, 12, 13, 14, 15, 16, 9, 10, 11])
739
Vecsmall([12, 13, 14, 15, 16, 9, 10, 11, 4, 5, 6, 7, 8, 1, 2, 3])
743
Vecsmall([11, 12, 13, 14, 15, 16, 9, 10, 3, 4, 5, 6, 7, 8, 1, 2])
751
Vecsmall([13, 14, 15, 16, 9, 10, 11, 12, 5, 6, 7, 8, 1, 2, 3, 4])
757
Vecsmall([6, 7, 8, 1, 2, 3, 4, 5, 14, 15, 16, 9, 10, 11, 12, 13])
761
Vecsmall([3, 4, 5, 6, 7, 8, 1, 2, 11, 12, 13, 14, 15, 16, 9, 10])
769
Vecsmall([1, 2, 3, 4, 5, 6, 7, 8, 9, 10, 11, 12, 13, 14, 15, 16])
773
Vecsmall([2, 3, 4, 5, 6, 7, 8, 1, 10, 11, 12, 13, 14, 15, 16, 9])
787
Vecsmall([16, 9, 10, 11, 12, 13, 14, 15, 8, 1, 2, 3, 4, 5, 6, 7])
797
Vecsmall([4, 5, 6, 7, 8, 1, 2, 3, 12, 13, 14, 15, 16, 9, 10, 11])
809
Vecsmall([7, 8, 1, 2, 3, 4, 5, 6, 15, 16, 9, 10, 11, 12, 13, 14])
811
Vecsmall([14, 15, 16, 9, 10, 11, 12, 13, 6, 7, 8, 1, 2, 3, 4, 5])
821
Vecsmall([6, 7, 8, 1, 2, 3, 4, 5, 14, 15, 16, 9, 10, 11, 12, 13])
823
Vecsmall([15, 16, 9, 10, 11, 12, 13, 14, 7, 8, 1, 2, 3, 4, 5, 6])
827
Vecsmall([10, 11, 12, 13, 14, 15, 16, 9, 2, 3, 4, 5, 6, 7, 8, 1])
829
Vecsmall([4, 5, 6, 7, 8, 1, 2, 3, 12, 13, 14, 15, 16, 9, 10, 11])
839
Vecsmall([11, 12, 13, 14, 15, 16, 9, 10, 3, 4, 5, 6, 7, 8, 1, 2])
853
Vecsmall([6, 7, 8, 1, 2, 3, 4, 5, 14, 15, 16, 9, 10, 11, 12, 13])
857
Vecsmall([3, 4, 5, 6, 7, 8, 1, 2, 11, 12, 13, 14, 15, 16, 9, 10])
859
Vecsmall([10, 11, 12, 13, 14, 15, 16, 9, 2, 3, 4, 5, 6, 7, 8, 1])
863
Vecsmall([9, 10, 11, 12, 13, 14, 15, 16, 1, 2, 3, 4, 5, 6, 7, 8])
877
Vecsmall([8, 1, 2, 3, 4, 5, 6, 7, 16, 9, 10, 11, 12, 13, 14, 15])
881
Vecsmall([5, 6, 7, 8, 1, 2, 3, 4, 13, 14, 15, 16, 9, 10, 11, 12])
883
Vecsmall([16, 9, 10, 11, 12, 13, 14, 15, 8, 1, 2, 3, 4, 5, 6, 7])
887
Vecsmall([15, 16, 9, 10, 11, 12, 13, 14, 7, 8, 1, 2, 3, 4, 5, 6])
907
Vecsmall([14, 15, 16, 9, 10, 11, 12, 13, 6, 7, 8, 1, 2, 3, 4, 5])
911
Vecsmall([13, 14, 15, 16, 9, 10, 11, 12, 5, 6, 7, 8, 1, 2, 3, 4])
919
Vecsmall([15, 16, 9, 10, 11, 12, 13, 14, 7, 8, 1, 2, 3, 4, 5, 6])
929
Vecsmall([1, 2, 3, 4, 5, 6, 7, 8, 9, 10, 11, 12, 13, 14, 15, 16])
937
Vecsmall([7, 8, 1, 2, 3, 4, 5, 6, 15, 16, 9, 10, 11, 12, 13, 14])
941
Vecsmall([8, 1, 2, 3, 4, 5, 6, 7, 16, 9, 10, 11, 12, 13, 14, 15])
947
Vecsmall([16, 9, 10, 11, 12, 13, 14, 15, 8, 1, 2, 3, 4, 5, 6, 7])
953
Vecsmall([3, 4, 5, 6, 7, 8, 1, 2, 11, 12, 13, 14, 15, 16, 9, 10])
967
Vecsmall([11, 12, 13, 14, 15, 16, 9, 10, 3, 4, 5, 6, 7, 8, 1, 2])
971
Vecsmall([14, 15, 16, 9, 10, 11, 12, 13, 6, 7, 8, 1, 2, 3, 4, 5])
977
Vecsmall([5, 6, 7, 8, 1, 2, 3, 4, 13, 14, 15, 16, 9, 10, 11, 12])
983
Vecsmall([15, 16, 9, 10, 11, 12, 13, 14, 7, 8, 1, 2, 3, 4, 5, 6])
991
Vecsmall([9, 10, 11, 12, 13, 14, 15, 16, 1, 2, 3, 4, 5, 6, 7, 8])
997
Vecsmall([2, 3, 4, 5, 6, 7, 8, 1, 10, 11, 12, 13, 14, 15, 16, 9])
1009
Vecsmall([5, 6, 7, 8, 1, 2, 3, 4, 13, 14, 15, 16, 9, 10, 11, 12])
1013
Vecsmall([6, 7, 8, 1, 2, 3, 4, 5, 14, 15, 16, 9, 10, 11, 12, 13])
1019
Vecsmall([10, 11, 12, 13, 14, 15, 16, 9, 2, 3, 4, 5, 6, 7, 8, 1])
1021
Vecsmall([4, 5, 6, 7, 8, 1, 2, 3, 12, 13, 14, 15, 16, 9, 10, 11])
1031
Vecsmall([11, 12, 13, 14, 15, 16, 9, 10, 3, 4, 5, 6, 7, 8, 1, 2])
1033
Vecsmall([7, 8, 1, 2, 3, 4, 5, 6, 15, 16, 9, 10, 11, 12, 13, 14])
1039
Vecsmall([13, 14, 15, 16, 9, 10, 11, 12, 5, 6, 7, 8, 1, 2, 3, 4])
1049
Vecsmall([3, 4, 5, 6, 7, 8, 1, 2, 11, 12, 13, 14, 15, 16, 9, 10])
1051
Vecsmall([10, 11, 12, 13, 14, 15, 16, 9, 2, 3, 4, 5, 6, 7, 8, 1])
1061
Vecsmall([2, 3, 4, 5, 6, 7, 8, 1, 10, 11, 12, 13, 14, 15, 16, 9])
1063
Vecsmall([11, 12, 13, 14, 15, 16, 9, 10, 3, 4, 5, 6, 7, 8, 1, 2])
1069
Vecsmall([8, 1, 2, 3, 4, 5, 6, 7, 16, 9, 10, 11, 12, 13, 14, 15])
1087
Vecsmall([9, 10, 11, 12, 13, 14, 15, 16, 1, 2, 3, 4, 5, 6, 7, 8])
1091
Vecsmall([12, 13, 14, 15, 16, 9, 10, 11, 4, 5, 6, 7, 8, 1, 2, 3])
1093
Vecsmall([2, 3, 4, 5, 6, 7, 8, 1, 10, 11, 12, 13, 14, 15, 16, 9])
1097
Vecsmall([7, 8, 1, 2, 3, 4, 5, 6, 15, 16, 9, 10, 11, 12, 13, 14])
1103
Vecsmall([13, 14, 15, 16, 9, 10, 11, 12, 5, 6, 7, 8, 1, 2, 3, 4])
1109
Vecsmall([6, 7, 8, 1, 2, 3, 4, 5, 14, 15, 16, 9, 10, 11, 12, 13])
1117
Vecsmall([4, 5, 6, 7, 8, 1, 2, 3, 12, 13, 14, 15, 16, 9, 10, 11])
1123
Vecsmall([12, 13, 14, 15, 16, 9, 10, 11, 4, 5, 6, 7, 8, 1, 2, 3])
1129
Vecsmall([7, 8, 1, 2, 3, 4, 5, 6, 15, 16, 9, 10, 11, 12, 13, 14])
1151
Vecsmall([9, 10, 11, 12, 13, 14, 15, 16, 1, 2, 3, 4, 5, 6, 7, 8])
1153
Vecsmall([1, 2, 3, 4, 5, 6, 7, 8, 9, 10, 11, 12, 13, 14, 15, 16])
1163
Vecsmall([14, 15, 16, 9, 10, 11, 12, 13, 6, 7, 8, 1, 2, 3, 4, 5])
1171
Vecsmall([16, 9, 10, 11, 12, 13, 14, 15, 8, 1, 2, 3, 4, 5, 6, 7])
1181
Vecsmall([4, 5, 6, 7, 8, 1, 2, 3, 12, 13, 14, 15, 16, 9, 10, 11])
1187
Vecsmall([12, 13, 14, 15, 16, 9, 10, 11, 4, 5, 6, 7, 8, 1, 2, 3])
1193
Vecsmall([7, 8, 1, 2, 3, 4, 5, 6, 15, 16, 9, 10, 11, 12, 13, 14])
1201
Vecsmall([5, 6, 7, 8, 1, 2, 3, 4, 13, 14, 15, 16, 9, 10, 11, 12])
1213
Vecsmall([4, 5, 6, 7, 8, 1, 2, 3, 12, 13, 14, 15, 16, 9, 10, 11])
1217
Vecsmall([1, 2, 3, 4, 5, 6, 7, 8, 9, 10, 11, 12, 13, 14, 15, 16])
1223
Vecsmall([11, 12, 13, 14, 15, 16, 9, 10, 3, 4, 5, 6, 7, 8, 1, 2])
1229
Vecsmall([8, 1, 2, 3, 4, 5, 6, 7, 16, 9, 10, 11, 12, 13, 14, 15])
1231
Vecsmall([13, 14, 15, 16, 9, 10, 11, 12, 5, 6, 7, 8, 1, 2, 3, 4])
1237
Vecsmall([6, 7, 8, 1, 2, 3, 4, 5, 14, 15, 16, 9, 10, 11, 12, 13])
1249
Vecsmall([1, 2, 3, 4, 5, 6, 7, 8, 9, 10, 11, 12, 13, 14, 15, 16])
1259
Vecsmall([14, 15, 16, 9, 10, 11, 12, 13, 6, 7, 8, 1, 2, 3, 4, 5])
1277
Vecsmall([4, 5, 6, 7, 8, 1, 2, 3, 12, 13, 14, 15, 16, 9, 10, 11])
1279
Vecsmall([9, 10, 11, 12, 13, 14, 15, 16, 1, 2, 3, 4, 5, 6, 7, 8])
1283
Vecsmall([12, 13, 14, 15, 16, 9, 10, 11, 4, 5, 6, 7, 8, 1, 2, 3])
1289
Vecsmall([7, 8, 1, 2, 3, 4, 5, 6, 15, 16, 9, 10, 11, 12, 13, 14])
1291
Vecsmall([14, 15, 16, 9, 10, 11, 12, 13, 6, 7, 8, 1, 2, 3, 4, 5])
1297
Vecsmall([5, 6, 7, 8, 1, 2, 3, 4, 13, 14, 15, 16, 9, 10, 11, 12])
1301
Vecsmall([6, 7, 8, 1, 2, 3, 4, 5, 14, 15, 16, 9, 10, 11, 12, 13])
1303
Vecsmall([15, 16, 9, 10, 11, 12, 13, 14, 7, 8, 1, 2, 3, 4, 5, 6])
1307
Vecsmall([10, 11, 12, 13, 14, 15, 16, 9, 2, 3, 4, 5, 6, 7, 8, 1])
1319
Vecsmall([11, 12, 13, 14, 15, 16, 9, 10, 3, 4, 5, 6, 7, 8, 1, 2])
1321
Vecsmall([7, 8, 1, 2, 3, 4, 5, 6, 15, 16, 9, 10, 11, 12, 13, 14])
1327
Vecsmall([13, 14, 15, 16, 9, 10, 11, 12, 5, 6, 7, 8, 1, 2, 3, 4])
1361
Vecsmall([5, 6, 7, 8, 1, 2, 3, 4, 13, 14, 15, 16, 9, 10, 11, 12])
1367
Vecsmall([15, 16, 9, 10, 11, 12, 13, 14, 7, 8, 1, 2, 3, 4, 5, 6])
1373
Vecsmall([4, 5, 6, 7, 8, 1, 2, 3, 12, 13, 14, 15, 16, 9, 10, 11])
1381
Vecsmall([2, 3, 4, 5, 6, 7, 8, 1, 10, 11, 12, 13, 14, 15, 16, 9])
1399
Vecsmall([15, 16, 9, 10, 11, 12, 13, 14, 7, 8, 1, 2, 3, 4, 5, 6])
1409
Vecsmall([1, 2, 3, 4, 5, 6, 7, 8, 9, 10, 11, 12, 13, 14, 15, 16])
1423
Vecsmall([13, 14, 15, 16, 9, 10, 11, 12, 5, 6, 7, 8, 1, 2, 3, 4])
1427
Vecsmall([16, 9, 10, 11, 12, 13, 14, 15, 8, 1, 2, 3, 4, 5, 6, 7])
1429
Vecsmall([6, 7, 8, 1, 2, 3, 4, 5, 14, 15, 16, 9, 10, 11, 12, 13])
1433
Vecsmall([3, 4, 5, 6, 7, 8, 1, 2, 11, 12, 13, 14, 15, 16, 9, 10])
1439
Vecsmall([9, 10, 11, 12, 13, 14, 15, 16, 1, 2, 3, 4, 5, 6, 7, 8])
1447
Vecsmall([11, 12, 13, 14, 15, 16, 9, 10, 3, 4, 5, 6, 7, 8, 1, 2])
1451
Vecsmall([14, 15, 16, 9, 10, 11, 12, 13, 6, 7, 8, 1, 2, 3, 4, 5])
1453
Vecsmall([8, 1, 2, 3, 4, 5, 6, 7, 16, 9, 10, 11, 12, 13, 14, 15])
1459
Vecsmall([16, 9, 10, 11, 12, 13, 14, 15, 8, 1, 2, 3, 4, 5, 6, 7])
1471
Vecsmall([9, 10, 11, 12, 13, 14, 15, 16, 1, 2, 3, 4, 5, 6, 7, 8])
1481
Vecsmall([7, 8, 1, 2, 3, 4, 5, 6, 15, 16, 9, 10, 11, 12, 13, 14])
1483
Vecsmall([14, 15, 16, 9, 10, 11, 12, 13, 6, 7, 8, 1, 2, 3, 4, 5])
1487
Vecsmall([13, 14, 15, 16, 9, 10, 11, 12, 5, 6, 7, 8, 1, 2, 3, 4])
1489
Vecsmall([5, 6, 7, 8, 1, 2, 3, 4, 13, 14, 15, 16, 9, 10, 11, 12])
1493
Vecsmall([6, 7, 8, 1, 2, 3, 4, 5, 14, 15, 16, 9, 10, 11, 12, 13])
1499
Vecsmall([10, 11, 12, 13, 14, 15, 16, 9, 2, 3, 4, 5, 6, 7, 8, 1])
1511
Vecsmall([11, 12, 13, 14, 15, 16, 9, 10, 3, 4, 5, 6, 7, 8, 1, 2])
1523
Vecsmall([16, 9, 10, 11, 12, 13, 14, 15, 8, 1, 2, 3, 4, 5, 6, 7])
1531
Vecsmall([10, 11, 12, 13, 14, 15, 16, 9, 2, 3, 4, 5, 6, 7, 8, 1])
1543
Vecsmall([11, 12, 13, 14, 15, 16, 9, 10, 3, 4, 5, 6, 7, 8, 1, 2])
1549
Vecsmall([8, 1, 2, 3, 4, 5, 6, 7, 16, 9, 10, 11, 12, 13, 14, 15])
1553
Vecsmall([5, 6, 7, 8, 1, 2, 3, 4, 13, 14, 15, 16, 9, 10, 11, 12])
1559
Vecsmall([15, 16, 9, 10, 11, 12, 13, 14, 7, 8, 1, 2, 3, 4, 5, 6])
1567
Vecsmall([9, 10, 11, 12, 13, 14, 15, 16, 1, 2, 3, 4, 5, 6, 7, 8])
1571
Vecsmall([12, 13, 14, 15, 16, 9, 10, 11, 4, 5, 6, 7, 8, 1, 2, 3])
1579
Vecsmall([14, 15, 16, 9, 10, 11, 12, 13, 6, 7, 8, 1, 2, 3, 4, 5])
1583
Vecsmall([13, 14, 15, 16, 9, 10, 11, 12, 5, 6, 7, 8, 1, 2, 3, 4])
1597
Vecsmall([4, 5, 6, 7, 8, 1, 2, 3, 12, 13, 14, 15, 16, 9, 10, 11])
1601
Vecsmall([1, 2, 3, 4, 5, 6, 7, 8, 9, 10, 11, 12, 13, 14, 15, 16])
1607
Vecsmall([11, 12, 13, 14, 15, 16, 9, 10, 3, 4, 5, 6, 7, 8, 1, 2])
1609
Vecsmall([7, 8, 1, 2, 3, 4, 5, 6, 15, 16, 9, 10, 11, 12, 13, 14])
1613
Vecsmall([8, 1, 2, 3, 4, 5, 6, 7, 16, 9, 10, 11, 12, 13, 14, 15])
1619
Vecsmall([16, 9, 10, 11, 12, 13, 14, 15, 8, 1, 2, 3, 4, 5, 6, 7])
1621
Vecsmall([6, 7, 8, 1, 2, 3, 4, 5, 14, 15, 16, 9, 10, 11, 12, 13])
1627
Vecsmall([10, 11, 12, 13, 14, 15, 16, 9, 2, 3, 4, 5, 6, 7, 8, 1])
1637
Vecsmall([2, 3, 4, 5, 6, 7, 8, 1, 10, 11, 12, 13, 14, 15, 16, 9])
1657
Vecsmall([3, 4, 5, 6, 7, 8, 1, 2, 11, 12, 13, 14, 15, 16, 9, 10])
1663
Vecsmall([9, 10, 11, 12, 13, 14, 15, 16, 1, 2, 3, 4, 5, 6, 7, 8])
1667
Vecsmall([12, 13, 14, 15, 16, 9, 10, 11, 4, 5, 6, 7, 8, 1, 2, 3])
1669
Vecsmall([2, 3, 4, 5, 6, 7, 8, 1, 10, 11, 12, 13, 14, 15, 16, 9])
1693
Vecsmall([4, 5, 6, 7, 8, 1, 2, 3, 12, 13, 14, 15, 16, 9, 10, 11])
1697
Vecsmall([1, 2, 3, 4, 5, 6, 7, 8, 9, 10, 11, 12, 13, 14, 15, 16])
1699
Vecsmall([12, 13, 14, 15, 16, 9, 10, 11, 4, 5, 6, 7, 8, 1, 2, 3])
1709
Vecsmall([8, 1, 2, 3, 4, 5, 6, 7, 16, 9, 10, 11, 12, 13, 14, 15])
1721
Vecsmall([3, 4, 5, 6, 7, 8, 1, 2, 11, 12, 13, 14, 15, 16, 9, 10])
1723
Vecsmall([10, 11, 12, 13, 14, 15, 16, 9, 2, 3, 4, 5, 6, 7, 8, 1])
1733
Vecsmall([2, 3, 4, 5, 6, 7, 8, 1, 10, 11, 12, 13, 14, 15, 16, 9])
1741
Vecsmall([8, 1, 2, 3, 4, 5, 6, 7, 16, 9, 10, 11, 12, 13, 14, 15])
1747
Vecsmall([16, 9, 10, 11, 12, 13, 14, 15, 8, 1, 2, 3, 4, 5, 6, 7])
1753
Vecsmall([3, 4, 5, 6, 7, 8, 1, 2, 11, 12, 13, 14, 15, 16, 9, 10])
1759
Vecsmall([9, 10, 11, 12, 13, 14, 15, 16, 1, 2, 3, 4, 5, 6, 7, 8])
1777
Vecsmall([5, 6, 7, 8, 1, 2, 3, 4, 13, 14, 15, 16, 9, 10, 11, 12])
1783
Vecsmall([15, 16, 9, 10, 11, 12, 13, 14, 7, 8, 1, 2, 3, 4, 5, 6])
1787
Vecsmall([10, 11, 12, 13, 14, 15, 16, 9, 2, 3, 4, 5, 6, 7, 8, 1])
1789
Vecsmall([4, 5, 6, 7, 8, 1, 2, 3, 12, 13, 14, 15, 16, 9, 10, 11])
1801
Vecsmall([7, 8, 1, 2, 3, 4, 5, 6, 15, 16, 9, 10, 11, 12, 13, 14])
1811
Vecsmall([16, 9, 10, 11, 12, 13, 14, 15, 8, 1, 2, 3, 4, 5, 6, 7])
1823
Vecsmall([9, 10, 11, 12, 13, 14, 15, 16, 1, 2, 3, 4, 5, 6, 7, 8])
1831
Vecsmall([11, 12, 13, 14, 15, 16, 9, 10, 3, 4, 5, 6, 7, 8, 1, 2])
1847
Vecsmall([15, 16, 9, 10, 11, 12, 13, 14, 7, 8, 1, 2, 3, 4, 5, 6])
1861
Vecsmall([2, 3, 4, 5, 6, 7, 8, 1, 10, 11, 12, 13, 14, 15, 16, 9])
1867
Vecsmall([14, 15, 16, 9, 10, 11, 12, 13, 6, 7, 8, 1, 2, 3, 4, 5])
1871
Vecsmall([13, 14, 15, 16, 9, 10, 11, 12, 5, 6, 7, 8, 1, 2, 3, 4])
1873
Vecsmall([5, 6, 7, 8, 1, 2, 3, 4, 13, 14, 15, 16, 9, 10, 11, 12])
1877
Vecsmall([6, 7, 8, 1, 2, 3, 4, 5, 14, 15, 16, 9, 10, 11, 12, 13])
1879
Vecsmall([15, 16, 9, 10, 11, 12, 13, 14, 7, 8, 1, 2, 3, 4, 5, 6])
1889
Vecsmall([1, 2, 3, 4, 5, 6, 7, 8, 9, 10, 11, 12, 13, 14, 15, 16])
1901
Vecsmall([8, 1, 2, 3, 4, 5, 6, 7, 16, 9, 10, 11, 12, 13, 14, 15])
1907
Vecsmall([16, 9, 10, 11, 12, 13, 14, 15, 8, 1, 2, 3, 4, 5, 6, 7])
1913
Vecsmall([3, 4, 5, 6, 7, 8, 1, 2, 11, 12, 13, 14, 15, 16, 9, 10])
1931
Vecsmall([14, 15, 16, 9, 10, 11, 12, 13, 6, 7, 8, 1, 2, 3, 4, 5])
1933
Vecsmall([8, 1, 2, 3, 4, 5, 6, 7, 16, 9, 10, 11, 12, 13, 14, 15])
1949
Vecsmall([4, 5, 6, 7, 8, 1, 2, 3, 12, 13, 14, 15, 16, 9, 10, 11])
1951
Vecsmall([9, 10, 11, 12, 13, 14, 15, 16, 1, 2, 3, 4, 5, 6, 7, 8])
1973
Vecsmall([6, 7, 8, 1, 2, 3, 4, 5, 14, 15, 16, 9, 10, 11, 12, 13])
1979
Vecsmall([10, 11, 12, 13, 14, 15, 16, 9, 2, 3, 4, 5, 6, 7, 8, 1])
1987
Vecsmall([12, 13, 14, 15, 16, 9, 10, 11, 4, 5, 6, 7, 8, 1, 2, 3])
1993
Vecsmall([7, 8, 1, 2, 3, 4, 5, 6, 15, 16, 9, 10, 11, 12, 13, 14])
1997
Vecsmall([8, 1, 2, 3, 4, 5, 6, 7, 16, 9, 10, 11, 12, 13, 14, 15])
1999
Vecsmall([13, 14, 15, 16, 9, 10, 11, 12, 5, 6, 7, 8, 1, 2, 3, 4])
2003
Vecsmall([16, 9, 10, 11, 12, 13, 14, 15, 8, 1, 2, 3, 4, 5, 6, 7])
2011
Vecsmall([10, 11, 12, 13, 14, 15, 16, 9, 2, 3, 4, 5, 6, 7, 8, 1])
2017
Vecsmall([1, 2, 3, 4, 5, 6, 7, 8, 9, 10, 11, 12, 13, 14, 15, 16])
2027
Vecsmall([14, 15, 16, 9, 10, 11, 12, 13, 6, 7, 8, 1, 2, 3, 4, 5])
2029
Vecsmall([8, 1, 2, 3, 4, 5, 6, 7, 16, 9, 10, 11, 12, 13, 14, 15])
2039
Vecsmall([15, 16, 9, 10, 11, 12, 13, 14, 7, 8, 1, 2, 3, 4, 5, 6])
2053
Vecsmall([2, 3, 4, 5, 6, 7, 8, 1, 10, 11, 12, 13, 14, 15, 16, 9])
2063
Vecsmall([13, 14, 15, 16, 9, 10, 11, 12, 5, 6, 7, 8, 1, 2, 3, 4])
2069
Vecsmall([6, 7, 8, 1, 2, 3, 4, 5, 14, 15, 16, 9, 10, 11, 12, 13])
2081
Vecsmall([1, 2, 3, 4, 5, 6, 7, 8, 9, 10, 11, 12, 13, 14, 15, 16])
2083
Vecsmall([12, 13, 14, 15, 16, 9, 10, 11, 4, 5, 6, 7, 8, 1, 2, 3])
2087
Vecsmall([11, 12, 13, 14, 15, 16, 9, 10, 3, 4, 5, 6, 7, 8, 1, 2])
2089
Vecsmall([7, 8, 1, 2, 3, 4, 5, 6, 15, 16, 9, 10, 11, 12, 13, 14])
2099
Vecsmall([16, 9, 10, 11, 12, 13, 14, 15, 8, 1, 2, 3, 4, 5, 6, 7])
2111
Vecsmall([9, 10, 11, 12, 13, 14, 15, 16, 1, 2, 3, 4, 5, 6, 7, 8])
2113
Vecsmall([1, 2, 3, 4, 5, 6, 7, 8, 9, 10, 11, 12, 13, 14, 15, 16])
2129
Vecsmall([5, 6, 7, 8, 1, 2, 3, 4, 13, 14, 15, 16, 9, 10, 11, 12])
2131
Vecsmall([16, 9, 10, 11, 12, 13, 14, 15, 8, 1, 2, 3, 4, 5, 6, 7])
2137
Vecsmall([3, 4, 5, 6, 7, 8, 1, 2, 11, 12, 13, 14, 15, 16, 9, 10])
2141
Vecsmall([4, 5, 6, 7, 8, 1, 2, 3, 12, 13, 14, 15, 16, 9, 10, 11])
2143
Vecsmall([9, 10, 11, 12, 13, 14, 15, 16, 1, 2, 3, 4, 5, 6, 7, 8])
2153
Vecsmall([7, 8, 1, 2, 3, 4, 5, 6, 15, 16, 9, 10, 11, 12, 13, 14])
2161
Vecsmall([5, 6, 7, 8, 1, 2, 3, 4, 13, 14, 15, 16, 9, 10, 11, 12])
2179
Vecsmall([12, 13, 14, 15, 16, 9, 10, 11, 4, 5, 6, 7, 8, 1, 2, 3])
2203
Vecsmall([10, 11, 12, 13, 14, 15, 16, 9, 2, 3, 4, 5, 6, 7, 8, 1])
2207
Vecsmall([9, 10, 11, 12, 13, 14, 15, 16, 1, 2, 3, 4, 5, 6, 7, 8])
2213
Vecsmall([2, 3, 4, 5, 6, 7, 8, 1, 10, 11, 12, 13, 14, 15, 16, 9])
2221
Vecsmall([8, 1, 2, 3, 4, 5, 6, 7, 16, 9, 10, 11, 12, 13, 14, 15])
2237
Vecsmall([4, 5, 6, 7, 8, 1, 2, 3, 12, 13, 14, 15, 16, 9, 10, 11])
2239
Vecsmall([9, 10, 11, 12, 13, 14, 15, 16, 1, 2, 3, 4, 5, 6, 7, 8])
2243
Vecsmall([12, 13, 14, 15, 16, 9, 10, 11, 4, 5, 6, 7, 8, 1, 2, 3])
2251
Vecsmall([14, 15, 16, 9, 10, 11, 12, 13, 6, 7, 8, 1, 2, 3, 4, 5])
2267
Vecsmall([10, 11, 12, 13, 14, 15, 16, 9, 2, 3, 4, 5, 6, 7, 8, 1])
2269
Vecsmall([4, 5, 6, 7, 8, 1, 2, 3, 12, 13, 14, 15, 16, 9, 10, 11])
2273
Vecsmall([1, 2, 3, 4, 5, 6, 7, 8, 9, 10, 11, 12, 13, 14, 15, 16])
2281
Vecsmall([7, 8, 1, 2, 3, 4, 5, 6, 15, 16, 9, 10, 11, 12, 13, 14])
2287
Vecsmall([13, 14, 15, 16, 9, 10, 11, 12, 5, 6, 7, 8, 1, 2, 3, 4])
2293
Vecsmall([6, 7, 8, 1, 2, 3, 4, 5, 14, 15, 16, 9, 10, 11, 12, 13])
2297
Vecsmall([3, 4, 5, 6, 7, 8, 1, 2, 11, 12, 13, 14, 15, 16, 9, 10])
2309
Vecsmall([2, 3, 4, 5, 6, 7, 8, 1, 10, 11, 12, 13, 14, 15, 16, 9])
2311
Vecsmall([11, 12, 13, 14, 15, 16, 9, 10, 3, 4, 5, 6, 7, 8, 1, 2])
2333
Vecsmall([4, 5, 6, 7, 8, 1, 2, 3, 12, 13, 14, 15, 16, 9, 10, 11])
2339
Vecsmall([12, 13, 14, 15, 16, 9, 10, 11, 4, 5, 6, 7, 8, 1, 2, 3])
2341
Vecsmall([2, 3, 4, 5, 6, 7, 8, 1, 10, 11, 12, 13, 14, 15, 16, 9])
2347
Vecsmall([14, 15, 16, 9, 10, 11, 12, 13, 6, 7, 8, 1, 2, 3, 4, 5])
2351
Vecsmall([13, 14, 15, 16, 9, 10, 11, 12, 5, 6, 7, 8, 1, 2, 3, 4])
2357
Vecsmall([6, 7, 8, 1, 2, 3, 4, 5, 14, 15, 16, 9, 10, 11, 12, 13])
2371
Vecsmall([12, 13, 14, 15, 16, 9, 10, 11, 4, 5, 6, 7, 8, 1, 2, 3])
2377
Vecsmall([7, 8, 1, 2, 3, 4, 5, 6, 15, 16, 9, 10, 11, 12, 13, 14])
2381
Vecsmall([8, 1, 2, 3, 4, 5, 6, 7, 16, 9, 10, 11, 12, 13, 14, 15])
2383
Vecsmall([13, 14, 15, 16, 9, 10, 11, 12, 5, 6, 7, 8, 1, 2, 3, 4])
2389
Vecsmall([6, 7, 8, 1, 2, 3, 4, 5, 14, 15, 16, 9, 10, 11, 12, 13])
2393
Vecsmall([3, 4, 5, 6, 7, 8, 1, 2, 11, 12, 13, 14, 15, 16, 9, 10])
2399
Vecsmall([9, 10, 11, 12, 13, 14, 15, 16, 1, 2, 3, 4, 5, 6, 7, 8])
2411
Vecsmall([14, 15, 16, 9, 10, 11, 12, 13, 6, 7, 8, 1, 2, 3, 4, 5])
2417
Vecsmall([5, 6, 7, 8, 1, 2, 3, 4, 13, 14, 15, 16, 9, 10, 11, 12])
2423
Vecsmall([15, 16, 9, 10, 11, 12, 13, 14, 7, 8, 1, 2, 3, 4, 5, 6])
2437
Vecsmall([2, 3, 4, 5, 6, 7, 8, 1, 10, 11, 12, 13, 14, 15, 16, 9])
2441
Vecsmall([7, 8, 1, 2, 3, 4, 5, 6, 15, 16, 9, 10, 11, 12, 13, 14])
2447
Vecsmall([13, 14, 15, 16, 9, 10, 11, 12, 5, 6, 7, 8, 1, 2, 3, 4])
2459
Vecsmall([10, 11, 12, 13, 14, 15, 16, 9, 2, 3, 4, 5, 6, 7, 8, 1])
2467
Vecsmall([12, 13, 14, 15, 16, 9, 10, 11, 4, 5, 6, 7, 8, 1, 2, 3])
2473
Vecsmall([7, 8, 1, 2, 3, 4, 5, 6, 15, 16, 9, 10, 11, 12, 13, 14])
2477
Vecsmall([8, 1, 2, 3, 4, 5, 6, 7, 16, 9, 10, 11, 12, 13, 14, 15])
2503
Vecsmall([11, 12, 13, 14, 15, 16, 9, 10, 3, 4, 5, 6, 7, 8, 1, 2])
2521
Vecsmall([3, 4, 5, 6, 7, 8, 1, 2, 11, 12, 13, 14, 15, 16, 9, 10])
2531
Vecsmall([12, 13, 14, 15, 16, 9, 10, 11, 4, 5, 6, 7, 8, 1, 2, 3])
2539
Vecsmall([14, 15, 16, 9, 10, 11, 12, 13, 6, 7, 8, 1, 2, 3, 4, 5])
2543
Vecsmall([13, 14, 15, 16, 9, 10, 11, 12, 5, 6, 7, 8, 1, 2, 3, 4])
2549
Vecsmall([6, 7, 8, 1, 2, 3, 4, 5, 14, 15, 16, 9, 10, 11, 12, 13])
2551
Vecsmall([15, 16, 9, 10, 11, 12, 13, 14, 7, 8, 1, 2, 3, 4, 5, 6])
2557
Vecsmall([4, 5, 6, 7, 8, 1, 2, 3, 12, 13, 14, 15, 16, 9, 10, 11])
2579
Vecsmall([16, 9, 10, 11, 12, 13, 14, 15, 8, 1, 2, 3, 4, 5, 6, 7])
2591
Vecsmall([9, 10, 11, 12, 13, 14, 15, 16, 1, 2, 3, 4, 5, 6, 7, 8])
2593
Vecsmall([1, 2, 3, 4, 5, 6, 7, 8, 9, 10, 11, 12, 13, 14, 15, 16])
2609
Vecsmall([5, 6, 7, 8, 1, 2, 3, 4, 13, 14, 15, 16, 9, 10, 11, 12])
2617
Vecsmall([3, 4, 5, 6, 7, 8, 1, 2, 11, 12, 13, 14, 15, 16, 9, 10])
2621
Vecsmall([4, 5, 6, 7, 8, 1, 2, 3, 12, 13, 14, 15, 16, 9, 10, 11])
2633
Vecsmall([7, 8, 1, 2, 3, 4, 5, 6, 15, 16, 9, 10, 11, 12, 13, 14])
2647
Vecsmall([15, 16, 9, 10, 11, 12, 13, 14, 7, 8, 1, 2, 3, 4, 5, 6])
2657
Vecsmall([1, 2, 3, 4, 5, 6, 7, 8, 9, 10, 11, 12, 13, 14, 15, 16])
2659
Vecsmall([12, 13, 14, 15, 16, 9, 10, 11, 4, 5, 6, 7, 8, 1, 2, 3])
2663
Vecsmall([11, 12, 13, 14, 15, 16, 9, 10, 3, 4, 5, 6, 7, 8, 1, 2])
2671
Vecsmall([13, 14, 15, 16, 9, 10, 11, 12, 5, 6, 7, 8, 1, 2, 3, 4])
2677
Vecsmall([6, 7, 8, 1, 2, 3, 4, 5, 14, 15, 16, 9, 10, 11, 12, 13])
2683
Vecsmall([10, 11, 12, 13, 14, 15, 16, 9, 2, 3, 4, 5, 6, 7, 8, 1])
2687
Vecsmall([9, 10, 11, 12, 13, 14, 15, 16, 1, 2, 3, 4, 5, 6, 7, 8])
2689
Vecsmall([1, 2, 3, 4, 5, 6, 7, 8, 9, 10, 11, 12, 13, 14, 15, 16])
2693
Vecsmall([2, 3, 4, 5, 6, 7, 8, 1, 10, 11, 12, 13, 14, 15, 16, 9])
2699
Vecsmall([14, 15, 16, 9, 10, 11, 12, 13, 6, 7, 8, 1, 2, 3, 4, 5])
2707
Vecsmall([16, 9, 10, 11, 12, 13, 14, 15, 8, 1, 2, 3, 4, 5, 6, 7])
2711
Vecsmall([15, 16, 9, 10, 11, 12, 13, 14, 7, 8, 1, 2, 3, 4, 5, 6])
2713
Vecsmall([3, 4, 5, 6, 7, 8, 1, 2, 11, 12, 13, 14, 15, 16, 9, 10])
2719
Vecsmall([9, 10, 11, 12, 13, 14, 15, 16, 1, 2, 3, 4, 5, 6, 7, 8])
2729
Vecsmall([7, 8, 1, 2, 3, 4, 5, 6, 15, 16, 9, 10, 11, 12, 13, 14])
2731
Vecsmall([14, 15, 16, 9, 10, 11, 12, 13, 6, 7, 8, 1, 2, 3, 4, 5])
2741
Vecsmall([6, 7, 8, 1, 2, 3, 4, 5, 14, 15, 16, 9, 10, 11, 12, 13])
2749
Vecsmall([4, 5, 6, 7, 8, 1, 2, 3, 12, 13, 14, 15, 16, 9, 10, 11])
2753
Vecsmall([1, 2, 3, 4, 5, 6, 7, 8, 9, 10, 11, 12, 13, 14, 15, 16])
2767
Vecsmall([13, 14, 15, 16, 9, 10, 11, 12, 5, 6, 7, 8, 1, 2, 3, 4])
2777
Vecsmall([3, 4, 5, 6, 7, 8, 1, 2, 11, 12, 13, 14, 15, 16, 9, 10])
2789
Vecsmall([2, 3, 4, 5, 6, 7, 8, 1, 10, 11, 12, 13, 14, 15, 16, 9])
2791
Vecsmall([11, 12, 13, 14, 15, 16, 9, 10, 3, 4, 5, 6, 7, 8, 1, 2])
2797
Vecsmall([8, 1, 2, 3, 4, 5, 6, 7, 16, 9, 10, 11, 12, 13, 14, 15])
2801
Vecsmall([5, 6, 7, 8, 1, 2, 3, 4, 13, 14, 15, 16, 9, 10, 11, 12])
2803
Vecsmall([16, 9, 10, 11, 12, 13, 14, 15, 8, 1, 2, 3, 4, 5, 6, 7])
2819
Vecsmall([12, 13, 14, 15, 16, 9, 10, 11, 4, 5, 6, 7, 8, 1, 2, 3])
2833
Vecsmall([5, 6, 7, 8, 1, 2, 3, 4, 13, 14, 15, 16, 9, 10, 11, 12])
2837
Vecsmall([6, 7, 8, 1, 2, 3, 4, 5, 14, 15, 16, 9, 10, 11, 12, 13])
2843
Vecsmall([10, 11, 12, 13, 14, 15, 16, 9, 2, 3, 4, 5, 6, 7, 8, 1])
2851
Vecsmall([12, 13, 14, 15, 16, 9, 10, 11, 4, 5, 6, 7, 8, 1, 2, 3])
2857
Vecsmall([7, 8, 1, 2, 3, 4, 5, 6, 15, 16, 9, 10, 11, 12, 13, 14])
2861
Vecsmall([8, 1, 2, 3, 4, 5, 6, 7, 16, 9, 10, 11, 12, 13, 14, 15])
2879
Vecsmall([9, 10, 11, 12, 13, 14, 15, 16, 1, 2, 3, 4, 5, 6, 7, 8])
2887
Vecsmall([11, 12, 13, 14, 15, 16, 9, 10, 3, 4, 5, 6, 7, 8, 1, 2])
2897
Vecsmall([5, 6, 7, 8, 1, 2, 3, 4, 13, 14, 15, 16, 9, 10, 11, 12])
2903
Vecsmall([15, 16, 9, 10, 11, 12, 13, 14, 7, 8, 1, 2, 3, 4, 5, 6])
2909
Vecsmall([4, 5, 6, 7, 8, 1, 2, 3, 12, 13, 14, 15, 16, 9, 10, 11])
2917
Vecsmall([2, 3, 4, 5, 6, 7, 8, 1, 10, 11, 12, 13, 14, 15, 16, 9])
2927
Vecsmall([13, 14, 15, 16, 9, 10, 11, 12, 5, 6, 7, 8, 1, 2, 3, 4])
2939
Vecsmall([10, 11, 12, 13, 14, 15, 16, 9, 2, 3, 4, 5, 6, 7, 8, 1])
2953
Vecsmall([7, 8, 1, 2, 3, 4, 5, 6, 15, 16, 9, 10, 11, 12, 13, 14])
2957
Vecsmall([8, 1, 2, 3, 4, 5, 6, 7, 16, 9, 10, 11, 12, 13, 14, 15])
2963
Vecsmall([16, 9, 10, 11, 12, 13, 14, 15, 8, 1, 2, 3, 4, 5, 6, 7])
2969
Vecsmall([3, 4, 5, 6, 7, 8, 1, 2, 11, 12, 13, 14, 15, 16, 9, 10])
2971
Vecsmall([10, 11, 12, 13, 14, 15, 16, 9, 2, 3, 4, 5, 6, 7, 8, 1])
2999
Vecsmall([15, 16, 9, 10, 11, 12, 13, 14, 7, 8, 1, 2, 3, 4, 5, 6])
3001
Vecsmall([3, 4, 5, 6, 7, 8, 1, 2, 11, 12, 13, 14, 15, 16, 9, 10])
3011
Vecsmall([12, 13, 14, 15, 16, 9, 10, 11, 4, 5, 6, 7, 8, 1, 2, 3])
3019
Vecsmall([14, 15, 16, 9, 10, 11, 12, 13, 6, 7, 8, 1, 2, 3, 4, 5])
3023
Vecsmall([13, 14, 15, 16, 9, 10, 11, 12, 5, 6, 7, 8, 1, 2, 3, 4])
3037
Vecsmall([4, 5, 6, 7, 8, 1, 2, 3, 12, 13, 14, 15, 16, 9, 10, 11])
3041
Vecsmall([1, 2, 3, 4, 5, 6, 7, 8, 9, 10, 11, 12, 13, 14, 15, 16])
3049
Vecsmall([7, 8, 1, 2, 3, 4, 5, 6, 15, 16, 9, 10, 11, 12, 13, 14])
3061
Vecsmall([6, 7, 8, 1, 2, 3, 4, 5, 14, 15, 16, 9, 10, 11, 12, 13])
3067
Vecsmall([10, 11, 12, 13, 14, 15, 16, 9, 2, 3, 4, 5, 6, 7, 8, 1])
3079
Vecsmall([11, 12, 13, 14, 15, 16, 9, 10, 3, 4, 5, 6, 7, 8, 1, 2])
3083
Vecsmall([14, 15, 16, 9, 10, 11, 12, 13, 6, 7, 8, 1, 2, 3, 4, 5])
3089
Vecsmall([5, 6, 7, 8, 1, 2, 3, 4, 13, 14, 15, 16, 9, 10, 11, 12])
3109
Vecsmall([2, 3, 4, 5, 6, 7, 8, 1, 10, 11, 12, 13, 14, 15, 16, 9])
3119
Vecsmall([13, 14, 15, 16, 9, 10, 11, 12, 5, 6, 7, 8, 1, 2, 3, 4])
3121
Vecsmall([5, 6, 7, 8, 1, 2, 3, 4, 13, 14, 15, 16, 9, 10, 11, 12])
3137
Vecsmall([1, 2, 3, 4, 5, 6, 7, 8, 9, 10, 11, 12, 13, 14, 15, 16])
3163
Vecsmall([10, 11, 12, 13, 14, 15, 16, 9, 2, 3, 4, 5, 6, 7, 8, 1])
3167
Vecsmall([9, 10, 11, 12, 13, 14, 15, 16, 1, 2, 3, 4, 5, 6, 7, 8])
3169
Vecsmall([1, 2, 3, 4, 5, 6, 7, 8, 9, 10, 11, 12, 13, 14, 15, 16])
3181
Vecsmall([8, 1, 2, 3, 4, 5, 6, 7, 16, 9, 10, 11, 12, 13, 14, 15])
3187
Vecsmall([16, 9, 10, 11, 12, 13, 14, 15, 8, 1, 2, 3, 4, 5, 6, 7])
3191
Vecsmall([15, 16, 9, 10, 11, 12, 13, 14, 7, 8, 1, 2, 3, 4, 5, 6])
3203
Vecsmall([12, 13, 14, 15, 16, 9, 10, 11, 4, 5, 6, 7, 8, 1, 2, 3])
3209
Vecsmall([7, 8, 1, 2, 3, 4, 5, 6, 15, 16, 9, 10, 11, 12, 13, 14])
3217
Vecsmall([5, 6, 7, 8, 1, 2, 3, 4, 13, 14, 15, 16, 9, 10, 11, 12])
3221
Vecsmall([6, 7, 8, 1, 2, 3, 4, 5, 14, 15, 16, 9, 10, 11, 12, 13])
3229
Vecsmall([4, 5, 6, 7, 8, 1, 2, 3, 12, 13, 14, 15, 16, 9, 10, 11])
3251
Vecsmall([16, 9, 10, 11, 12, 13, 14, 15, 8, 1, 2, 3, 4, 5, 6, 7])
3253
Vecsmall([6, 7, 8, 1, 2, 3, 4, 5, 14, 15, 16, 9, 10, 11, 12, 13])
3257
Vecsmall([3, 4, 5, 6, 7, 8, 1, 2, 11, 12, 13, 14, 15, 16, 9, 10])
3259
Vecsmall([10, 11, 12, 13, 14, 15, 16, 9, 2, 3, 4, 5, 6, 7, 8, 1])
3271
Vecsmall([11, 12, 13, 14, 15, 16, 9, 10, 3, 4, 5, 6, 7, 8, 1, 2])
3299
Vecsmall([12, 13, 14, 15, 16, 9, 10, 11, 4, 5, 6, 7, 8, 1, 2, 3])
3301
Vecsmall([2, 3, 4, 5, 6, 7, 8, 1, 10, 11, 12, 13, 14, 15, 16, 9])
3307
Vecsmall([14, 15, 16, 9, 10, 11, 12, 13, 6, 7, 8, 1, 2, 3, 4, 5])
3313
Vecsmall([5, 6, 7, 8, 1, 2, 3, 4, 13, 14, 15, 16, 9, 10, 11, 12])
3319
Vecsmall([15, 16, 9, 10, 11, 12, 13, 14, 7, 8, 1, 2, 3, 4, 5, 6])
3323
Vecsmall([10, 11, 12, 13, 14, 15, 16, 9, 2, 3, 4, 5, 6, 7, 8, 1])
3329
Vecsmall([1, 2, 3, 4, 5, 6, 7, 8, 9, 10, 11, 12, 13, 14, 15, 16])
3331
Vecsmall([12, 13, 14, 15, 16, 9, 10, 11, 4, 5, 6, 7, 8, 1, 2, 3])
3343
Vecsmall([13, 14, 15, 16, 9, 10, 11, 12, 5, 6, 7, 8, 1, 2, 3, 4])
3347
Vecsmall([16, 9, 10, 11, 12, 13, 14, 15, 8, 1, 2, 3, 4, 5, 6, 7])
3359
Vecsmall([9, 10, 11, 12, 13, 14, 15, 16, 1, 2, 3, 4, 5, 6, 7, 8])
3361
Vecsmall([1, 2, 3, 4, 5, 6, 7, 8, 9, 10, 11, 12, 13, 14, 15, 16])
3371
Vecsmall([14, 15, 16, 9, 10, 11, 12, 13, 6, 7, 8, 1, 2, 3, 4, 5])
3373
Vecsmall([8, 1, 2, 3, 4, 5, 6, 7, 16, 9, 10, 11, 12, 13, 14, 15])
3389
Vecsmall([4, 5, 6, 7, 8, 1, 2, 3, 12, 13, 14, 15, 16, 9, 10, 11])
3391
Vecsmall([9, 10, 11, 12, 13, 14, 15, 16, 1, 2, 3, 4, 5, 6, 7, 8])
3407
Vecsmall([13, 14, 15, 16, 9, 10, 11, 12, 5, 6, 7, 8, 1, 2, 3, 4])
3413
Vecsmall([6, 7, 8, 1, 2, 3, 4, 5, 14, 15, 16, 9, 10, 11, 12, 13])
3433
Vecsmall([7, 8, 1, 2, 3, 4, 5, 6, 15, 16, 9, 10, 11, 12, 13, 14])
3449
Vecsmall([3, 4, 5, 6, 7, 8, 1, 2, 11, 12, 13, 14, 15, 16, 9, 10])
3457
Vecsmall([1, 2, 3, 4, 5, 6, 7, 8, 9, 10, 11, 12, 13, 14, 15, 16])
3461
Vecsmall([2, 3, 4, 5, 6, 7, 8, 1, 10, 11, 12, 13, 14, 15, 16, 9])
3463
Vecsmall([11, 12, 13, 14, 15, 16, 9, 10, 3, 4, 5, 6, 7, 8, 1, 2])
3467
Vecsmall([14, 15, 16, 9, 10, 11, 12, 13, 6, 7, 8, 1, 2, 3, 4, 5])
3469
Vecsmall([8, 1, 2, 3, 4, 5, 6, 7, 16, 9, 10, 11, 12, 13, 14, 15])
3491
Vecsmall([12, 13, 14, 15, 16, 9, 10, 11, 4, 5, 6, 7, 8, 1, 2, 3])
3499
Vecsmall([14, 15, 16, 9, 10, 11, 12, 13, 6, 7, 8, 1, 2, 3, 4, 5])
3511
Vecsmall([15, 16, 9, 10, 11, 12, 13, 14, 7, 8, 1, 2, 3, 4, 5, 6])
3517
Vecsmall([4, 5, 6, 7, 8, 1, 2, 3, 12, 13, 14, 15, 16, 9, 10, 11])
3527
Vecsmall([11, 12, 13, 14, 15, 16, 9, 10, 3, 4, 5, 6, 7, 8, 1, 2])
3529
Vecsmall([7, 8, 1, 2, 3, 4, 5, 6, 15, 16, 9, 10, 11, 12, 13, 14])
3533
Vecsmall([8, 1, 2, 3, 4, 5, 6, 7, 16, 9, 10, 11, 12, 13, 14, 15])
3539
Vecsmall([16, 9, 10, 11, 12, 13, 14, 15, 8, 1, 2, 3, 4, 5, 6, 7])
3541
Vecsmall([6, 7, 8, 1, 2, 3, 4, 5, 14, 15, 16, 9, 10, 11, 12, 13])
3547
Vecsmall([10, 11, 12, 13, 14, 15, 16, 9, 2, 3, 4, 5, 6, 7, 8, 1])
3557
Vecsmall([2, 3, 4, 5, 6, 7, 8, 1, 10, 11, 12, 13, 14, 15, 16, 9])
3559
Vecsmall([11, 12, 13, 14, 15, 16, 9, 10, 3, 4, 5, 6, 7, 8, 1, 2])
3571
Vecsmall([16, 9, 10, 11, 12, 13, 14, 15, 8, 1, 2, 3, 4, 5, 6, 7])
3581
Vecsmall([4, 5, 6, 7, 8, 1, 2, 3, 12, 13, 14, 15, 16, 9, 10, 11])
3583
Vecsmall([9, 10, 11, 12, 13, 14, 15, 16, 1, 2, 3, 4, 5, 6, 7, 8])
3593
Vecsmall([7, 8, 1, 2, 3, 4, 5, 6, 15, 16, 9, 10, 11, 12, 13, 14])
3607
Vecsmall([15, 16, 9, 10, 11, 12, 13, 14, 7, 8, 1, 2, 3, 4, 5, 6])
3613
Vecsmall([4, 5, 6, 7, 8, 1, 2, 3, 12, 13, 14, 15, 16, 9, 10, 11])
3617
Vecsmall([1, 2, 3, 4, 5, 6, 7, 8, 9, 10, 11, 12, 13, 14, 15, 16])
3623
Vecsmall([11, 12, 13, 14, 15, 16, 9, 10, 3, 4, 5, 6, 7, 8, 1, 2])
3631
Vecsmall([13, 14, 15, 16, 9, 10, 11, 12, 5, 6, 7, 8, 1, 2, 3, 4])
3637
Vecsmall([6, 7, 8, 1, 2, 3, 4, 5, 14, 15, 16, 9, 10, 11, 12, 13])
3643
Vecsmall([10, 11, 12, 13, 14, 15, 16, 9, 2, 3, 4, 5, 6, 7, 8, 1])
3659
Vecsmall([14, 15, 16, 9, 10, 11, 12, 13, 6, 7, 8, 1, 2, 3, 4, 5])
3671
Vecsmall([15, 16, 9, 10, 11, 12, 13, 14, 7, 8, 1, 2, 3, 4, 5, 6])
3673
Vecsmall([3, 4, 5, 6, 7, 8, 1, 2, 11, 12, 13, 14, 15, 16, 9, 10])
3677
Vecsmall([4, 5, 6, 7, 8, 1, 2, 3, 12, 13, 14, 15, 16, 9, 10, 11])
3691
Vecsmall([14, 15, 16, 9, 10, 11, 12, 13, 6, 7, 8, 1, 2, 3, 4, 5])
3697
Vecsmall([5, 6, 7, 8, 1, 2, 3, 4, 13, 14, 15, 16, 9, 10, 11, 12])
3701
Vecsmall([6, 7, 8, 1, 2, 3, 4, 5, 14, 15, 16, 9, 10, 11, 12, 13])
3709
Vecsmall([4, 5, 6, 7, 8, 1, 2, 3, 12, 13, 14, 15, 16, 9, 10, 11])
3719
Vecsmall([11, 12, 13, 14, 15, 16, 9, 10, 3, 4, 5, 6, 7, 8, 1, 2])
3727
Vecsmall([13, 14, 15, 16, 9, 10, 11, 12, 5, 6, 7, 8, 1, 2, 3, 4])
3733
Vecsmall([6, 7, 8, 1, 2, 3, 4, 5, 14, 15, 16, 9, 10, 11, 12, 13])
3739
Vecsmall([10, 11, 12, 13, 14, 15, 16, 9, 2, 3, 4, 5, 6, 7, 8, 1])
3761
Vecsmall([5, 6, 7, 8, 1, 2, 3, 4, 13, 14, 15, 16, 9, 10, 11, 12])
3767
Vecsmall([15, 16, 9, 10, 11, 12, 13, 14, 7, 8, 1, 2, 3, 4, 5, 6])
3769
Vecsmall([3, 4, 5, 6, 7, 8, 1, 2, 11, 12, 13, 14, 15, 16, 9, 10])
3779
Vecsmall([12, 13, 14, 15, 16, 9, 10, 11, 4, 5, 6, 7, 8, 1, 2, 3])
3793
Vecsmall([5, 6, 7, 8, 1, 2, 3, 4, 13, 14, 15, 16, 9, 10, 11, 12])
3797
Vecsmall([6, 7, 8, 1, 2, 3, 4, 5, 14, 15, 16, 9, 10, 11, 12, 13])
3803
Vecsmall([10, 11, 12, 13, 14, 15, 16, 9, 2, 3, 4, 5, 6, 7, 8, 1])
3821
Vecsmall([8, 1, 2, 3, 4, 5, 6, 7, 16, 9, 10, 11, 12, 13, 14, 15])
3823
Vecsmall([13, 14, 15, 16, 9, 10, 11, 12, 5, 6, 7, 8, 1, 2, 3, 4])
3833
Vecsmall([3, 4, 5, 6, 7, 8, 1, 2, 11, 12, 13, 14, 15, 16, 9, 10])
3847
Vecsmall([11, 12, 13, 14, 15, 16, 9, 10, 3, 4, 5, 6, 7, 8, 1, 2])
3851
Vecsmall([14, 15, 16, 9, 10, 11, 12, 13, 6, 7, 8, 1, 2, 3, 4, 5])
3853
Vecsmall([8, 1, 2, 3, 4, 5, 6, 7, 16, 9, 10, 11, 12, 13, 14, 15])
3863
Vecsmall([15, 16, 9, 10, 11, 12, 13, 14, 7, 8, 1, 2, 3, 4, 5, 6])
3877
Vecsmall([2, 3, 4, 5, 6, 7, 8, 1, 10, 11, 12, 13, 14, 15, 16, 9])
3881
Vecsmall([7, 8, 1, 2, 3, 4, 5, 6, 15, 16, 9, 10, 11, 12, 13, 14])
3889
Vecsmall([5, 6, 7, 8, 1, 2, 3, 4, 13, 14, 15, 16, 9, 10, 11, 12])
3907
Vecsmall([12, 13, 14, 15, 16, 9, 10, 11, 4, 5, 6, 7, 8, 1, 2, 3])
3911
Vecsmall([11, 12, 13, 14, 15, 16, 9, 10, 3, 4, 5, 6, 7, 8, 1, 2])
3917
Vecsmall([8, 1, 2, 3, 4, 5, 6, 7, 16, 9, 10, 11, 12, 13, 14, 15])
3919
Vecsmall([13, 14, 15, 16, 9, 10, 11, 12, 5, 6, 7, 8, 1, 2, 3, 4])
3923
Vecsmall([16, 9, 10, 11, 12, 13, 14, 15, 8, 1, 2, 3, 4, 5, 6, 7])
3929
Vecsmall([3, 4, 5, 6, 7, 8, 1, 2, 11, 12, 13, 14, 15, 16, 9, 10])
3931
Vecsmall([10, 11, 12, 13, 14, 15, 16, 9, 2, 3, 4, 5, 6, 7, 8, 1])
3943
Vecsmall([11, 12, 13, 14, 15, 16, 9, 10, 3, 4, 5, 6, 7, 8, 1, 2])
3947
Vecsmall([14, 15, 16, 9, 10, 11, 12, 13, 6, 7, 8, 1, 2, 3, 4, 5])
3967
Vecsmall([9, 10, 11, 12, 13, 14, 15, 16, 1, 2, 3, 4, 5, 6, 7, 8])
3989
Vecsmall([6, 7, 8, 1, 2, 3, 4, 5, 14, 15, 16, 9, 10, 11, 12, 13])
4001
Vecsmall([1, 2, 3, 4, 5, 6, 7, 8, 9, 10, 11, 12, 13, 14, 15, 16])
4003
Vecsmall([12, 13, 14, 15, 16, 9, 10, 11, 4, 5, 6, 7, 8, 1, 2, 3])
4007
Vecsmall([11, 12, 13, 14, 15, 16, 9, 10, 3, 4, 5, 6, 7, 8, 1, 2])
4013
Vecsmall([8, 1, 2, 3, 4, 5, 6, 7, 16, 9, 10, 11, 12, 13, 14, 15])
4019
Vecsmall([16, 9, 10, 11, 12, 13, 14, 15, 8, 1, 2, 3, 4, 5, 6, 7])
4021
Vecsmall([6, 7, 8, 1, 2, 3, 4, 5, 14, 15, 16, 9, 10, 11, 12, 13])
4027
Vecsmall([10, 11, 12, 13, 14, 15, 16, 9, 2, 3, 4, 5, 6, 7, 8, 1])
4049
Vecsmall([5, 6, 7, 8, 1, 2, 3, 4, 13, 14, 15, 16, 9, 10, 11, 12])
4051
Vecsmall([16, 9, 10, 11, 12, 13, 14, 15, 8, 1, 2, 3, 4, 5, 6, 7])
4057
Vecsmall([3, 4, 5, 6, 7, 8, 1, 2, 11, 12, 13, 14, 15, 16, 9, 10])
4073
Vecsmall([7, 8, 1, 2, 3, 4, 5, 6, 15, 16, 9, 10, 11, 12, 13, 14])
4079
Vecsmall([13, 14, 15, 16, 9, 10, 11, 12, 5, 6, 7, 8, 1, 2, 3, 4])
4091
Vecsmall([10, 11, 12, 13, 14, 15, 16, 9, 2, 3, 4, 5, 6, 7, 8, 1])
4093
Vecsmall([4, 5, 6, 7, 8, 1, 2, 3, 12, 13, 14, 15, 16, 9, 10, 11])
4099
Vecsmall([12, 13, 14, 15, 16, 9, 10, 11, 4, 5, 6, 7, 8, 1, 2, 3])
4111
Vecsmall([13, 14, 15, 16, 9, 10, 11, 12, 5, 6, 7, 8, 1, 2, 3, 4])
4127
Vecsmall([9, 10, 11, 12, 13, 14, 15, 16, 1, 2, 3, 4, 5, 6, 7, 8])
4129
Vecsmall([1, 2, 3, 4, 5, 6, 7, 8, 9, 10, 11, 12, 13, 14, 15, 16])
4133
Vecsmall([2, 3, 4, 5, 6, 7, 8, 1, 10, 11, 12, 13, 14, 15, 16, 9])
4139
Vecsmall([14, 15, 16, 9, 10, 11, 12, 13, 6, 7, 8, 1, 2, 3, 4, 5])
4153
Vecsmall([3, 4, 5, 6, 7, 8, 1, 2, 11, 12, 13, 14, 15, 16, 9, 10])
4157
Vecsmall([4, 5, 6, 7, 8, 1, 2, 3, 12, 13, 14, 15, 16, 9, 10, 11])
4159
Vecsmall([9, 10, 11, 12, 13, 14, 15, 16, 1, 2, 3, 4, 5, 6, 7, 8])
4177
Vecsmall([5, 6, 7, 8, 1, 2, 3, 4, 13, 14, 15, 16, 9, 10, 11, 12])
4201
Vecsmall([7, 8, 1, 2, 3, 4, 5, 6, 15, 16, 9, 10, 11, 12, 13, 14])
4211
Vecsmall([16, 9, 10, 11, 12, 13, 14, 15, 8, 1, 2, 3, 4, 5, 6, 7])
4217
Vecsmall([3, 4, 5, 6, 7, 8, 1, 2, 11, 12, 13, 14, 15, 16, 9, 10])
4219
Vecsmall([10, 11, 12, 13, 14, 15, 16, 9, 2, 3, 4, 5, 6, 7, 8, 1])
4229
Vecsmall([2, 3, 4, 5, 6, 7, 8, 1, 10, 11, 12, 13, 14, 15, 16, 9])
4231
Vecsmall([11, 12, 13, 14, 15, 16, 9, 10, 3, 4, 5, 6, 7, 8, 1, 2])
4241
Vecsmall([5, 6, 7, 8, 1, 2, 3, 4, 13, 14, 15, 16, 9, 10, 11, 12])
4243
Vecsmall([16, 9, 10, 11, 12, 13, 14, 15, 8, 1, 2, 3, 4, 5, 6, 7])
4253
Vecsmall([4, 5, 6, 7, 8, 1, 2, 3, 12, 13, 14, 15, 16, 9, 10, 11])
4259
Vecsmall([12, 13, 14, 15, 16, 9, 10, 11, 4, 5, 6, 7, 8, 1, 2, 3])
4261
Vecsmall([2, 3, 4, 5, 6, 7, 8, 1, 10, 11, 12, 13, 14, 15, 16, 9])
4271
Vecsmall([13, 14, 15, 16, 9, 10, 11, 12, 5, 6, 7, 8, 1, 2, 3, 4])
4273
Vecsmall([5, 6, 7, 8, 1, 2, 3, 4, 13, 14, 15, 16, 9, 10, 11, 12])
4283
Vecsmall([10, 11, 12, 13, 14, 15, 16, 9, 2, 3, 4, 5, 6, 7, 8, 1])
4289
Vecsmall([1, 2, 3, 4, 5, 6, 7, 8, 9, 10, 11, 12, 13, 14, 15, 16])
4297
Vecsmall([7, 8, 1, 2, 3, 4, 5, 6, 15, 16, 9, 10, 11, 12, 13, 14])
4327
Vecsmall([11, 12, 13, 14, 15, 16, 9, 10, 3, 4, 5, 6, 7, 8, 1, 2])
4337
Vecsmall([5, 6, 7, 8, 1, 2, 3, 4, 13, 14, 15, 16, 9, 10, 11, 12])
4339
Vecsmall([16, 9, 10, 11, 12, 13, 14, 15, 8, 1, 2, 3, 4, 5, 6, 7])
4349
Vecsmall([4, 5, 6, 7, 8, 1, 2, 3, 12, 13, 14, 15, 16, 9, 10, 11])
4357
Vecsmall([2, 3, 4, 5, 6, 7, 8, 1, 10, 11, 12, 13, 14, 15, 16, 9])
4363
Vecsmall([14, 15, 16, 9, 10, 11, 12, 13, 6, 7, 8, 1, 2, 3, 4, 5])
4373
Vecsmall([6, 7, 8, 1, 2, 3, 4, 5, 14, 15, 16, 9, 10, 11, 12, 13])
4391
Vecsmall([11, 12, 13, 14, 15, 16, 9, 10, 3, 4, 5, 6, 7, 8, 1, 2])
4397
Vecsmall([8, 1, 2, 3, 4, 5, 6, 7, 16, 9, 10, 11, 12, 13, 14, 15])
4409
Vecsmall([3, 4, 5, 6, 7, 8, 1, 2, 11, 12, 13, 14, 15, 16, 9, 10])
4421
Vecsmall([2, 3, 4, 5, 6, 7, 8, 1, 10, 11, 12, 13, 14, 15, 16, 9])
4423
Vecsmall([11, 12, 13, 14, 15, 16, 9, 10, 3, 4, 5, 6, 7, 8, 1, 2])
4441
Vecsmall([3, 4, 5, 6, 7, 8, 1, 2, 11, 12, 13, 14, 15, 16, 9, 10])
4447
Vecsmall([9, 10, 11, 12, 13, 14, 15, 16, 1, 2, 3, 4, 5, 6, 7, 8])
4451
Vecsmall([12, 13, 14, 15, 16, 9, 10, 11, 4, 5, 6, 7, 8, 1, 2, 3])
4457
Vecsmall([7, 8, 1, 2, 3, 4, 5, 6, 15, 16, 9, 10, 11, 12, 13, 14])
4463
Vecsmall([13, 14, 15, 16, 9, 10, 11, 12, 5, 6, 7, 8, 1, 2, 3, 4])
4481
Vecsmall([1, 2, 3, 4, 5, 6, 7, 8, 9, 10, 11, 12, 13, 14, 15, 16])
4483
Vecsmall([12, 13, 14, 15, 16, 9, 10, 11, 4, 5, 6, 7, 8, 1, 2, 3])
4493
Vecsmall([8, 1, 2, 3, 4, 5, 6, 7, 16, 9, 10, 11, 12, 13, 14, 15])
4507
Vecsmall([10, 11, 12, 13, 14, 15, 16, 9, 2, 3, 4, 5, 6, 7, 8, 1])
4513
Vecsmall([1, 2, 3, 4, 5, 6, 7, 8, 9, 10, 11, 12, 13, 14, 15, 16])
4517
Vecsmall([2, 3, 4, 5, 6, 7, 8, 1, 10, 11, 12, 13, 14, 15, 16, 9])
4519
Vecsmall([11, 12, 13, 14, 15, 16, 9, 10, 3, 4, 5, 6, 7, 8, 1, 2])
4523
Vecsmall([14, 15, 16, 9, 10, 11, 12, 13, 6, 7, 8, 1, 2, 3, 4, 5])
4547
Vecsmall([12, 13, 14, 15, 16, 9, 10, 11, 4, 5, 6, 7, 8, 1, 2, 3])
4549
Vecsmall([2, 3, 4, 5, 6, 7, 8, 1, 10, 11, 12, 13, 14, 15, 16, 9])
4561
Vecsmall([5, 6, 7, 8, 1, 2, 3, 4, 13, 14, 15, 16, 9, 10, 11, 12])
4567
Vecsmall([15, 16, 9, 10, 11, 12, 13, 14, 7, 8, 1, 2, 3, 4, 5, 6])
4583
Vecsmall([11, 12, 13, 14, 15, 16, 9, 10, 3, 4, 5, 6, 7, 8, 1, 2])
4591
Vecsmall([13, 14, 15, 16, 9, 10, 11, 12, 5, 6, 7, 8, 1, 2, 3, 4])
4597
Vecsmall([6, 7, 8, 1, 2, 3, 4, 5, 14, 15, 16, 9, 10, 11, 12, 13])
4603
Vecsmall([10, 11, 12, 13, 14, 15, 16, 9, 2, 3, 4, 5, 6, 7, 8, 1])
4621
Vecsmall([8, 1, 2, 3, 4, 5, 6, 7, 16, 9, 10, 11, 12, 13, 14, 15])
4637
Vecsmall([4, 5, 6, 7, 8, 1, 2, 3, 12, 13, 14, 15, 16, 9, 10, 11])
4639
Vecsmall([9, 10, 11, 12, 13, 14, 15, 16, 1, 2, 3, 4, 5, 6, 7, 8])
4643
Vecsmall([12, 13, 14, 15, 16, 9, 10, 11, 4, 5, 6, 7, 8, 1, 2, 3])
4649
Vecsmall([7, 8, 1, 2, 3, 4, 5, 6, 15, 16, 9, 10, 11, 12, 13, 14])
4651
Vecsmall([14, 15, 16, 9, 10, 11, 12, 13, 6, 7, 8, 1, 2, 3, 4, 5])
4657
Vecsmall([5, 6, 7, 8, 1, 2, 3, 4, 13, 14, 15, 16, 9, 10, 11, 12])
4663
Vecsmall([15, 16, 9, 10, 11, 12, 13, 14, 7, 8, 1, 2, 3, 4, 5, 6])
4673
Vecsmall([1, 2, 3, 4, 5, 6, 7, 8, 9, 10, 11, 12, 13, 14, 15, 16])
4679
Vecsmall([11, 12, 13, 14, 15, 16, 9, 10, 3, 4, 5, 6, 7, 8, 1, 2])
4691
Vecsmall([16, 9, 10, 11, 12, 13, 14, 15, 8, 1, 2, 3, 4, 5, 6, 7])
4703
Vecsmall([9, 10, 11, 12, 13, 14, 15, 16, 1, 2, 3, 4, 5, 6, 7, 8])
4721
Vecsmall([5, 6, 7, 8, 1, 2, 3, 4, 13, 14, 15, 16, 9, 10, 11, 12])
4723
Vecsmall([16, 9, 10, 11, 12, 13, 14, 15, 8, 1, 2, 3, 4, 5, 6, 7])
4729
Vecsmall([3, 4, 5, 6, 7, 8, 1, 2, 11, 12, 13, 14, 15, 16, 9, 10])
4733
Vecsmall([4, 5, 6, 7, 8, 1, 2, 3, 12, 13, 14, 15, 16, 9, 10, 11])
4751
Vecsmall([13, 14, 15, 16, 9, 10, 11, 12, 5, 6, 7, 8, 1, 2, 3, 4])
4759
Vecsmall([15, 16, 9, 10, 11, 12, 13, 14, 7, 8, 1, 2, 3, 4, 5, 6])
4783
Vecsmall([13, 14, 15, 16, 9, 10, 11, 12, 5, 6, 7, 8, 1, 2, 3, 4])
4787
Vecsmall([16, 9, 10, 11, 12, 13, 14, 15, 8, 1, 2, 3, 4, 5, 6, 7])
4789
Vecsmall([6, 7, 8, 1, 2, 3, 4, 5, 14, 15, 16, 9, 10, 11, 12, 13])
4793
Vecsmall([3, 4, 5, 6, 7, 8, 1, 2, 11, 12, 13, 14, 15, 16, 9, 10])
4799
Vecsmall([9, 10, 11, 12, 13, 14, 15, 16, 1, 2, 3, 4, 5, 6, 7, 8])
4801
Vecsmall([1, 2, 3, 4, 5, 6, 7, 8, 9, 10, 11, 12, 13, 14, 15, 16])
4813
Vecsmall([8, 1, 2, 3, 4, 5, 6, 7, 16, 9, 10, 11, 12, 13, 14, 15])
4817
Vecsmall([5, 6, 7, 8, 1, 2, 3, 4, 13, 14, 15, 16, 9, 10, 11, 12])
4831
Vecsmall([9, 10, 11, 12, 13, 14, 15, 16, 1, 2, 3, 4, 5, 6, 7, 8])
4861
Vecsmall([4, 5, 6, 7, 8, 1, 2, 3, 12, 13, 14, 15, 16, 9, 10, 11])
4871
Vecsmall([11, 12, 13, 14, 15, 16, 9, 10, 3, 4, 5, 6, 7, 8, 1, 2])
4877
Vecsmall([8, 1, 2, 3, 4, 5, 6, 7, 16, 9, 10, 11, 12, 13, 14, 15])
4889
Vecsmall([3, 4, 5, 6, 7, 8, 1, 2, 11, 12, 13, 14, 15, 16, 9, 10])
4903
Vecsmall([11, 12, 13, 14, 15, 16, 9, 10, 3, 4, 5, 6, 7, 8, 1, 2])
4909
Vecsmall([8, 1, 2, 3, 4, 5, 6, 7, 16, 9, 10, 11, 12, 13, 14, 15])
4919
Vecsmall([15, 16, 9, 10, 11, 12, 13, 14, 7, 8, 1, 2, 3, 4, 5, 6])
4931
Vecsmall([12, 13, 14, 15, 16, 9, 10, 11, 4, 5, 6, 7, 8, 1, 2, 3])
4933
Vecsmall([2, 3, 4, 5, 6, 7, 8, 1, 10, 11, 12, 13, 14, 15, 16, 9])
4937
Vecsmall([7, 8, 1, 2, 3, 4, 5, 6, 15, 16, 9, 10, 11, 12, 13, 14])
4943
Vecsmall([13, 14, 15, 16, 9, 10, 11, 12, 5, 6, 7, 8, 1, 2, 3, 4])
4951
Vecsmall([15, 16, 9, 10, 11, 12, 13, 14, 7, 8, 1, 2, 3, 4, 5, 6])
4957
Vecsmall([4, 5, 6, 7, 8, 1, 2, 3, 12, 13, 14, 15, 16, 9, 10, 11])
4967
Vecsmall([11, 12, 13, 14, 15, 16, 9, 10, 3, 4, 5, 6, 7, 8, 1, 2])
4969
Vecsmall([7, 8, 1, 2, 3, 4, 5, 6, 15, 16, 9, 10, 11, 12, 13, 14])
4973
Vecsmall([8, 1, 2, 3, 4, 5, 6, 7, 16, 9, 10, 11, 12, 13, 14, 15])
4987
Vecsmall([10, 11, 12, 13, 14, 15, 16, 9, 2, 3, 4, 5, 6, 7, 8, 1])
4993
Vecsmall([1, 2, 3, 4, 5, 6, 7, 8, 9, 10, 11, 12, 13, 14, 15, 16])
4999
Vecsmall([11, 12, 13, 14, 15, 16, 9, 10, 3, 4, 5, 6, 7, 8, 1, 2])
5003
Vecsmall([14, 15, 16, 9, 10, 11, 12, 13, 6, 7, 8, 1, 2, 3, 4, 5])
5009
Vecsmall([5, 6, 7, 8, 1, 2, 3, 4, 13, 14, 15, 16, 9, 10, 11, 12])
5011
Vecsmall([16, 9, 10, 11, 12, 13, 14, 15, 8, 1, 2, 3, 4, 5, 6, 7])
5021
Vecsmall([4, 5, 6, 7, 8, 1, 2, 3, 12, 13, 14, 15, 16, 9, 10, 11])
5023
Vecsmall([9, 10, 11, 12, 13, 14, 15, 16, 1, 2, 3, 4, 5, 6, 7, 8])
5039
Vecsmall([13, 14, 15, 16, 9, 10, 11, 12, 5, 6, 7, 8, 1, 2, 3, 4])
5051
Vecsmall([10, 11, 12, 13, 14, 15, 16, 9, 2, 3, 4, 5, 6, 7, 8, 1])
5059
Vecsmall([12, 13, 14, 15, 16, 9, 10, 11, 4, 5, 6, 7, 8, 1, 2, 3])
5077
Vecsmall([6, 7, 8, 1, 2, 3, 4, 5, 14, 15, 16, 9, 10, 11, 12, 13])
5081
Vecsmall([3, 4, 5, 6, 7, 8, 1, 2, 11, 12, 13, 14, 15, 16, 9, 10])
5087
Vecsmall([9, 10, 11, 12, 13, 14, 15, 16, 1, 2, 3, 4, 5, 6, 7, 8])
5099
Vecsmall([14, 15, 16, 9, 10, 11, 12, 13, 6, 7, 8, 1, 2, 3, 4, 5])
5101
Vecsmall([8, 1, 2, 3, 4, 5, 6, 7, 16, 9, 10, 11, 12, 13, 14, 15])
5107
Vecsmall([16, 9, 10, 11, 12, 13, 14, 15, 8, 1, 2, 3, 4, 5, 6, 7])
5113
Vecsmall([3, 4, 5, 6, 7, 8, 1, 2, 11, 12, 13, 14, 15, 16, 9, 10])
5119
Vecsmall([9, 10, 11, 12, 13, 14, 15, 16, 1, 2, 3, 4, 5, 6, 7, 8])
5147
Vecsmall([10, 11, 12, 13, 14, 15, 16, 9, 2, 3, 4, 5, 6, 7, 8, 1])
5153
Vecsmall([1, 2, 3, 4, 5, 6, 7, 8, 9, 10, 11, 12, 13, 14, 15, 16])
5167
Vecsmall([13, 14, 15, 16, 9, 10, 11, 12, 5, 6, 7, 8, 1, 2, 3, 4])
5171
Vecsmall([16, 9, 10, 11, 12, 13, 14, 15, 8, 1, 2, 3, 4, 5, 6, 7])
5179
Vecsmall([10, 11, 12, 13, 14, 15, 16, 9, 2, 3, 4, 5, 6, 7, 8, 1])
5189
Vecsmall([2, 3, 4, 5, 6, 7, 8, 1, 10, 11, 12, 13, 14, 15, 16, 9])
5197
Vecsmall([8, 1, 2, 3, 4, 5, 6, 7, 16, 9, 10, 11, 12, 13, 14, 15])
5209
Vecsmall([3, 4, 5, 6, 7, 8, 1, 2, 11, 12, 13, 14, 15, 16, 9, 10])
5227
Vecsmall([14, 15, 16, 9, 10, 11, 12, 13, 6, 7, 8, 1, 2, 3, 4, 5])
5231
Vecsmall([13, 14, 15, 16, 9, 10, 11, 12, 5, 6, 7, 8, 1, 2, 3, 4])
5233
Vecsmall([5, 6, 7, 8, 1, 2, 3, 4, 13, 14, 15, 16, 9, 10, 11, 12])
5237
Vecsmall([6, 7, 8, 1, 2, 3, 4, 5, 14, 15, 16, 9, 10, 11, 12, 13])
5261
Vecsmall([8, 1, 2, 3, 4, 5, 6, 7, 16, 9, 10, 11, 12, 13, 14, 15])
5273
Vecsmall([3, 4, 5, 6, 7, 8, 1, 2, 11, 12, 13, 14, 15, 16, 9, 10])
5279
Vecsmall([9, 10, 11, 12, 13, 14, 15, 16, 1, 2, 3, 4, 5, 6, 7, 8])
5281
Vecsmall([1, 2, 3, 4, 5, 6, 7, 8, 9, 10, 11, 12, 13, 14, 15, 16])
5297
Vecsmall([5, 6, 7, 8, 1, 2, 3, 4, 13, 14, 15, 16, 9, 10, 11, 12])
5303
Vecsmall([15, 16, 9, 10, 11, 12, 13, 14, 7, 8, 1, 2, 3, 4, 5, 6])
5309
Vecsmall([4, 5, 6, 7, 8, 1, 2, 3, 12, 13, 14, 15, 16, 9, 10, 11])
5323
Vecsmall([14, 15, 16, 9, 10, 11, 12, 13, 6, 7, 8, 1, 2, 3, 4, 5])
5333
Vecsmall([6, 7, 8, 1, 2, 3, 4, 5, 14, 15, 16, 9, 10, 11, 12, 13])
5347
Vecsmall([12, 13, 14, 15, 16, 9, 10, 11, 4, 5, 6, 7, 8, 1, 2, 3])
5351
Vecsmall([11, 12, 13, 14, 15, 16, 9, 10, 3, 4, 5, 6, 7, 8, 1, 2])
5381
Vecsmall([2, 3, 4, 5, 6, 7, 8, 1, 10, 11, 12, 13, 14, 15, 16, 9])
5387
Vecsmall([14, 15, 16, 9, 10, 11, 12, 13, 6, 7, 8, 1, 2, 3, 4, 5])
5393
Vecsmall([5, 6, 7, 8, 1, 2, 3, 4, 13, 14, 15, 16, 9, 10, 11, 12])
5399
Vecsmall([15, 16, 9, 10, 11, 12, 13, 14, 7, 8, 1, 2, 3, 4, 5, 6])
5407
Vecsmall([9, 10, 11, 12, 13, 14, 15, 16, 1, 2, 3, 4, 5, 6, 7, 8])
5413
Vecsmall([2, 3, 4, 5, 6, 7, 8, 1, 10, 11, 12, 13, 14, 15, 16, 9])
5417
Vecsmall([7, 8, 1, 2, 3, 4, 5, 6, 15, 16, 9, 10, 11, 12, 13, 14])
5419
Vecsmall([14, 15, 16, 9, 10, 11, 12, 13, 6, 7, 8, 1, 2, 3, 4, 5])
5431
Vecsmall([15, 16, 9, 10, 11, 12, 13, 14, 7, 8, 1, 2, 3, 4, 5, 6])
5437
Vecsmall([4, 5, 6, 7, 8, 1, 2, 3, 12, 13, 14, 15, 16, 9, 10, 11])
5441
Vecsmall([1, 2, 3, 4, 5, 6, 7, 8, 9, 10, 11, 12, 13, 14, 15, 16])
5443
Vecsmall([12, 13, 14, 15, 16, 9, 10, 11, 4, 5, 6, 7, 8, 1, 2, 3])
5449
Vecsmall([7, 8, 1, 2, 3, 4, 5, 6, 15, 16, 9, 10, 11, 12, 13, 14])
5471
Vecsmall([9, 10, 11, 12, 13, 14, 15, 16, 1, 2, 3, 4, 5, 6, 7, 8])
5477
Vecsmall([2, 3, 4, 5, 6, 7, 8, 1, 10, 11, 12, 13, 14, 15, 16, 9])
5479
Vecsmall([11, 12, 13, 14, 15, 16, 9, 10, 3, 4, 5, 6, 7, 8, 1, 2])
5483
Vecsmall([14, 15, 16, 9, 10, 11, 12, 13, 6, 7, 8, 1, 2, 3, 4, 5])
5501
Vecsmall([4, 5, 6, 7, 8, 1, 2, 3, 12, 13, 14, 15, 16, 9, 10, 11])
5503
Vecsmall([9, 10, 11, 12, 13, 14, 15, 16, 1, 2, 3, 4, 5, 6, 7, 8])
5507
Vecsmall([12, 13, 14, 15, 16, 9, 10, 11, 4, 5, 6, 7, 8, 1, 2, 3])
5519
Vecsmall([13, 14, 15, 16, 9, 10, 11, 12, 5, 6, 7, 8, 1, 2, 3, 4])
5521
Vecsmall([5, 6, 7, 8, 1, 2, 3, 4, 13, 14, 15, 16, 9, 10, 11, 12])
5527
Vecsmall([15, 16, 9, 10, 11, 12, 13, 14, 7, 8, 1, 2, 3, 4, 5, 6])
5531
Vecsmall([10, 11, 12, 13, 14, 15, 16, 9, 2, 3, 4, 5, 6, 7, 8, 1])
5557
Vecsmall([6, 7, 8, 1, 2, 3, 4, 5, 14, 15, 16, 9, 10, 11, 12, 13])
5563
Vecsmall([10, 11, 12, 13, 14, 15, 16, 9, 2, 3, 4, 5, 6, 7, 8, 1])
5569
Vecsmall([1, 2, 3, 4, 5, 6, 7, 8, 9, 10, 11, 12, 13, 14, 15, 16])
5573
Vecsmall([2, 3, 4, 5, 6, 7, 8, 1, 10, 11, 12, 13, 14, 15, 16, 9])
5581
Vecsmall([8, 1, 2, 3, 4, 5, 6, 7, 16, 9, 10, 11, 12, 13, 14, 15])
5591
Vecsmall([15, 16, 9, 10, 11, 12, 13, 14, 7, 8, 1, 2, 3, 4, 5, 6])
5623
Vecsmall([15, 16, 9, 10, 11, 12, 13, 14, 7, 8, 1, 2, 3, 4, 5, 6])
5639
Vecsmall([11, 12, 13, 14, 15, 16, 9, 10, 3, 4, 5, 6, 7, 8, 1, 2])
5641
Vecsmall([7, 8, 1, 2, 3, 4, 5, 6, 15, 16, 9, 10, 11, 12, 13, 14])
5647
Vecsmall([13, 14, 15, 16, 9, 10, 11, 12, 5, 6, 7, 8, 1, 2, 3, 4])
5651
Vecsmall([16, 9, 10, 11, 12, 13, 14, 15, 8, 1, 2, 3, 4, 5, 6, 7])
5653
Vecsmall([6, 7, 8, 1, 2, 3, 4, 5, 14, 15, 16, 9, 10, 11, 12, 13])
5657
Vecsmall([3, 4, 5, 6, 7, 8, 1, 2, 11, 12, 13, 14, 15, 16, 9, 10])
5659
Vecsmall([10, 11, 12, 13, 14, 15, 16, 9, 2, 3, 4, 5, 6, 7, 8, 1])
5669
Vecsmall([2, 3, 4, 5, 6, 7, 8, 1, 10, 11, 12, 13, 14, 15, 16, 9])
5683
Vecsmall([16, 9, 10, 11, 12, 13, 14, 15, 8, 1, 2, 3, 4, 5, 6, 7])
5689
Vecsmall([3, 4, 5, 6, 7, 8, 1, 2, 11, 12, 13, 14, 15, 16, 9, 10])
5693
Vecsmall([4, 5, 6, 7, 8, 1, 2, 3, 12, 13, 14, 15, 16, 9, 10, 11])
5701
Vecsmall([2, 3, 4, 5, 6, 7, 8, 1, 10, 11, 12, 13, 14, 15, 16, 9])
5711
Vecsmall([13, 14, 15, 16, 9, 10, 11, 12, 5, 6, 7, 8, 1, 2, 3, 4])
5717
Vecsmall([6, 7, 8, 1, 2, 3, 4, 5, 14, 15, 16, 9, 10, 11, 12, 13])
5737
Vecsmall([7, 8, 1, 2, 3, 4, 5, 6, 15, 16, 9, 10, 11, 12, 13, 14])
5741
Vecsmall([8, 1, 2, 3, 4, 5, 6, 7, 16, 9, 10, 11, 12, 13, 14, 15])
5743
Vecsmall([13, 14, 15, 16, 9, 10, 11, 12, 5, 6, 7, 8, 1, 2, 3, 4])
5749
Vecsmall([6, 7, 8, 1, 2, 3, 4, 5, 14, 15, 16, 9, 10, 11, 12, 13])
5779
Vecsmall([16, 9, 10, 11, 12, 13, 14, 15, 8, 1, 2, 3, 4, 5, 6, 7])
5783
Vecsmall([15, 16, 9, 10, 11, 12, 13, 14, 7, 8, 1, 2, 3, 4, 5, 6])
5791
Vecsmall([9, 10, 11, 12, 13, 14, 15, 16, 1, 2, 3, 4, 5, 6, 7, 8])
5801
Vecsmall([7, 8, 1, 2, 3, 4, 5, 6, 15, 16, 9, 10, 11, 12, 13, 14])
5807
Vecsmall([13, 14, 15, 16, 9, 10, 11, 12, 5, 6, 7, 8, 1, 2, 3, 4])
5813
Vecsmall([6, 7, 8, 1, 2, 3, 4, 5, 14, 15, 16, 9, 10, 11, 12, 13])
5821
Vecsmall([4, 5, 6, 7, 8, 1, 2, 3, 12, 13, 14, 15, 16, 9, 10, 11])
5827
Vecsmall([12, 13, 14, 15, 16, 9, 10, 11, 4, 5, 6, 7, 8, 1, 2, 3])
5839
Vecsmall([13, 14, 15, 16, 9, 10, 11, 12, 5, 6, 7, 8, 1, 2, 3, 4])
5843
Vecsmall([16, 9, 10, 11, 12, 13, 14, 15, 8, 1, 2, 3, 4, 5, 6, 7])
5849
Vecsmall([3, 4, 5, 6, 7, 8, 1, 2, 11, 12, 13, 14, 15, 16, 9, 10])
5851
Vecsmall([10, 11, 12, 13, 14, 15, 16, 9, 2, 3, 4, 5, 6, 7, 8, 1])
5857
Vecsmall([1, 2, 3, 4, 5, 6, 7, 8, 9, 10, 11, 12, 13, 14, 15, 16])
5861
Vecsmall([2, 3, 4, 5, 6, 7, 8, 1, 10, 11, 12, 13, 14, 15, 16, 9])
5867
Vecsmall([14, 15, 16, 9, 10, 11, 12, 13, 6, 7, 8, 1, 2, 3, 4, 5])
5869
Vecsmall([8, 1, 2, 3, 4, 5, 6, 7, 16, 9, 10, 11, 12, 13, 14, 15])
5879
Vecsmall([15, 16, 9, 10, 11, 12, 13, 14, 7, 8, 1, 2, 3, 4, 5, 6])
5881
Vecsmall([3, 4, 5, 6, 7, 8, 1, 2, 11, 12, 13, 14, 15, 16, 9, 10])
5897
Vecsmall([7, 8, 1, 2, 3, 4, 5, 6, 15, 16, 9, 10, 11, 12, 13, 14])
5903
Vecsmall([13, 14, 15, 16, 9, 10, 11, 12, 5, 6, 7, 8, 1, 2, 3, 4])
5923
Vecsmall([12, 13, 14, 15, 16, 9, 10, 11, 4, 5, 6, 7, 8, 1, 2, 3])
5927
Vecsmall([11, 12, 13, 14, 15, 16, 9, 10, 3, 4, 5, 6, 7, 8, 1, 2])
5939
Vecsmall([16, 9, 10, 11, 12, 13, 14, 15, 8, 1, 2, 3, 4, 5, 6, 7])
5953
Vecsmall([1, 2, 3, 4, 5, 6, 7, 8, 9, 10, 11, 12, 13, 14, 15, 16])
5981
Vecsmall([4, 5, 6, 7, 8, 1, 2, 3, 12, 13, 14, 15, 16, 9, 10, 11])
5987
Vecsmall([12, 13, 14, 15, 16, 9, 10, 11, 4, 5, 6, 7, 8, 1, 2, 3])
6007
Vecsmall([15, 16, 9, 10, 11, 12, 13, 14, 7, 8, 1, 2, 3, 4, 5, 6])
6011
Vecsmall([10, 11, 12, 13, 14, 15, 16, 9, 2, 3, 4, 5, 6, 7, 8, 1])
6029
Vecsmall([8, 1, 2, 3, 4, 5, 6, 7, 16, 9, 10, 11, 12, 13, 14, 15])
6037
Vecsmall([6, 7, 8, 1, 2, 3, 4, 5, 14, 15, 16, 9, 10, 11, 12, 13])
6043
Vecsmall([10, 11, 12, 13, 14, 15, 16, 9, 2, 3, 4, 5, 6, 7, 8, 1])
6047
Vecsmall([9, 10, 11, 12, 13, 14, 15, 16, 1, 2, 3, 4, 5, 6, 7, 8])
6053
Vecsmall([2, 3, 4, 5, 6, 7, 8, 1, 10, 11, 12, 13, 14, 15, 16, 9])
6067
Vecsmall([16, 9, 10, 11, 12, 13, 14, 15, 8, 1, 2, 3, 4, 5, 6, 7])
6073
Vecsmall([3, 4, 5, 6, 7, 8, 1, 2, 11, 12, 13, 14, 15, 16, 9, 10])
6079
Vecsmall([9, 10, 11, 12, 13, 14, 15, 16, 1, 2, 3, 4, 5, 6, 7, 8])
6089
Vecsmall([7, 8, 1, 2, 3, 4, 5, 6, 15, 16, 9, 10, 11, 12, 13, 14])
6091
Vecsmall([14, 15, 16, 9, 10, 11, 12, 13, 6, 7, 8, 1, 2, 3, 4, 5])
6101
Vecsmall([6, 7, 8, 1, 2, 3, 4, 5, 14, 15, 16, 9, 10, 11, 12, 13])
6113
Vecsmall([1, 2, 3, 4, 5, 6, 7, 8, 9, 10, 11, 12, 13, 14, 15, 16])
6121
Vecsmall([7, 8, 1, 2, 3, 4, 5, 6, 15, 16, 9, 10, 11, 12, 13, 14])
6131
Vecsmall([16, 9, 10, 11, 12, 13, 14, 15, 8, 1, 2, 3, 4, 5, 6, 7])
6133
Vecsmall([6, 7, 8, 1, 2, 3, 4, 5, 14, 15, 16, 9, 10, 11, 12, 13])
6143
Vecsmall([9, 10, 11, 12, 13, 14, 15, 16, 1, 2, 3, 4, 5, 6, 7, 8])
6151
Vecsmall([11, 12, 13, 14, 15, 16, 9, 10, 3, 4, 5, 6, 7, 8, 1, 2])
6163
Vecsmall([16, 9, 10, 11, 12, 13, 14, 15, 8, 1, 2, 3, 4, 5, 6, 7])
6173
Vecsmall([4, 5, 6, 7, 8, 1, 2, 3, 12, 13, 14, 15, 16, 9, 10, 11])
6197
Vecsmall([6, 7, 8, 1, 2, 3, 4, 5, 14, 15, 16, 9, 10, 11, 12, 13])
6199
Vecsmall([15, 16, 9, 10, 11, 12, 13, 14, 7, 8, 1, 2, 3, 4, 5, 6])
6203
Vecsmall([10, 11, 12, 13, 14, 15, 16, 9, 2, 3, 4, 5, 6, 7, 8, 1])
6211
Vecsmall([12, 13, 14, 15, 16, 9, 10, 11, 4, 5, 6, 7, 8, 1, 2, 3])
6217
Vecsmall([7, 8, 1, 2, 3, 4, 5, 6, 15, 16, 9, 10, 11, 12, 13, 14])
6221
Vecsmall([8, 1, 2, 3, 4, 5, 6, 7, 16, 9, 10, 11, 12, 13, 14, 15])
6229
Vecsmall([6, 7, 8, 1, 2, 3, 4, 5, 14, 15, 16, 9, 10, 11, 12, 13])
6247
Vecsmall([11, 12, 13, 14, 15, 16, 9, 10, 3, 4, 5, 6, 7, 8, 1, 2])
6257
Vecsmall([5, 6, 7, 8, 1, 2, 3, 4, 13, 14, 15, 16, 9, 10, 11, 12])
6263
Vecsmall([15, 16, 9, 10, 11, 12, 13, 14, 7, 8, 1, 2, 3, 4, 5, 6])
6269
Vecsmall([4, 5, 6, 7, 8, 1, 2, 3, 12, 13, 14, 15, 16, 9, 10, 11])
6271
Vecsmall([9, 10, 11, 12, 13, 14, 15, 16, 1, 2, 3, 4, 5, 6, 7, 8])
6277
Vecsmall([2, 3, 4, 5, 6, 7, 8, 1, 10, 11, 12, 13, 14, 15, 16, 9])
6287
Vecsmall([13, 14, 15, 16, 9, 10, 11, 12, 5, 6, 7, 8, 1, 2, 3, 4])
6299
Vecsmall([10, 11, 12, 13, 14, 15, 16, 9, 2, 3, 4, 5, 6, 7, 8, 1])
6301
Vecsmall([4, 5, 6, 7, 8, 1, 2, 3, 12, 13, 14, 15, 16, 9, 10, 11])
6311
Vecsmall([11, 12, 13, 14, 15, 16, 9, 10, 3, 4, 5, 6, 7, 8, 1, 2])
6317
Vecsmall([8, 1, 2, 3, 4, 5, 6, 7, 16, 9, 10, 11, 12, 13, 14, 15])
6323
Vecsmall([16, 9, 10, 11, 12, 13, 14, 15, 8, 1, 2, 3, 4, 5, 6, 7])
6329
Vecsmall([3, 4, 5, 6, 7, 8, 1, 2, 11, 12, 13, 14, 15, 16, 9, 10])
6337
Vecsmall([1, 2, 3, 4, 5, 6, 7, 8, 9, 10, 11, 12, 13, 14, 15, 16])
6343
Vecsmall([11, 12, 13, 14, 15, 16, 9, 10, 3, 4, 5, 6, 7, 8, 1, 2])
6353
Vecsmall([5, 6, 7, 8, 1, 2, 3, 4, 13, 14, 15, 16, 9, 10, 11, 12])
6359
Vecsmall([15, 16, 9, 10, 11, 12, 13, 14, 7, 8, 1, 2, 3, 4, 5, 6])
6361
Vecsmall([3, 4, 5, 6, 7, 8, 1, 2, 11, 12, 13, 14, 15, 16, 9, 10])
6367
Vecsmall([9, 10, 11, 12, 13, 14, 15, 16, 1, 2, 3, 4, 5, 6, 7, 8])
6373
Vecsmall([2, 3, 4, 5, 6, 7, 8, 1, 10, 11, 12, 13, 14, 15, 16, 9])
6379
Vecsmall([14, 15, 16, 9, 10, 11, 12, 13, 6, 7, 8, 1, 2, 3, 4, 5])
6389
Vecsmall([6, 7, 8, 1, 2, 3, 4, 5, 14, 15, 16, 9, 10, 11, 12, 13])
6397
Vecsmall([4, 5, 6, 7, 8, 1, 2, 3, 12, 13, 14, 15, 16, 9, 10, 11])
6421
Vecsmall([6, 7, 8, 1, 2, 3, 4, 5, 14, 15, 16, 9, 10, 11, 12, 13])
6427
Vecsmall([10, 11, 12, 13, 14, 15, 16, 9, 2, 3, 4, 5, 6, 7, 8, 1])
6449
Vecsmall([5, 6, 7, 8, 1, 2, 3, 4, 13, 14, 15, 16, 9, 10, 11, 12])
6451
Vecsmall([16, 9, 10, 11, 12, 13, 14, 15, 8, 1, 2, 3, 4, 5, 6, 7])
6469
Vecsmall([2, 3, 4, 5, 6, 7, 8, 1, 10, 11, 12, 13, 14, 15, 16, 9])
6473
Vecsmall([7, 8, 1, 2, 3, 4, 5, 6, 15, 16, 9, 10, 11, 12, 13, 14])
6481
Vecsmall([5, 6, 7, 8, 1, 2, 3, 4, 13, 14, 15, 16, 9, 10, 11, 12])
6491
Vecsmall([10, 11, 12, 13, 14, 15, 16, 9, 2, 3, 4, 5, 6, 7, 8, 1])
6521
Vecsmall([3, 4, 5, 6, 7, 8, 1, 2, 11, 12, 13, 14, 15, 16, 9, 10])
6529
Vecsmall([1, 2, 3, 4, 5, 6, 7, 8, 9, 10, 11, 12, 13, 14, 15, 16])
6547
Vecsmall([16, 9, 10, 11, 12, 13, 14, 15, 8, 1, 2, 3, 4, 5, 6, 7])
6551
Vecsmall([15, 16, 9, 10, 11, 12, 13, 14, 7, 8, 1, 2, 3, 4, 5, 6])
6553
Vecsmall([3, 4, 5, 6, 7, 8, 1, 2, 11, 12, 13, 14, 15, 16, 9, 10])
6563
Vecsmall([12, 13, 14, 15, 16, 9, 10, 11, 4, 5, 6, 7, 8, 1, 2, 3])
6569
Vecsmall([7, 8, 1, 2, 3, 4, 5, 6, 15, 16, 9, 10, 11, 12, 13, 14])
6571
Vecsmall([14, 15, 16, 9, 10, 11, 12, 13, 6, 7, 8, 1, 2, 3, 4, 5])
6577
Vecsmall([5, 6, 7, 8, 1, 2, 3, 4, 13, 14, 15, 16, 9, 10, 11, 12])
6581
Vecsmall([6, 7, 8, 1, 2, 3, 4, 5, 14, 15, 16, 9, 10, 11, 12, 13])
6599
Vecsmall([11, 12, 13, 14, 15, 16, 9, 10, 3, 4, 5, 6, 7, 8, 1, 2])
6607
Vecsmall([13, 14, 15, 16, 9, 10, 11, 12, 5, 6, 7, 8, 1, 2, 3, 4])
6619
Vecsmall([10, 11, 12, 13, 14, 15, 16, 9, 2, 3, 4, 5, 6, 7, 8, 1])
6637
Vecsmall([8, 1, 2, 3, 4, 5, 6, 7, 16, 9, 10, 11, 12, 13, 14, 15])
6653
Vecsmall([4, 5, 6, 7, 8, 1, 2, 3, 12, 13, 14, 15, 16, 9, 10, 11])
6659
Vecsmall([12, 13, 14, 15, 16, 9, 10, 11, 4, 5, 6, 7, 8, 1, 2, 3])
6661
Vecsmall([2, 3, 4, 5, 6, 7, 8, 1, 10, 11, 12, 13, 14, 15, 16, 9])
6673
Vecsmall([5, 6, 7, 8, 1, 2, 3, 4, 13, 14, 15, 16, 9, 10, 11, 12])
6679
Vecsmall([15, 16, 9, 10, 11, 12, 13, 14, 7, 8, 1, 2, 3, 4, 5, 6])
6689
Vecsmall([1, 2, 3, 4, 5, 6, 7, 8, 9, 10, 11, 12, 13, 14, 15, 16])
6691
Vecsmall([12, 13, 14, 15, 16, 9, 10, 11, 4, 5, 6, 7, 8, 1, 2, 3])
6701
Vecsmall([8, 1, 2, 3, 4, 5, 6, 7, 16, 9, 10, 11, 12, 13, 14, 15])
6703
Vecsmall([13, 14, 15, 16, 9, 10, 11, 12, 5, 6, 7, 8, 1, 2, 3, 4])
6709
Vecsmall([6, 7, 8, 1, 2, 3, 4, 5, 14, 15, 16, 9, 10, 11, 12, 13])
6719
Vecsmall([9, 10, 11, 12, 13, 14, 15, 16, 1, 2, 3, 4, 5, 6, 7, 8])
6733
Vecsmall([8, 1, 2, 3, 4, 5, 6, 7, 16, 9, 10, 11, 12, 13, 14, 15])
6737
Vecsmall([5, 6, 7, 8, 1, 2, 3, 4, 13, 14, 15, 16, 9, 10, 11, 12])
6761
Vecsmall([7, 8, 1, 2, 3, 4, 5, 6, 15, 16, 9, 10, 11, 12, 13, 14])
6763
Vecsmall([14, 15, 16, 9, 10, 11, 12, 13, 6, 7, 8, 1, 2, 3, 4, 5])
6779
Vecsmall([10, 11, 12, 13, 14, 15, 16, 9, 2, 3, 4, 5, 6, 7, 8, 1])
6781
Vecsmall([4, 5, 6, 7, 8, 1, 2, 3, 12, 13, 14, 15, 16, 9, 10, 11])
6791
Vecsmall([11, 12, 13, 14, 15, 16, 9, 10, 3, 4, 5, 6, 7, 8, 1, 2])
6793
Vecsmall([7, 8, 1, 2, 3, 4, 5, 6, 15, 16, 9, 10, 11, 12, 13, 14])
6803
Vecsmall([16, 9, 10, 11, 12, 13, 14, 15, 8, 1, 2, 3, 4, 5, 6, 7])
6823
Vecsmall([11, 12, 13, 14, 15, 16, 9, 10, 3, 4, 5, 6, 7, 8, 1, 2])
6827
Vecsmall([14, 15, 16, 9, 10, 11, 12, 13, 6, 7, 8, 1, 2, 3, 4, 5])
6829
Vecsmall([8, 1, 2, 3, 4, 5, 6, 7, 16, 9, 10, 11, 12, 13, 14, 15])
6833
Vecsmall([5, 6, 7, 8, 1, 2, 3, 4, 13, 14, 15, 16, 9, 10, 11, 12])
6841
Vecsmall([3, 4, 5, 6, 7, 8, 1, 2, 11, 12, 13, 14, 15, 16, 9, 10])
6857
Vecsmall([7, 8, 1, 2, 3, 4, 5, 6, 15, 16, 9, 10, 11, 12, 13, 14])
6863
Vecsmall([13, 14, 15, 16, 9, 10, 11, 12, 5, 6, 7, 8, 1, 2, 3, 4])
6869
Vecsmall([6, 7, 8, 1, 2, 3, 4, 5, 14, 15, 16, 9, 10, 11, 12, 13])
6871
Vecsmall([15, 16, 9, 10, 11, 12, 13, 14, 7, 8, 1, 2, 3, 4, 5, 6])
6883
Vecsmall([12, 13, 14, 15, 16, 9, 10, 11, 4, 5, 6, 7, 8, 1, 2, 3])
6899
Vecsmall([16, 9, 10, 11, 12, 13, 14, 15, 8, 1, 2, 3, 4, 5, 6, 7])
6907
Vecsmall([10, 11, 12, 13, 14, 15, 16, 9, 2, 3, 4, 5, 6, 7, 8, 1])
6911
Vecsmall([9, 10, 11, 12, 13, 14, 15, 16, 1, 2, 3, 4, 5, 6, 7, 8])
6917
Vecsmall([2, 3, 4, 5, 6, 7, 8, 1, 10, 11, 12, 13, 14, 15, 16, 9])
6947
Vecsmall([12, 13, 14, 15, 16, 9, 10, 11, 4, 5, 6, 7, 8, 1, 2, 3])
6949
Vecsmall([2, 3, 4, 5, 6, 7, 8, 1, 10, 11, 12, 13, 14, 15, 16, 9])
6959
Vecsmall([13, 14, 15, 16, 9, 10, 11, 12, 5, 6, 7, 8, 1, 2, 3, 4])
6961
Vecsmall([5, 6, 7, 8, 1, 2, 3, 4, 13, 14, 15, 16, 9, 10, 11, 12])
6967
Vecsmall([15, 16, 9, 10, 11, 12, 13, 14, 7, 8, 1, 2, 3, 4, 5, 6])
6971
Vecsmall([10, 11, 12, 13, 14, 15, 16, 9, 2, 3, 4, 5, 6, 7, 8, 1])
6977
Vecsmall([1, 2, 3, 4, 5, 6, 7, 8, 9, 10, 11, 12, 13, 14, 15, 16])
6983
Vecsmall([11, 12, 13, 14, 15, 16, 9, 10, 3, 4, 5, 6, 7, 8, 1, 2])
6991
Vecsmall([13, 14, 15, 16, 9, 10, 11, 12, 5, 6, 7, 8, 1, 2, 3, 4])
6997
Vecsmall([6, 7, 8, 1, 2, 3, 4, 5, 14, 15, 16, 9, 10, 11, 12, 13])
7001
Vecsmall([3, 4, 5, 6, 7, 8, 1, 2, 11, 12, 13, 14, 15, 16, 9, 10])
7013
Vecsmall([2, 3, 4, 5, 6, 7, 8, 1, 10, 11, 12, 13, 14, 15, 16, 9])
7019
Vecsmall([14, 15, 16, 9, 10, 11, 12, 13, 6, 7, 8, 1, 2, 3, 4, 5])
7027
Vecsmall([16, 9, 10, 11, 12, 13, 14, 15, 8, 1, 2, 3, 4, 5, 6, 7])
7039
Vecsmall([9, 10, 11, 12, 13, 14, 15, 16, 1, 2, 3, 4, 5, 6, 7, 8])
7043
Vecsmall([12, 13, 14, 15, 16, 9, 10, 11, 4, 5, 6, 7, 8, 1, 2, 3])
7057
Vecsmall([5, 6, 7, 8, 1, 2, 3, 4, 13, 14, 15, 16, 9, 10, 11, 12])
7069
Vecsmall([4, 5, 6, 7, 8, 1, 2, 3, 12, 13, 14, 15, 16, 9, 10, 11])
7079
Vecsmall([11, 12, 13, 14, 15, 16, 9, 10, 3, 4, 5, 6, 7, 8, 1, 2])
7103
Vecsmall([9, 10, 11, 12, 13, 14, 15, 16, 1, 2, 3, 4, 5, 6, 7, 8])
7109
Vecsmall([2, 3, 4, 5, 6, 7, 8, 1, 10, 11, 12, 13, 14, 15, 16, 9])
7121
Vecsmall([5, 6, 7, 8, 1, 2, 3, 4, 13, 14, 15, 16, 9, 10, 11, 12])
7127
Vecsmall([15, 16, 9, 10, 11, 12, 13, 14, 7, 8, 1, 2, 3, 4, 5, 6])
7129
Vecsmall([3, 4, 5, 6, 7, 8, 1, 2, 11, 12, 13, 14, 15, 16, 9, 10])
7151
Vecsmall([13, 14, 15, 16, 9, 10, 11, 12, 5, 6, 7, 8, 1, 2, 3, 4])
7159
Vecsmall([15, 16, 9, 10, 11, 12, 13, 14, 7, 8, 1, 2, 3, 4, 5, 6])
7177
Vecsmall([7, 8, 1, 2, 3, 4, 5, 6, 15, 16, 9, 10, 11, 12, 13, 14])
7187
Vecsmall([16, 9, 10, 11, 12, 13, 14, 15, 8, 1, 2, 3, 4, 5, 6, 7])
7193
Vecsmall([3, 4, 5, 6, 7, 8, 1, 2, 11, 12, 13, 14, 15, 16, 9, 10])
7207
Vecsmall([11, 12, 13, 14, 15, 16, 9, 10, 3, 4, 5, 6, 7, 8, 1, 2])
7211
Vecsmall([14, 15, 16, 9, 10, 11, 12, 13, 6, 7, 8, 1, 2, 3, 4, 5])
7213
Vecsmall([8, 1, 2, 3, 4, 5, 6, 7, 16, 9, 10, 11, 12, 13, 14, 15])
7219
Vecsmall([16, 9, 10, 11, 12, 13, 14, 15, 8, 1, 2, 3, 4, 5, 6, 7])
7229
Vecsmall([4, 5, 6, 7, 8, 1, 2, 3, 12, 13, 14, 15, 16, 9, 10, 11])
7237
Vecsmall([2, 3, 4, 5, 6, 7, 8, 1, 10, 11, 12, 13, 14, 15, 16, 9])
7243
Vecsmall([14, 15, 16, 9, 10, 11, 12, 13, 6, 7, 8, 1, 2, 3, 4, 5])
7247
Vecsmall([13, 14, 15, 16, 9, 10, 11, 12, 5, 6, 7, 8, 1, 2, 3, 4])
7253
Vecsmall([6, 7, 8, 1, 2, 3, 4, 5, 14, 15, 16, 9, 10, 11, 12, 13])
7283
Vecsmall([16, 9, 10, 11, 12, 13, 14, 15, 8, 1, 2, 3, 4, 5, 6, 7])
7297
Vecsmall([1, 2, 3, 4, 5, 6, 7, 8, 9, 10, 11, 12, 13, 14, 15, 16])
7307
Vecsmall([14, 15, 16, 9, 10, 11, 12, 13, 6, 7, 8, 1, 2, 3, 4, 5])
7309
Vecsmall([8, 1, 2, 3, 4, 5, 6, 7, 16, 9, 10, 11, 12, 13, 14, 15])
7321
Vecsmall([3, 4, 5, 6, 7, 8, 1, 2, 11, 12, 13, 14, 15, 16, 9, 10])
7331
Vecsmall([12, 13, 14, 15, 16, 9, 10, 11, 4, 5, 6, 7, 8, 1, 2, 3])
7333
Vecsmall([2, 3, 4, 5, 6, 7, 8, 1, 10, 11, 12, 13, 14, 15, 16, 9])
7349
Vecsmall([6, 7, 8, 1, 2, 3, 4, 5, 14, 15, 16, 9, 10, 11, 12, 13])
7351
Vecsmall([15, 16, 9, 10, 11, 12, 13, 14, 7, 8, 1, 2, 3, 4, 5, 6])
7369
Vecsmall([7, 8, 1, 2, 3, 4, 5, 6, 15, 16, 9, 10, 11, 12, 13, 14])
7393
Vecsmall([1, 2, 3, 4, 5, 6, 7, 8, 9, 10, 11, 12, 13, 14, 15, 16])
7411
Vecsmall([16, 9, 10, 11, 12, 13, 14, 15, 8, 1, 2, 3, 4, 5, 6, 7])
7417
Vecsmall([3, 4, 5, 6, 7, 8, 1, 2, 11, 12, 13, 14, 15, 16, 9, 10])
7433
Vecsmall([7, 8, 1, 2, 3, 4, 5, 6, 15, 16, 9, 10, 11, 12, 13, 14])
7451
Vecsmall([10, 11, 12, 13, 14, 15, 16, 9, 2, 3, 4, 5, 6, 7, 8, 1])
7457
Vecsmall([1, 2, 3, 4, 5, 6, 7, 8, 9, 10, 11, 12, 13, 14, 15, 16])
7459
Vecsmall([12, 13, 14, 15, 16, 9, 10, 11, 4, 5, 6, 7, 8, 1, 2, 3])
7477
Vecsmall([6, 7, 8, 1, 2, 3, 4, 5, 14, 15, 16, 9, 10, 11, 12, 13])
7481
Vecsmall([3, 4, 5, 6, 7, 8, 1, 2, 11, 12, 13, 14, 15, 16, 9, 10])
7487
Vecsmall([9, 10, 11, 12, 13, 14, 15, 16, 1, 2, 3, 4, 5, 6, 7, 8])
7489
Vecsmall([1, 2, 3, 4, 5, 6, 7, 8, 9, 10, 11, 12, 13, 14, 15, 16])
7499
Vecsmall([14, 15, 16, 9, 10, 11, 12, 13, 6, 7, 8, 1, 2, 3, 4, 5])
7507
Vecsmall([16, 9, 10, 11, 12, 13, 14, 15, 8, 1, 2, 3, 4, 5, 6, 7])
7517
Vecsmall([4, 5, 6, 7, 8, 1, 2, 3, 12, 13, 14, 15, 16, 9, 10, 11])
7523
Vecsmall([12, 13, 14, 15, 16, 9, 10, 11, 4, 5, 6, 7, 8, 1, 2, 3])
7529
Vecsmall([7, 8, 1, 2, 3, 4, 5, 6, 15, 16, 9, 10, 11, 12, 13, 14])
7537
Vecsmall([5, 6, 7, 8, 1, 2, 3, 4, 13, 14, 15, 16, 9, 10, 11, 12])
7541
Vecsmall([6, 7, 8, 1, 2, 3, 4, 5, 14, 15, 16, 9, 10, 11, 12, 13])
7547
Vecsmall([10, 11, 12, 13, 14, 15, 16, 9, 2, 3, 4, 5, 6, 7, 8, 1])
7549
Vecsmall([4, 5, 6, 7, 8, 1, 2, 3, 12, 13, 14, 15, 16, 9, 10, 11])
7559
Vecsmall([11, 12, 13, 14, 15, 16, 9, 10, 3, 4, 5, 6, 7, 8, 1, 2])
7561
Vecsmall([7, 8, 1, 2, 3, 4, 5, 6, 15, 16, 9, 10, 11, 12, 13, 14])
7573
Vecsmall([6, 7, 8, 1, 2, 3, 4, 5, 14, 15, 16, 9, 10, 11, 12, 13])
7577
Vecsmall([3, 4, 5, 6, 7, 8, 1, 2, 11, 12, 13, 14, 15, 16, 9, 10])
7583
Vecsmall([9, 10, 11, 12, 13, 14, 15, 16, 1, 2, 3, 4, 5, 6, 7, 8])
7589
Vecsmall([2, 3, 4, 5, 6, 7, 8, 1, 10, 11, 12, 13, 14, 15, 16, 9])
7591
Vecsmall([11, 12, 13, 14, 15, 16, 9, 10, 3, 4, 5, 6, 7, 8, 1, 2])
7603
Vecsmall([16, 9, 10, 11, 12, 13, 14, 15, 8, 1, 2, 3, 4, 5, 6, 7])
7607
Vecsmall([15, 16, 9, 10, 11, 12, 13, 14, 7, 8, 1, 2, 3, 4, 5, 6])
7621
Vecsmall([2, 3, 4, 5, 6, 7, 8, 1, 10, 11, 12, 13, 14, 15, 16, 9])
7639
Vecsmall([15, 16, 9, 10, 11, 12, 13, 14, 7, 8, 1, 2, 3, 4, 5, 6])
7643
Vecsmall([10, 11, 12, 13, 14, 15, 16, 9, 2, 3, 4, 5, 6, 7, 8, 1])
7649
Vecsmall([1, 2, 3, 4, 5, 6, 7, 8, 9, 10, 11, 12, 13, 14, 15, 16])
7669
Vecsmall([6, 7, 8, 1, 2, 3, 4, 5, 14, 15, 16, 9, 10, 11, 12, 13])
7673
Vecsmall([3, 4, 5, 6, 7, 8, 1, 2, 11, 12, 13, 14, 15, 16, 9, 10])
7681
Vecsmall([1, 2, 3, 4, 5, 6, 7, 8, 9, 10, 11, 12, 13, 14, 15, 16])
7687
Vecsmall([11, 12, 13, 14, 15, 16, 9, 10, 3, 4, 5, 6, 7, 8, 1, 2])
7691
Vecsmall([14, 15, 16, 9, 10, 11, 12, 13, 6, 7, 8, 1, 2, 3, 4, 5])
7699
Vecsmall([16, 9, 10, 11, 12, 13, 14, 15, 8, 1, 2, 3, 4, 5, 6, 7])
7703
Vecsmall([15, 16, 9, 10, 11, 12, 13, 14, 7, 8, 1, 2, 3, 4, 5, 6])
7717
Vecsmall([2, 3, 4, 5, 6, 7, 8, 1, 10, 11, 12, 13, 14, 15, 16, 9])
7723
Vecsmall([14, 15, 16, 9, 10, 11, 12, 13, 6, 7, 8, 1, 2, 3, 4, 5])
7727
Vecsmall([13, 14, 15, 16, 9, 10, 11, 12, 5, 6, 7, 8, 1, 2, 3, 4])
7741
Vecsmall([4, 5, 6, 7, 8, 1, 2, 3, 12, 13, 14, 15, 16, 9, 10, 11])
7753
Vecsmall([7, 8, 1, 2, 3, 4, 5, 6, 15, 16, 9, 10, 11, 12, 13, 14])
7757
Vecsmall([8, 1, 2, 3, 4, 5, 6, 7, 16, 9, 10, 11, 12, 13, 14, 15])
7759
Vecsmall([13, 14, 15, 16, 9, 10, 11, 12, 5, 6, 7, 8, 1, 2, 3, 4])
7789
Vecsmall([8, 1, 2, 3, 4, 5, 6, 7, 16, 9, 10, 11, 12, 13, 14, 15])
7793
Vecsmall([5, 6, 7, 8, 1, 2, 3, 4, 13, 14, 15, 16, 9, 10, 11, 12])
7817
Vecsmall([7, 8, 1, 2, 3, 4, 5, 6, 15, 16, 9, 10, 11, 12, 13, 14])
7823
Vecsmall([13, 14, 15, 16, 9, 10, 11, 12, 5, 6, 7, 8, 1, 2, 3, 4])
7829
Vecsmall([6, 7, 8, 1, 2, 3, 4, 5, 14, 15, 16, 9, 10, 11, 12, 13])
7841
Vecsmall([1, 2, 3, 4, 5, 6, 7, 8, 9, 10, 11, 12, 13, 14, 15, 16])
7853
Vecsmall([8, 1, 2, 3, 4, 5, 6, 7, 16, 9, 10, 11, 12, 13, 14, 15])
7867
Vecsmall([10, 11, 12, 13, 14, 15, 16, 9, 2, 3, 4, 5, 6, 7, 8, 1])
7873
Vecsmall([1, 2, 3, 4, 5, 6, 7, 8, 9, 10, 11, 12, 13, 14, 15, 16])
7877
Vecsmall([2, 3, 4, 5, 6, 7, 8, 1, 10, 11, 12, 13, 14, 15, 16, 9])
7879
Vecsmall([11, 12, 13, 14, 15, 16, 9, 10, 3, 4, 5, 6, 7, 8, 1, 2])
7883
Vecsmall([14, 15, 16, 9, 10, 11, 12, 13, 6, 7, 8, 1, 2, 3, 4, 5])
7901
Vecsmall([4, 5, 6, 7, 8, 1, 2, 3, 12, 13, 14, 15, 16, 9, 10, 11])
7907
Vecsmall([12, 13, 14, 15, 16, 9, 10, 11, 4, 5, 6, 7, 8, 1, 2, 3])
7919
Vecsmall([13, 14, 15, 16, 9, 10, 11, 12, 5, 6, 7, 8, 1, 2, 3, 4])
7927
Vecsmall([15, 16, 9, 10, 11, 12, 13, 14, 7, 8, 1, 2, 3, 4, 5, 6])
7933
Vecsmall([4, 5, 6, 7, 8, 1, 2, 3, 12, 13, 14, 15, 16, 9, 10, 11])
7937
Vecsmall([1, 2, 3, 4, 5, 6, 7, 8, 9, 10, 11, 12, 13, 14, 15, 16])
7949
Vecsmall([8, 1, 2, 3, 4, 5, 6, 7, 16, 9, 10, 11, 12, 13, 14, 15])
7951
Vecsmall([13, 14, 15, 16, 9, 10, 11, 12, 5, 6, 7, 8, 1, 2, 3, 4])
7963
Vecsmall([10, 11, 12, 13, 14, 15, 16, 9, 2, 3, 4, 5, 6, 7, 8, 1])
7993
Vecsmall([3, 4, 5, 6, 7, 8, 1, 2, 11, 12, 13, 14, 15, 16, 9, 10])
8009
Vecsmall([7, 8, 1, 2, 3, 4, 5, 6, 15, 16, 9, 10, 11, 12, 13, 14])
8011
Vecsmall([14, 15, 16, 9, 10, 11, 12, 13, 6, 7, 8, 1, 2, 3, 4, 5])
8017
Vecsmall([5, 6, 7, 8, 1, 2, 3, 4, 13, 14, 15, 16, 9, 10, 11, 12])
8039
Vecsmall([11, 12, 13, 14, 15, 16, 9, 10, 3, 4, 5, 6, 7, 8, 1, 2])
8053
Vecsmall([6, 7, 8, 1, 2, 3, 4, 5, 14, 15, 16, 9, 10, 11, 12, 13])
8059
Vecsmall([10, 11, 12, 13, 14, 15, 16, 9, 2, 3, 4, 5, 6, 7, 8, 1])
8069
Vecsmall([2, 3, 4, 5, 6, 7, 8, 1, 10, 11, 12, 13, 14, 15, 16, 9])
8081
Vecsmall([5, 6, 7, 8, 1, 2, 3, 4, 13, 14, 15, 16, 9, 10, 11, 12])
8087
Vecsmall([15, 16, 9, 10, 11, 12, 13, 14, 7, 8, 1, 2, 3, 4, 5, 6])
8089
Vecsmall([3, 4, 5, 6, 7, 8, 1, 2, 11, 12, 13, 14, 15, 16, 9, 10])
8093
Vecsmall([4, 5, 6, 7, 8, 1, 2, 3, 12, 13, 14, 15, 16, 9, 10, 11])
8101
Vecsmall([2, 3, 4, 5, 6, 7, 8, 1, 10, 11, 12, 13, 14, 15, 16, 9])
8111
Vecsmall([13, 14, 15, 16, 9, 10, 11, 12, 5, 6, 7, 8, 1, 2, 3, 4])
8117
Vecsmall([6, 7, 8, 1, 2, 3, 4, 5, 14, 15, 16, 9, 10, 11, 12, 13])
8123
Vecsmall([10, 11, 12, 13, 14, 15, 16, 9, 2, 3, 4, 5, 6, 7, 8, 1])
8147
Vecsmall([16, 9, 10, 11, 12, 13, 14, 15, 8, 1, 2, 3, 4, 5, 6, 7])
8161
Vecsmall([1, 2, 3, 4, 5, 6, 7, 8, 9, 10, 11, 12, 13, 14, 15, 16])
8167
Vecsmall([11, 12, 13, 14, 15, 16, 9, 10, 3, 4, 5, 6, 7, 8, 1, 2])
8171
Vecsmall([14, 15, 16, 9, 10, 11, 12, 13, 6, 7, 8, 1, 2, 3, 4, 5])
8179
Vecsmall([16, 9, 10, 11, 12, 13, 14, 15, 8, 1, 2, 3, 4, 5, 6, 7])
8191
Vecsmall([9, 10, 11, 12, 13, 14, 15, 16, 1, 2, 3, 4, 5, 6, 7, 8])
8209
Vecsmall([5, 6, 7, 8, 1, 2, 3, 4, 13, 14, 15, 16, 9, 10, 11, 12])
8219
Vecsmall([10, 11, 12, 13, 14, 15, 16, 9, 2, 3, 4, 5, 6, 7, 8, 1])
8221
Vecsmall([4, 5, 6, 7, 8, 1, 2, 3, 12, 13, 14, 15, 16, 9, 10, 11])
8231
Vecsmall([11, 12, 13, 14, 15, 16, 9, 10, 3, 4, 5, 6, 7, 8, 1, 2])
8233
Vecsmall([7, 8, 1, 2, 3, 4, 5, 6, 15, 16, 9, 10, 11, 12, 13, 14])
8237
Vecsmall([8, 1, 2, 3, 4, 5, 6, 7, 16, 9, 10, 11, 12, 13, 14, 15])
8243
Vecsmall([16, 9, 10, 11, 12, 13, 14, 15, 8, 1, 2, 3, 4, 5, 6, 7])
8263
Vecsmall([11, 12, 13, 14, 15, 16, 9, 10, 3, 4, 5, 6, 7, 8, 1, 2])
8269
Vecsmall([8, 1, 2, 3, 4, 5, 6, 7, 16, 9, 10, 11, 12, 13, 14, 15])
8273
Vecsmall([5, 6, 7, 8, 1, 2, 3, 4, 13, 14, 15, 16, 9, 10, 11, 12])
8287
Vecsmall([9, 10, 11, 12, 13, 14, 15, 16, 1, 2, 3, 4, 5, 6, 7, 8])
8291
Vecsmall([12, 13, 14, 15, 16, 9, 10, 11, 4, 5, 6, 7, 8, 1, 2, 3])
8293
Vecsmall([2, 3, 4, 5, 6, 7, 8, 1, 10, 11, 12, 13, 14, 15, 16, 9])
8297
Vecsmall([7, 8, 1, 2, 3, 4, 5, 6, 15, 16, 9, 10, 11, 12, 13, 14])
8311
Vecsmall([15, 16, 9, 10, 11, 12, 13, 14, 7, 8, 1, 2, 3, 4, 5, 6])
8317
Vecsmall([4, 5, 6, 7, 8, 1, 2, 3, 12, 13, 14, 15, 16, 9, 10, 11])
8329
Vecsmall([7, 8, 1, 2, 3, 4, 5, 6, 15, 16, 9, 10, 11, 12, 13, 14])
8353
Vecsmall([1, 2, 3, 4, 5, 6, 7, 8, 9, 10, 11, 12, 13, 14, 15, 16])
8363
Vecsmall([14, 15, 16, 9, 10, 11, 12, 13, 6, 7, 8, 1, 2, 3, 4, 5])
8369
Vecsmall([5, 6, 7, 8, 1, 2, 3, 4, 13, 14, 15, 16, 9, 10, 11, 12])
8377
Vecsmall([3, 4, 5, 6, 7, 8, 1, 2, 11, 12, 13, 14, 15, 16, 9, 10])
8387
Vecsmall([12, 13, 14, 15, 16, 9, 10, 11, 4, 5, 6, 7, 8, 1, 2, 3])
8389
Vecsmall([2, 3, 4, 5, 6, 7, 8, 1, 10, 11, 12, 13, 14, 15, 16, 9])
8419
Vecsmall([12, 13, 14, 15, 16, 9, 10, 11, 4, 5, 6, 7, 8, 1, 2, 3])
8423
Vecsmall([11, 12, 13, 14, 15, 16, 9, 10, 3, 4, 5, 6, 7, 8, 1, 2])
8429
Vecsmall([8, 1, 2, 3, 4, 5, 6, 7, 16, 9, 10, 11, 12, 13, 14, 15])
8431
Vecsmall([13, 14, 15, 16, 9, 10, 11, 12, 5, 6, 7, 8, 1, 2, 3, 4])
8443
Vecsmall([10, 11, 12, 13, 14, 15, 16, 9, 2, 3, 4, 5, 6, 7, 8, 1])
8447
Vecsmall([9, 10, 11, 12, 13, 14, 15, 16, 1, 2, 3, 4, 5, 6, 7, 8])
8461
Vecsmall([8, 1, 2, 3, 4, 5, 6, 7, 16, 9, 10, 11, 12, 13, 14, 15])
8467
Vecsmall([16, 9, 10, 11, 12, 13, 14, 15, 8, 1, 2, 3, 4, 5, 6, 7])
8501
Vecsmall([6, 7, 8, 1, 2, 3, 4, 5, 14, 15, 16, 9, 10, 11, 12, 13])
8513
Vecsmall([1, 2, 3, 4, 5, 6, 7, 8, 9, 10, 11, 12, 13, 14, 15, 16])
8521
Vecsmall([7, 8, 1, 2, 3, 4, 5, 6, 15, 16, 9, 10, 11, 12, 13, 14])
8527
Vecsmall([13, 14, 15, 16, 9, 10, 11, 12, 5, 6, 7, 8, 1, 2, 3, 4])
8537
Vecsmall([3, 4, 5, 6, 7, 8, 1, 2, 11, 12, 13, 14, 15, 16, 9, 10])
8539
Vecsmall([10, 11, 12, 13, 14, 15, 16, 9, 2, 3, 4, 5, 6, 7, 8, 1])
8543
Vecsmall([9, 10, 11, 12, 13, 14, 15, 16, 1, 2, 3, 4, 5, 6, 7, 8])
8563
Vecsmall([16, 9, 10, 11, 12, 13, 14, 15, 8, 1, 2, 3, 4, 5, 6, 7])
8573
Vecsmall([4, 5, 6, 7, 8, 1, 2, 3, 12, 13, 14, 15, 16, 9, 10, 11])
8581
Vecsmall([2, 3, 4, 5, 6, 7, 8, 1, 10, 11, 12, 13, 14, 15, 16, 9])
8597
Vecsmall([6, 7, 8, 1, 2, 3, 4, 5, 14, 15, 16, 9, 10, 11, 12, 13])
8599
Vecsmall([15, 16, 9, 10, 11, 12, 13, 14, 7, 8, 1, 2, 3, 4, 5, 6])
8609
Vecsmall([1, 2, 3, 4, 5, 6, 7, 8, 9, 10, 11, 12, 13, 14, 15, 16])
8623
Vecsmall([13, 14, 15, 16, 9, 10, 11, 12, 5, 6, 7, 8, 1, 2, 3, 4])
8627
Vecsmall([16, 9, 10, 11, 12, 13, 14, 15, 8, 1, 2, 3, 4, 5, 6, 7])
8629
Vecsmall([6, 7, 8, 1, 2, 3, 4, 5, 14, 15, 16, 9, 10, 11, 12, 13])
8641
Vecsmall([1, 2, 3, 4, 5, 6, 7, 8, 9, 10, 11, 12, 13, 14, 15, 16])
8647
Vecsmall([11, 12, 13, 14, 15, 16, 9, 10, 3, 4, 5, 6, 7, 8, 1, 2])
8663
Vecsmall([15, 16, 9, 10, 11, 12, 13, 14, 7, 8, 1, 2, 3, 4, 5, 6])
8669
Vecsmall([4, 5, 6, 7, 8, 1, 2, 3, 12, 13, 14, 15, 16, 9, 10, 11])
8677
Vecsmall([2, 3, 4, 5, 6, 7, 8, 1, 10, 11, 12, 13, 14, 15, 16, 9])
8681
Vecsmall([7, 8, 1, 2, 3, 4, 5, 6, 15, 16, 9, 10, 11, 12, 13, 14])
8689
Vecsmall([5, 6, 7, 8, 1, 2, 3, 4, 13, 14, 15, 16, 9, 10, 11, 12])
8693
Vecsmall([6, 7, 8, 1, 2, 3, 4, 5, 14, 15, 16, 9, 10, 11, 12, 13])
8699
Vecsmall([10, 11, 12, 13, 14, 15, 16, 9, 2, 3, 4, 5, 6, 7, 8, 1])
8707
Vecsmall([12, 13, 14, 15, 16, 9, 10, 11, 4, 5, 6, 7, 8, 1, 2, 3])
8713
Vecsmall([7, 8, 1, 2, 3, 4, 5, 6, 15, 16, 9, 10, 11, 12, 13, 14])
8719
Vecsmall([13, 14, 15, 16, 9, 10, 11, 12, 5, 6, 7, 8, 1, 2, 3, 4])
8731
Vecsmall([10, 11, 12, 13, 14, 15, 16, 9, 2, 3, 4, 5, 6, 7, 8, 1])
8737
Vecsmall([1, 2, 3, 4, 5, 6, 7, 8, 9, 10, 11, 12, 13, 14, 15, 16])
8741
Vecsmall([2, 3, 4, 5, 6, 7, 8, 1, 10, 11, 12, 13, 14, 15, 16, 9])
8747
Vecsmall([14, 15, 16, 9, 10, 11, 12, 13, 6, 7, 8, 1, 2, 3, 4, 5])
8753
Vecsmall([5, 6, 7, 8, 1, 2, 3, 4, 13, 14, 15, 16, 9, 10, 11, 12])
8761
Vecsmall([3, 4, 5, 6, 7, 8, 1, 2, 11, 12, 13, 14, 15, 16, 9, 10])
8779
Vecsmall([14, 15, 16, 9, 10, 11, 12, 13, 6, 7, 8, 1, 2, 3, 4, 5])
8783
Vecsmall([13, 14, 15, 16, 9, 10, 11, 12, 5, 6, 7, 8, 1, 2, 3, 4])
8803
Vecsmall([12, 13, 14, 15, 16, 9, 10, 11, 4, 5, 6, 7, 8, 1, 2, 3])
8807
Vecsmall([11, 12, 13, 14, 15, 16, 9, 10, 3, 4, 5, 6, 7, 8, 1, 2])
8819
Vecsmall([16, 9, 10, 11, 12, 13, 14, 15, 8, 1, 2, 3, 4, 5, 6, 7])
8821
Vecsmall([6, 7, 8, 1, 2, 3, 4, 5, 14, 15, 16, 9, 10, 11, 12, 13])
8831
Vecsmall([9, 10, 11, 12, 13, 14, 15, 16, 1, 2, 3, 4, 5, 6, 7, 8])
8837
Vecsmall([2, 3, 4, 5, 6, 7, 8, 1, 10, 11, 12, 13, 14, 15, 16, 9])
8839
Vecsmall([11, 12, 13, 14, 15, 16, 9, 10, 3, 4, 5, 6, 7, 8, 1, 2])
8849
Vecsmall([5, 6, 7, 8, 1, 2, 3, 4, 13, 14, 15, 16, 9, 10, 11, 12])
8861
Vecsmall([4, 5, 6, 7, 8, 1, 2, 3, 12, 13, 14, 15, 16, 9, 10, 11])
8863
Vecsmall([9, 10, 11, 12, 13, 14, 15, 16, 1, 2, 3, 4, 5, 6, 7, 8])
8867
Vecsmall([12, 13, 14, 15, 16, 9, 10, 11, 4, 5, 6, 7, 8, 1, 2, 3])
8887
Vecsmall([15, 16, 9, 10, 11, 12, 13, 14, 7, 8, 1, 2, 3, 4, 5, 6])
8893
Vecsmall([4, 5, 6, 7, 8, 1, 2, 3, 12, 13, 14, 15, 16, 9, 10, 11])
8923
Vecsmall([10, 11, 12, 13, 14, 15, 16, 9, 2, 3, 4, 5, 6, 7, 8, 1])
8929
Vecsmall([1, 2, 3, 4, 5, 6, 7, 8, 9, 10, 11, 12, 13, 14, 15, 16])
8933
Vecsmall([2, 3, 4, 5, 6, 7, 8, 1, 10, 11, 12, 13, 14, 15, 16, 9])
8941
Vecsmall([8, 1, 2, 3, 4, 5, 6, 7, 16, 9, 10, 11, 12, 13, 14, 15])
8951
Vecsmall([15, 16, 9, 10, 11, 12, 13, 14, 7, 8, 1, 2, 3, 4, 5, 6])
8963
Vecsmall([12, 13, 14, 15, 16, 9, 10, 11, 4, 5, 6, 7, 8, 1, 2, 3])
8969
Vecsmall([7, 8, 1, 2, 3, 4, 5, 6, 15, 16, 9, 10, 11, 12, 13, 14])
8971
Vecsmall([14, 15, 16, 9, 10, 11, 12, 13, 6, 7, 8, 1, 2, 3, 4, 5])
8999
Vecsmall([11, 12, 13, 14, 15, 16, 9, 10, 3, 4, 5, 6, 7, 8, 1, 2])
9001
Vecsmall([7, 8, 1, 2, 3, 4, 5, 6, 15, 16, 9, 10, 11, 12, 13, 14])
9007
Vecsmall([13, 14, 15, 16, 9, 10, 11, 12, 5, 6, 7, 8, 1, 2, 3, 4])
9011
Vecsmall([16, 9, 10, 11, 12, 13, 14, 15, 8, 1, 2, 3, 4, 5, 6, 7])
9013
Vecsmall([6, 7, 8, 1, 2, 3, 4, 5, 14, 15, 16, 9, 10, 11, 12, 13])
9029
Vecsmall([2, 3, 4, 5, 6, 7, 8, 1, 10, 11, 12, 13, 14, 15, 16, 9])
9041
Vecsmall([5, 6, 7, 8, 1, 2, 3, 4, 13, 14, 15, 16, 9, 10, 11, 12])
9043
Vecsmall([16, 9, 10, 11, 12, 13, 14, 15, 8, 1, 2, 3, 4, 5, 6, 7])
9049
Vecsmall([3, 4, 5, 6, 7, 8, 1, 2, 11, 12, 13, 14, 15, 16, 9, 10])
9059
Vecsmall([12, 13, 14, 15, 16, 9, 10, 11, 4, 5, 6, 7, 8, 1, 2, 3])
9067
Vecsmall([14, 15, 16, 9, 10, 11, 12, 13, 6, 7, 8, 1, 2, 3, 4, 5])
9091
Vecsmall([12, 13, 14, 15, 16, 9, 10, 11, 4, 5, 6, 7, 8, 1, 2, 3])
9103
Vecsmall([13, 14, 15, 16, 9, 10, 11, 12, 5, 6, 7, 8, 1, 2, 3, 4])
9109
Vecsmall([6, 7, 8, 1, 2, 3, 4, 5, 14, 15, 16, 9, 10, 11, 12, 13])
9127
Vecsmall([11, 12, 13, 14, 15, 16, 9, 10, 3, 4, 5, 6, 7, 8, 1, 2])
9133
Vecsmall([8, 1, 2, 3, 4, 5, 6, 7, 16, 9, 10, 11, 12, 13, 14, 15])
9137
Vecsmall([5, 6, 7, 8, 1, 2, 3, 4, 13, 14, 15, 16, 9, 10, 11, 12])
9151
Vecsmall([9, 10, 11, 12, 13, 14, 15, 16, 1, 2, 3, 4, 5, 6, 7, 8])
9157
Vecsmall([2, 3, 4, 5, 6, 7, 8, 1, 10, 11, 12, 13, 14, 15, 16, 9])
9161
Vecsmall([7, 8, 1, 2, 3, 4, 5, 6, 15, 16, 9, 10, 11, 12, 13, 14])
9173
Vecsmall([6, 7, 8, 1, 2, 3, 4, 5, 14, 15, 16, 9, 10, 11, 12, 13])
9181
Vecsmall([4, 5, 6, 7, 8, 1, 2, 3, 12, 13, 14, 15, 16, 9, 10, 11])
9187
Vecsmall([12, 13, 14, 15, 16, 9, 10, 11, 4, 5, 6, 7, 8, 1, 2, 3])
9199
Vecsmall([13, 14, 15, 16, 9, 10, 11, 12, 5, 6, 7, 8, 1, 2, 3, 4])
9203
Vecsmall([16, 9, 10, 11, 12, 13, 14, 15, 8, 1, 2, 3, 4, 5, 6, 7])
9209
Vecsmall([3, 4, 5, 6, 7, 8, 1, 2, 11, 12, 13, 14, 15, 16, 9, 10])
9221
Vecsmall([2, 3, 4, 5, 6, 7, 8, 1, 10, 11, 12, 13, 14, 15, 16, 9])
9227
Vecsmall([14, 15, 16, 9, 10, 11, 12, 13, 6, 7, 8, 1, 2, 3, 4, 5])
9239
Vecsmall([15, 16, 9, 10, 11, 12, 13, 14, 7, 8, 1, 2, 3, 4, 5, 6])
9241
Vecsmall([3, 4, 5, 6, 7, 8, 1, 2, 11, 12, 13, 14, 15, 16, 9, 10])
9257
Vecsmall([7, 8, 1, 2, 3, 4, 5, 6, 15, 16, 9, 10, 11, 12, 13, 14])
9277
Vecsmall([4, 5, 6, 7, 8, 1, 2, 3, 12, 13, 14, 15, 16, 9, 10, 11])
9281
Vecsmall([1, 2, 3, 4, 5, 6, 7, 8, 9, 10, 11, 12, 13, 14, 15, 16])
9283
Vecsmall([12, 13, 14, 15, 16, 9, 10, 11, 4, 5, 6, 7, 8, 1, 2, 3])
9293
Vecsmall([8, 1, 2, 3, 4, 5, 6, 7, 16, 9, 10, 11, 12, 13, 14, 15])
9311
Vecsmall([9, 10, 11, 12, 13, 14, 15, 16, 1, 2, 3, 4, 5, 6, 7, 8])
9319
Vecsmall([11, 12, 13, 14, 15, 16, 9, 10, 3, 4, 5, 6, 7, 8, 1, 2])
9323
Vecsmall([14, 15, 16, 9, 10, 11, 12, 13, 6, 7, 8, 1, 2, 3, 4, 5])
9337
Vecsmall([3, 4, 5, 6, 7, 8, 1, 2, 11, 12, 13, 14, 15, 16, 9, 10])
9341
Vecsmall([4, 5, 6, 7, 8, 1, 2, 3, 12, 13, 14, 15, 16, 9, 10, 11])
9343
Vecsmall([9, 10, 11, 12, 13, 14, 15, 16, 1, 2, 3, 4, 5, 6, 7, 8])
9349
Vecsmall([2, 3, 4, 5, 6, 7, 8, 1, 10, 11, 12, 13, 14, 15, 16, 9])
9371
Vecsmall([10, 11, 12, 13, 14, 15, 16, 9, 2, 3, 4, 5, 6, 7, 8, 1])
9377
Vecsmall([1, 2, 3, 4, 5, 6, 7, 8, 9, 10, 11, 12, 13, 14, 15, 16])
9391
Vecsmall([13, 14, 15, 16, 9, 10, 11, 12, 5, 6, 7, 8, 1, 2, 3, 4])
9397
Vecsmall([6, 7, 8, 1, 2, 3, 4, 5, 14, 15, 16, 9, 10, 11, 12, 13])
9403
Vecsmall([10, 11, 12, 13, 14, 15, 16, 9, 2, 3, 4, 5, 6, 7, 8, 1])
9413
Vecsmall([2, 3, 4, 5, 6, 7, 8, 1, 10, 11, 12, 13, 14, 15, 16, 9])
9419
Vecsmall([14, 15, 16, 9, 10, 11, 12, 13, 6, 7, 8, 1, 2, 3, 4, 5])
9421
Vecsmall([8, 1, 2, 3, 4, 5, 6, 7, 16, 9, 10, 11, 12, 13, 14, 15])
9431
Vecsmall([15, 16, 9, 10, 11, 12, 13, 14, 7, 8, 1, 2, 3, 4, 5, 6])
9433
Vecsmall([3, 4, 5, 6, 7, 8, 1, 2, 11, 12, 13, 14, 15, 16, 9, 10])
9437
Vecsmall([4, 5, 6, 7, 8, 1, 2, 3, 12, 13, 14, 15, 16, 9, 10, 11])
9439
Vecsmall([9, 10, 11, 12, 13, 14, 15, 16, 1, 2, 3, 4, 5, 6, 7, 8])
9461
Vecsmall([6, 7, 8, 1, 2, 3, 4, 5, 14, 15, 16, 9, 10, 11, 12, 13])
9463
Vecsmall([15, 16, 9, 10, 11, 12, 13, 14, 7, 8, 1, 2, 3, 4, 5, 6])
9467
Vecsmall([10, 11, 12, 13, 14, 15, 16, 9, 2, 3, 4, 5, 6, 7, 8, 1])
9473
Vecsmall([1, 2, 3, 4, 5, 6, 7, 8, 9, 10, 11, 12, 13, 14, 15, 16])
9479
Vecsmall([11, 12, 13, 14, 15, 16, 9, 10, 3, 4, 5, 6, 7, 8, 1, 2])
9491
Vecsmall([16, 9, 10, 11, 12, 13, 14, 15, 8, 1, 2, 3, 4, 5, 6, 7])
9497
Vecsmall([3, 4, 5, 6, 7, 8, 1, 2, 11, 12, 13, 14, 15, 16, 9, 10])
9511
Vecsmall([11, 12, 13, 14, 15, 16, 9, 10, 3, 4, 5, 6, 7, 8, 1, 2])
9521
Vecsmall([5, 6, 7, 8, 1, 2, 3, 4, 13, 14, 15, 16, 9, 10, 11, 12])
9533
Vecsmall([4, 5, 6, 7, 8, 1, 2, 3, 12, 13, 14, 15, 16, 9, 10, 11])
9539
Vecsmall([12, 13, 14, 15, 16, 9, 10, 11, 4, 5, 6, 7, 8, 1, 2, 3])
9547
Vecsmall([14, 15, 16, 9, 10, 11, 12, 13, 6, 7, 8, 1, 2, 3, 4, 5])
9551
Vecsmall([13, 14, 15, 16, 9, 10, 11, 12, 5, 6, 7, 8, 1, 2, 3, 4])
9587
Vecsmall([16, 9, 10, 11, 12, 13, 14, 15, 8, 1, 2, 3, 4, 5, 6, 7])
9601
Vecsmall([1, 2, 3, 4, 5, 6, 7, 8, 9, 10, 11, 12, 13, 14, 15, 16])
9613
Vecsmall([8, 1, 2, 3, 4, 5, 6, 7, 16, 9, 10, 11, 12, 13, 14, 15])
9619
Vecsmall([16, 9, 10, 11, 12, 13, 14, 15, 8, 1, 2, 3, 4, 5, 6, 7])
9623
Vecsmall([15, 16, 9, 10, 11, 12, 13, 14, 7, 8, 1, 2, 3, 4, 5, 6])
9629
Vecsmall([4, 5, 6, 7, 8, 1, 2, 3, 12, 13, 14, 15, 16, 9, 10, 11])
9631
Vecsmall([9, 10, 11, 12, 13, 14, 15, 16, 1, 2, 3, 4, 5, 6, 7, 8])
9643
Vecsmall([14, 15, 16, 9, 10, 11, 12, 13, 6, 7, 8, 1, 2, 3, 4, 5])
9649
Vecsmall([5, 6, 7, 8, 1, 2, 3, 4, 13, 14, 15, 16, 9, 10, 11, 12])
9661
Vecsmall([4, 5, 6, 7, 8, 1, 2, 3, 12, 13, 14, 15, 16, 9, 10, 11])
9677
Vecsmall([8, 1, 2, 3, 4, 5, 6, 7, 16, 9, 10, 11, 12, 13, 14, 15])
9679
Vecsmall([13, 14, 15, 16, 9, 10, 11, 12, 5, 6, 7, 8, 1, 2, 3, 4])
9689
Vecsmall([3, 4, 5, 6, 7, 8, 1, 2, 11, 12, 13, 14, 15, 16, 9, 10])
9697
Vecsmall([1, 2, 3, 4, 5, 6, 7, 8, 9, 10, 11, 12, 13, 14, 15, 16])
9719
Vecsmall([15, 16, 9, 10, 11, 12, 13, 14, 7, 8, 1, 2, 3, 4, 5, 6])
9721
Vecsmall([3, 4, 5, 6, 7, 8, 1, 2, 11, 12, 13, 14, 15, 16, 9, 10])
9733
Vecsmall([2, 3, 4, 5, 6, 7, 8, 1, 10, 11, 12, 13, 14, 15, 16, 9])
9739
Vecsmall([14, 15, 16, 9, 10, 11, 12, 13, 6, 7, 8, 1, 2, 3, 4, 5])
9743
Vecsmall([13, 14, 15, 16, 9, 10, 11, 12, 5, 6, 7, 8, 1, 2, 3, 4])
9749
Vecsmall([6, 7, 8, 1, 2, 3, 4, 5, 14, 15, 16, 9, 10, 11, 12, 13])
9767
Vecsmall([11, 12, 13, 14, 15, 16, 9, 10, 3, 4, 5, 6, 7, 8, 1, 2])
9769
Vecsmall([7, 8, 1, 2, 3, 4, 5, 6, 15, 16, 9, 10, 11, 12, 13, 14])
9781
Vecsmall([6, 7, 8, 1, 2, 3, 4, 5, 14, 15, 16, 9, 10, 11, 12, 13])
9787
Vecsmall([10, 11, 12, 13, 14, 15, 16, 9, 2, 3, 4, 5, 6, 7, 8, 1])
9791
Vecsmall([9, 10, 11, 12, 13, 14, 15, 16, 1, 2, 3, 4, 5, 6, 7, 8])
9803
Vecsmall([14, 15, 16, 9, 10, 11, 12, 13, 6, 7, 8, 1, 2, 3, 4, 5])
9811
Vecsmall([16, 9, 10, 11, 12, 13, 14, 15, 8, 1, 2, 3, 4, 5, 6, 7])
9817
Vecsmall([3, 4, 5, 6, 7, 8, 1, 2, 11, 12, 13, 14, 15, 16, 9, 10])
9829
Vecsmall([2, 3, 4, 5, 6, 7, 8, 1, 10, 11, 12, 13, 14, 15, 16, 9])
9833
Vecsmall([7, 8, 1, 2, 3, 4, 5, 6, 15, 16, 9, 10, 11, 12, 13, 14])
9839
Vecsmall([13, 14, 15, 16, 9, 10, 11, 12, 5, 6, 7, 8, 1, 2, 3, 4])
9851
Vecsmall([10, 11, 12, 13, 14, 15, 16, 9, 2, 3, 4, 5, 6, 7, 8, 1])
9857
Vecsmall([1, 2, 3, 4, 5, 6, 7, 8, 9, 10, 11, 12, 13, 14, 15, 16])
9859
Vecsmall([12, 13, 14, 15, 16, 9, 10, 11, 4, 5, 6, 7, 8, 1, 2, 3])
9871
Vecsmall([13, 14, 15, 16, 9, 10, 11, 12, 5, 6, 7, 8, 1, 2, 3, 4])
9883
Vecsmall([10, 11, 12, 13, 14, 15, 16, 9, 2, 3, 4, 5, 6, 7, 8, 1])
9887
Vecsmall([9, 10, 11, 12, 13, 14, 15, 16, 1, 2, 3, 4, 5, 6, 7, 8])
9901
Vecsmall([8, 1, 2, 3, 4, 5, 6, 7, 16, 9, 10, 11, 12, 13, 14, 15])
9907
Vecsmall([16, 9, 10, 11, 12, 13, 14, 15, 8, 1, 2, 3, 4, 5, 6, 7])
9923
Vecsmall([12, 13, 14, 15, 16, 9, 10, 11, 4, 5, 6, 7, 8, 1, 2, 3])
9929
Vecsmall([7, 8, 1, 2, 3, 4, 5, 6, 15, 16, 9, 10, 11, 12, 13, 14])
9931
Vecsmall([14, 15, 16, 9, 10, 11, 12, 13, 6, 7, 8, 1, 2, 3, 4, 5])
9941
Vecsmall([6, 7, 8, 1, 2, 3, 4, 5, 14, 15, 16, 9, 10, 11, 12, 13])
9949
Vecsmall([4, 5, 6, 7, 8, 1, 2, 3, 12, 13, 14, 15, 16, 9, 10, 11])
9967
Vecsmall([13, 14, 15, 16, 9, 10, 11, 12, 5, 6, 7, 8, 1, 2, 3, 4])
9973
Vecsmall([6, 7, 8, 1, 2, 3, 4, 5, 14, 15, 16, 9, 10, 11, 12, 13])
