Extension
#2
\nu
sqrt(alpha)
sqrt(1/2+(sqrt(2)/2)j)
Mod(y^6 + y^4 + y^2, y^8 + 1)


Galois identify
[16, 3]


Galois conjug classes
[[Vecsmall([1, 2, 3, 4, 5, 6, 7, 8, 9, 10, 11, 12, 13, 14, 15, 16])], [Vecsmall([2, 1, 6, 5, 4, 3, 9, 10, 7, 8, 14, 13, 12, 11, 16, 15])], [Vecsmall([11, 14, 2, 9, 7, 1, 12, 4, 13, 5, 16, 10, 8, 15, 3, 6]), Vecsmall([3, 6, 16, 10, 8, 15, 4, 12, 5, 13, 2, 9, 7, 1, 11, 14])], [Vecsmall([12, 13, 10, 15, 16, 8, 14, 6, 11, 3, 9, 1, 2, 7, 4, 5]), Vecsmall([4, 5, 9, 1, 2, 7, 6, 14, 3, 11, 10, 15, 16, 8, 12, 13])], [Vecsmall([13, 12, 8, 16, 15, 10, 11, 3, 14, 6, 7, 2, 1, 9, 5, 4]), Vecsmall([5, 4, 7, 2, 1, 9, 3, 11, 6, 14, 8, 16, 15, 10, 13, 12])], [Vecsmall([14, 11, 1, 7, 9, 2, 13, 5, 12, 4, 15, 8, 10, 16, 6, 3]), Vecsmall([6, 3, 15, 8, 10, 16, 5, 13, 4, 12, 1, 7, 9, 2, 14, 11])], [Vecsmall([8, 10, 4, 6, 3, 5, 16, 2, 15, 1, 12, 14, 11, 13, 7, 9]), Vecsmall([7, 9, 12, 14, 11, 13, 2, 16, 1, 15, 4, 6, 3, 5, 8, 10])], [Vecsmall([10, 8, 5, 3, 6, 4, 15, 1, 16, 2, 13, 11, 14, 12, 9, 7]), Vecsmall([9, 7, 13, 11, 14, 12, 1, 15, 2, 16, 5, 3, 6, 4, 10, 8])], [Vecsmall([15, 16, 11, 12, 13, 14, 8, 7, 10, 9, 3, 4, 5, 6, 1, 2])], [Vecsmall([16, 15, 14, 13, 12, 11, 10, 9, 8, 7, 6, 5, 4, 3, 2, 1])]]


3
Vecsmall([11, 14, 2, 9, 7, 1, 12, 4, 13, 5, 16, 10, 8, 15, 3, 6])
5
Vecsmall([8, 10, 4, 6, 3, 5, 16, 2, 15, 1, 12, 14, 11, 13, 7, 9])
7
Vecsmall([13, 12, 8, 16, 15, 10, 11, 3, 14, 6, 7, 2, 1, 9, 5, 4])
11
Vecsmall([6, 3, 15, 8, 10, 16, 5, 13, 4, 12, 1, 7, 9, 2, 14, 11])
13
Vecsmall([9, 7, 13, 11, 14, 12, 1, 15, 2, 16, 5, 3, 6, 4, 10, 8])
17
Vecsmall([15, 16, 11, 12, 13, 14, 8, 7, 10, 9, 3, 4, 5, 6, 1, 2])
19
Vecsmall([3, 6, 16, 10, 8, 15, 4, 12, 5, 13, 2, 9, 7, 1, 11, 14])
23
Vecsmall([13, 12, 8, 16, 15, 10, 11, 3, 14, 6, 7, 2, 1, 9, 5, 4])
29
Vecsmall([10, 8, 5, 3, 6, 4, 15, 1, 16, 2, 13, 11, 14, 12, 9, 7])
31
Vecsmall([12, 13, 10, 15, 16, 8, 14, 6, 11, 3, 9, 1, 2, 7, 4, 5])
37
Vecsmall([8, 10, 4, 6, 3, 5, 16, 2, 15, 1, 12, 14, 11, 13, 7, 9])
41
Vecsmall([2, 1, 6, 5, 4, 3, 9, 10, 7, 8, 14, 13, 12, 11, 16, 15])
43
Vecsmall([14, 11, 1, 7, 9, 2, 13, 5, 12, 4, 15, 8, 10, 16, 6, 3])
47
Vecsmall([12, 13, 10, 15, 16, 8, 14, 6, 11, 3, 9, 1, 2, 7, 4, 5])
53
Vecsmall([8, 10, 4, 6, 3, 5, 16, 2, 15, 1, 12, 14, 11, 13, 7, 9])
59
Vecsmall([14, 11, 1, 7, 9, 2, 13, 5, 12, 4, 15, 8, 10, 16, 6, 3])
61
Vecsmall([10, 8, 5, 3, 6, 4, 15, 1, 16, 2, 13, 11, 14, 12, 9, 7])
67
Vecsmall([3, 6, 16, 10, 8, 15, 4, 12, 5, 13, 2, 9, 7, 1, 11, 14])
71
Vecsmall([13, 12, 8, 16, 15, 10, 11, 3, 14, 6, 7, 2, 1, 9, 5, 4])
73
Vecsmall([16, 15, 14, 13, 12, 11, 10, 9, 8, 7, 6, 5, 4, 3, 2, 1])
79
Vecsmall([4, 5, 9, 1, 2, 7, 6, 14, 3, 11, 10, 15, 16, 8, 12, 13])
83
Vecsmall([3, 6, 16, 10, 8, 15, 4, 12, 5, 13, 2, 9, 7, 1, 11, 14])
89
Vecsmall([16, 15, 14, 13, 12, 11, 10, 9, 8, 7, 6, 5, 4, 3, 2, 1])
97
Vecsmall([15, 16, 11, 12, 13, 14, 8, 7, 10, 9, 3, 4, 5, 6, 1, 2])
101
Vecsmall([7, 9, 12, 14, 11, 13, 2, 16, 1, 15, 4, 6, 3, 5, 8, 10])
103
Vecsmall([5, 4, 7, 2, 1, 9, 3, 11, 6, 14, 8, 16, 15, 10, 13, 12])
107
Vecsmall([14, 11, 1, 7, 9, 2, 13, 5, 12, 4, 15, 8, 10, 16, 6, 3])
109
Vecsmall([10, 8, 5, 3, 6, 4, 15, 1, 16, 2, 13, 11, 14, 12, 9, 7])
113
Vecsmall([1, 2, 3, 4, 5, 6, 7, 8, 9, 10, 11, 12, 13, 14, 15, 16])
127
Vecsmall([4, 5, 9, 1, 2, 7, 6, 14, 3, 11, 10, 15, 16, 8, 12, 13])
131
Vecsmall([11, 14, 2, 9, 7, 1, 12, 4, 13, 5, 16, 10, 8, 15, 3, 6])
137
Vecsmall([2, 1, 6, 5, 4, 3, 9, 10, 7, 8, 14, 13, 12, 11, 16, 15])
139
Vecsmall([14, 11, 1, 7, 9, 2, 13, 5, 12, 4, 15, 8, 10, 16, 6, 3])
149
Vecsmall([8, 10, 4, 6, 3, 5, 16, 2, 15, 1, 12, 14, 11, 13, 7, 9])
151
Vecsmall([13, 12, 8, 16, 15, 10, 11, 3, 14, 6, 7, 2, 1, 9, 5, 4])
157
Vecsmall([10, 8, 5, 3, 6, 4, 15, 1, 16, 2, 13, 11, 14, 12, 9, 7])
163
Vecsmall([3, 6, 16, 10, 8, 15, 4, 12, 5, 13, 2, 9, 7, 1, 11, 14])
167
Vecsmall([13, 12, 8, 16, 15, 10, 11, 3, 14, 6, 7, 2, 1, 9, 5, 4])
173
Vecsmall([10, 8, 5, 3, 6, 4, 15, 1, 16, 2, 13, 11, 14, 12, 9, 7])
179
Vecsmall([3, 6, 16, 10, 8, 15, 4, 12, 5, 13, 2, 9, 7, 1, 11, 14])
181
Vecsmall([8, 10, 4, 6, 3, 5, 16, 2, 15, 1, 12, 14, 11, 13, 7, 9])
191
Vecsmall([12, 13, 10, 15, 16, 8, 14, 6, 11, 3, 9, 1, 2, 7, 4, 5])
193
Vecsmall([15, 16, 11, 12, 13, 14, 8, 7, 10, 9, 3, 4, 5, 6, 1, 2])
197
Vecsmall([8, 10, 4, 6, 3, 5, 16, 2, 15, 1, 12, 14, 11, 13, 7, 9])
199
Vecsmall([5, 4, 7, 2, 1, 9, 3, 11, 6, 14, 8, 16, 15, 10, 13, 12])
211
Vecsmall([11, 14, 2, 9, 7, 1, 12, 4, 13, 5, 16, 10, 8, 15, 3, 6])
223
Vecsmall([12, 13, 10, 15, 16, 8, 14, 6, 11, 3, 9, 1, 2, 7, 4, 5])
227
Vecsmall([11, 14, 2, 9, 7, 1, 12, 4, 13, 5, 16, 10, 8, 15, 3, 6])
229
Vecsmall([8, 10, 4, 6, 3, 5, 16, 2, 15, 1, 12, 14, 11, 13, 7, 9])
233
Vecsmall([16, 15, 14, 13, 12, 11, 10, 9, 8, 7, 6, 5, 4, 3, 2, 1])
239
Vecsmall([12, 13, 10, 15, 16, 8, 14, 6, 11, 3, 9, 1, 2, 7, 4, 5])
241
Vecsmall([15, 16, 11, 12, 13, 14, 8, 7, 10, 9, 3, 4, 5, 6, 1, 2])
251
Vecsmall([6, 3, 15, 8, 10, 16, 5, 13, 4, 12, 1, 7, 9, 2, 14, 11])
257
Vecsmall([1, 2, 3, 4, 5, 6, 7, 8, 9, 10, 11, 12, 13, 14, 15, 16])
263
Vecsmall([13, 12, 8, 16, 15, 10, 11, 3, 14, 6, 7, 2, 1, 9, 5, 4])
269
Vecsmall([9, 7, 13, 11, 14, 12, 1, 15, 2, 16, 5, 3, 6, 4, 10, 8])
271
Vecsmall([4, 5, 9, 1, 2, 7, 6, 14, 3, 11, 10, 15, 16, 8, 12, 13])
277
Vecsmall([8, 10, 4, 6, 3, 5, 16, 2, 15, 1, 12, 14, 11, 13, 7, 9])
281
Vecsmall([16, 15, 14, 13, 12, 11, 10, 9, 8, 7, 6, 5, 4, 3, 2, 1])
283
Vecsmall([6, 3, 15, 8, 10, 16, 5, 13, 4, 12, 1, 7, 9, 2, 14, 11])
293
Vecsmall([7, 9, 12, 14, 11, 13, 2, 16, 1, 15, 4, 6, 3, 5, 8, 10])
307
Vecsmall([3, 6, 16, 10, 8, 15, 4, 12, 5, 13, 2, 9, 7, 1, 11, 14])
311
Vecsmall([5, 4, 7, 2, 1, 9, 3, 11, 6, 14, 8, 16, 15, 10, 13, 12])
313
Vecsmall([2, 1, 6, 5, 4, 3, 9, 10, 7, 8, 14, 13, 12, 11, 16, 15])
317
Vecsmall([9, 7, 13, 11, 14, 12, 1, 15, 2, 16, 5, 3, 6, 4, 10, 8])
331
Vecsmall([14, 11, 1, 7, 9, 2, 13, 5, 12, 4, 15, 8, 10, 16, 6, 3])
337
Vecsmall([1, 2, 3, 4, 5, 6, 7, 8, 9, 10, 11, 12, 13, 14, 15, 16])
347
Vecsmall([6, 3, 15, 8, 10, 16, 5, 13, 4, 12, 1, 7, 9, 2, 14, 11])
349
Vecsmall([9, 7, 13, 11, 14, 12, 1, 15, 2, 16, 5, 3, 6, 4, 10, 8])
353
Vecsmall([1, 2, 3, 4, 5, 6, 7, 8, 9, 10, 11, 12, 13, 14, 15, 16])
359
Vecsmall([5, 4, 7, 2, 1, 9, 3, 11, 6, 14, 8, 16, 15, 10, 13, 12])
367
Vecsmall([4, 5, 9, 1, 2, 7, 6, 14, 3, 11, 10, 15, 16, 8, 12, 13])
373
Vecsmall([7, 9, 12, 14, 11, 13, 2, 16, 1, 15, 4, 6, 3, 5, 8, 10])
379
Vecsmall([6, 3, 15, 8, 10, 16, 5, 13, 4, 12, 1, 7, 9, 2, 14, 11])
383
Vecsmall([12, 13, 10, 15, 16, 8, 14, 6, 11, 3, 9, 1, 2, 7, 4, 5])
389
Vecsmall([7, 9, 12, 14, 11, 13, 2, 16, 1, 15, 4, 6, 3, 5, 8, 10])
397
Vecsmall([10, 8, 5, 3, 6, 4, 15, 1, 16, 2, 13, 11, 14, 12, 9, 7])
401
Vecsmall([15, 16, 11, 12, 13, 14, 8, 7, 10, 9, 3, 4, 5, 6, 1, 2])
409
Vecsmall([2, 1, 6, 5, 4, 3, 9, 10, 7, 8, 14, 13, 12, 11, 16, 15])
419
Vecsmall([3, 6, 16, 10, 8, 15, 4, 12, 5, 13, 2, 9, 7, 1, 11, 14])
421
Vecsmall([8, 10, 4, 6, 3, 5, 16, 2, 15, 1, 12, 14, 11, 13, 7, 9])
431
Vecsmall([12, 13, 10, 15, 16, 8, 14, 6, 11, 3, 9, 1, 2, 7, 4, 5])
433
Vecsmall([15, 16, 11, 12, 13, 14, 8, 7, 10, 9, 3, 4, 5, 6, 1, 2])
439
Vecsmall([13, 12, 8, 16, 15, 10, 11, 3, 14, 6, 7, 2, 1, 9, 5, 4])
443
Vecsmall([14, 11, 1, 7, 9, 2, 13, 5, 12, 4, 15, 8, 10, 16, 6, 3])
449
Vecsmall([15, 16, 11, 12, 13, 14, 8, 7, 10, 9, 3, 4, 5, 6, 1, 2])
457
Vecsmall([2, 1, 6, 5, 4, 3, 9, 10, 7, 8, 14, 13, 12, 11, 16, 15])
461
Vecsmall([10, 8, 5, 3, 6, 4, 15, 1, 16, 2, 13, 11, 14, 12, 9, 7])
463
Vecsmall([4, 5, 9, 1, 2, 7, 6, 14, 3, 11, 10, 15, 16, 8, 12, 13])
467
Vecsmall([3, 6, 16, 10, 8, 15, 4, 12, 5, 13, 2, 9, 7, 1, 11, 14])
479
Vecsmall([12, 13, 10, 15, 16, 8, 14, 6, 11, 3, 9, 1, 2, 7, 4, 5])
487
Vecsmall([5, 4, 7, 2, 1, 9, 3, 11, 6, 14, 8, 16, 15, 10, 13, 12])
491
Vecsmall([6, 3, 15, 8, 10, 16, 5, 13, 4, 12, 1, 7, 9, 2, 14, 11])
499
Vecsmall([3, 6, 16, 10, 8, 15, 4, 12, 5, 13, 2, 9, 7, 1, 11, 14])
503
Vecsmall([13, 12, 8, 16, 15, 10, 11, 3, 14, 6, 7, 2, 1, 9, 5, 4])
509
Vecsmall([9, 7, 13, 11, 14, 12, 1, 15, 2, 16, 5, 3, 6, 4, 10, 8])
521
Vecsmall([2, 1, 6, 5, 4, 3, 9, 10, 7, 8, 14, 13, 12, 11, 16, 15])
523
Vecsmall([6, 3, 15, 8, 10, 16, 5, 13, 4, 12, 1, 7, 9, 2, 14, 11])
541
Vecsmall([10, 8, 5, 3, 6, 4, 15, 1, 16, 2, 13, 11, 14, 12, 9, 7])
547
Vecsmall([11, 14, 2, 9, 7, 1, 12, 4, 13, 5, 16, 10, 8, 15, 3, 6])
557
Vecsmall([10, 8, 5, 3, 6, 4, 15, 1, 16, 2, 13, 11, 14, 12, 9, 7])
563
Vecsmall([3, 6, 16, 10, 8, 15, 4, 12, 5, 13, 2, 9, 7, 1, 11, 14])
569
Vecsmall([2, 1, 6, 5, 4, 3, 9, 10, 7, 8, 14, 13, 12, 11, 16, 15])
571
Vecsmall([14, 11, 1, 7, 9, 2, 13, 5, 12, 4, 15, 8, 10, 16, 6, 3])
577
Vecsmall([1, 2, 3, 4, 5, 6, 7, 8, 9, 10, 11, 12, 13, 14, 15, 16])
587
Vecsmall([14, 11, 1, 7, 9, 2, 13, 5, 12, 4, 15, 8, 10, 16, 6, 3])
593
Vecsmall([1, 2, 3, 4, 5, 6, 7, 8, 9, 10, 11, 12, 13, 14, 15, 16])
599
Vecsmall([13, 12, 8, 16, 15, 10, 11, 3, 14, 6, 7, 2, 1, 9, 5, 4])
601
Vecsmall([16, 15, 14, 13, 12, 11, 10, 9, 8, 7, 6, 5, 4, 3, 2, 1])
607
Vecsmall([12, 13, 10, 15, 16, 8, 14, 6, 11, 3, 9, 1, 2, 7, 4, 5])
613
Vecsmall([8, 10, 4, 6, 3, 5, 16, 2, 15, 1, 12, 14, 11, 13, 7, 9])
617
Vecsmall([16, 15, 14, 13, 12, 11, 10, 9, 8, 7, 6, 5, 4, 3, 2, 1])
619
Vecsmall([14, 11, 1, 7, 9, 2, 13, 5, 12, 4, 15, 8, 10, 16, 6, 3])
631
Vecsmall([5, 4, 7, 2, 1, 9, 3, 11, 6, 14, 8, 16, 15, 10, 13, 12])
641
Vecsmall([15, 16, 11, 12, 13, 14, 8, 7, 10, 9, 3, 4, 5, 6, 1, 2])
643
Vecsmall([11, 14, 2, 9, 7, 1, 12, 4, 13, 5, 16, 10, 8, 15, 3, 6])
647
Vecsmall([13, 12, 8, 16, 15, 10, 11, 3, 14, 6, 7, 2, 1, 9, 5, 4])
653
Vecsmall([10, 8, 5, 3, 6, 4, 15, 1, 16, 2, 13, 11, 14, 12, 9, 7])
659
Vecsmall([3, 6, 16, 10, 8, 15, 4, 12, 5, 13, 2, 9, 7, 1, 11, 14])
661
Vecsmall([8, 10, 4, 6, 3, 5, 16, 2, 15, 1, 12, 14, 11, 13, 7, 9])
673
Vecsmall([15, 16, 11, 12, 13, 14, 8, 7, 10, 9, 3, 4, 5, 6, 1, 2])
677
Vecsmall([7, 9, 12, 14, 11, 13, 2, 16, 1, 15, 4, 6, 3, 5, 8, 10])
683
Vecsmall([6, 3, 15, 8, 10, 16, 5, 13, 4, 12, 1, 7, 9, 2, 14, 11])
691
Vecsmall([3, 6, 16, 10, 8, 15, 4, 12, 5, 13, 2, 9, 7, 1, 11, 14])
701
Vecsmall([10, 8, 5, 3, 6, 4, 15, 1, 16, 2, 13, 11, 14, 12, 9, 7])
709
Vecsmall([7, 9, 12, 14, 11, 13, 2, 16, 1, 15, 4, 6, 3, 5, 8, 10])
719
Vecsmall([4, 5, 9, 1, 2, 7, 6, 14, 3, 11, 10, 15, 16, 8, 12, 13])
727
Vecsmall([13, 12, 8, 16, 15, 10, 11, 3, 14, 6, 7, 2, 1, 9, 5, 4])
733
Vecsmall([9, 7, 13, 11, 14, 12, 1, 15, 2, 16, 5, 3, 6, 4, 10, 8])
739
Vecsmall([3, 6, 16, 10, 8, 15, 4, 12, 5, 13, 2, 9, 7, 1, 11, 14])
743
Vecsmall([5, 4, 7, 2, 1, 9, 3, 11, 6, 14, 8, 16, 15, 10, 13, 12])
751
Vecsmall([12, 13, 10, 15, 16, 8, 14, 6, 11, 3, 9, 1, 2, 7, 4, 5])
757
Vecsmall([7, 9, 12, 14, 11, 13, 2, 16, 1, 15, 4, 6, 3, 5, 8, 10])
761
Vecsmall([2, 1, 6, 5, 4, 3, 9, 10, 7, 8, 14, 13, 12, 11, 16, 15])
769
Vecsmall([15, 16, 11, 12, 13, 14, 8, 7, 10, 9, 3, 4, 5, 6, 1, 2])
773
Vecsmall([7, 9, 12, 14, 11, 13, 2, 16, 1, 15, 4, 6, 3, 5, 8, 10])
787
Vecsmall([3, 6, 16, 10, 8, 15, 4, 12, 5, 13, 2, 9, 7, 1, 11, 14])
797
Vecsmall([10, 8, 5, 3, 6, 4, 15, 1, 16, 2, 13, 11, 14, 12, 9, 7])
809
Vecsmall([2, 1, 6, 5, 4, 3, 9, 10, 7, 8, 14, 13, 12, 11, 16, 15])
811
Vecsmall([14, 11, 1, 7, 9, 2, 13, 5, 12, 4, 15, 8, 10, 16, 6, 3])
821
Vecsmall([7, 9, 12, 14, 11, 13, 2, 16, 1, 15, 4, 6, 3, 5, 8, 10])
823
Vecsmall([5, 4, 7, 2, 1, 9, 3, 11, 6, 14, 8, 16, 15, 10, 13, 12])
827
Vecsmall([6, 3, 15, 8, 10, 16, 5, 13, 4, 12, 1, 7, 9, 2, 14, 11])
829
Vecsmall([9, 7, 13, 11, 14, 12, 1, 15, 2, 16, 5, 3, 6, 4, 10, 8])
839
Vecsmall([5, 4, 7, 2, 1, 9, 3, 11, 6, 14, 8, 16, 15, 10, 13, 12])
853
Vecsmall([7, 9, 12, 14, 11, 13, 2, 16, 1, 15, 4, 6, 3, 5, 8, 10])
857
Vecsmall([2, 1, 6, 5, 4, 3, 9, 10, 7, 8, 14, 13, 12, 11, 16, 15])
859
Vecsmall([14, 11, 1, 7, 9, 2, 13, 5, 12, 4, 15, 8, 10, 16, 6, 3])
863
Vecsmall([12, 13, 10, 15, 16, 8, 14, 6, 11, 3, 9, 1, 2, 7, 4, 5])
877
Vecsmall([10, 8, 5, 3, 6, 4, 15, 1, 16, 2, 13, 11, 14, 12, 9, 7])
881
Vecsmall([1, 2, 3, 4, 5, 6, 7, 8, 9, 10, 11, 12, 13, 14, 15, 16])
883
Vecsmall([3, 6, 16, 10, 8, 15, 4, 12, 5, 13, 2, 9, 7, 1, 11, 14])
887
Vecsmall([5, 4, 7, 2, 1, 9, 3, 11, 6, 14, 8, 16, 15, 10, 13, 12])
907
Vecsmall([6, 3, 15, 8, 10, 16, 5, 13, 4, 12, 1, 7, 9, 2, 14, 11])
911
Vecsmall([12, 13, 10, 15, 16, 8, 14, 6, 11, 3, 9, 1, 2, 7, 4, 5])
919
Vecsmall([13, 12, 8, 16, 15, 10, 11, 3, 14, 6, 7, 2, 1, 9, 5, 4])
929
Vecsmall([15, 16, 11, 12, 13, 14, 8, 7, 10, 9, 3, 4, 5, 6, 1, 2])
937
Vecsmall([16, 15, 14, 13, 12, 11, 10, 9, 8, 7, 6, 5, 4, 3, 2, 1])
941
Vecsmall([9, 7, 13, 11, 14, 12, 1, 15, 2, 16, 5, 3, 6, 4, 10, 8])
947
Vecsmall([3, 6, 16, 10, 8, 15, 4, 12, 5, 13, 2, 9, 7, 1, 11, 14])
953
Vecsmall([2, 1, 6, 5, 4, 3, 9, 10, 7, 8, 14, 13, 12, 11, 16, 15])
967
Vecsmall([5, 4, 7, 2, 1, 9, 3, 11, 6, 14, 8, 16, 15, 10, 13, 12])
971
Vecsmall([14, 11, 1, 7, 9, 2, 13, 5, 12, 4, 15, 8, 10, 16, 6, 3])
977
Vecsmall([15, 16, 11, 12, 13, 14, 8, 7, 10, 9, 3, 4, 5, 6, 1, 2])
983
Vecsmall([13, 12, 8, 16, 15, 10, 11, 3, 14, 6, 7, 2, 1, 9, 5, 4])
991
Vecsmall([12, 13, 10, 15, 16, 8, 14, 6, 11, 3, 9, 1, 2, 7, 4, 5])
997
Vecsmall([7, 9, 12, 14, 11, 13, 2, 16, 1, 15, 4, 6, 3, 5, 8, 10])
1009
Vecsmall([15, 16, 11, 12, 13, 14, 8, 7, 10, 9, 3, 4, 5, 6, 1, 2])
1013
Vecsmall([8, 10, 4, 6, 3, 5, 16, 2, 15, 1, 12, 14, 11, 13, 7, 9])
1019
Vecsmall([14, 11, 1, 7, 9, 2, 13, 5, 12, 4, 15, 8, 10, 16, 6, 3])
1021
Vecsmall([10, 8, 5, 3, 6, 4, 15, 1, 16, 2, 13, 11, 14, 12, 9, 7])
1031
Vecsmall([5, 4, 7, 2, 1, 9, 3, 11, 6, 14, 8, 16, 15, 10, 13, 12])
1033
Vecsmall([16, 15, 14, 13, 12, 11, 10, 9, 8, 7, 6, 5, 4, 3, 2, 1])
1039
Vecsmall([12, 13, 10, 15, 16, 8, 14, 6, 11, 3, 9, 1, 2, 7, 4, 5])
1049
Vecsmall([16, 15, 14, 13, 12, 11, 10, 9, 8, 7, 6, 5, 4, 3, 2, 1])
1051
Vecsmall([14, 11, 1, 7, 9, 2, 13, 5, 12, 4, 15, 8, 10, 16, 6, 3])
1061
Vecsmall([8, 10, 4, 6, 3, 5, 16, 2, 15, 1, 12, 14, 11, 13, 7, 9])
1063
Vecsmall([13, 12, 8, 16, 15, 10, 11, 3, 14, 6, 7, 2, 1, 9, 5, 4])
1069
Vecsmall([9, 7, 13, 11, 14, 12, 1, 15, 2, 16, 5, 3, 6, 4, 10, 8])
1087
Vecsmall([12, 13, 10, 15, 16, 8, 14, 6, 11, 3, 9, 1, 2, 7, 4, 5])
1091
Vecsmall([11, 14, 2, 9, 7, 1, 12, 4, 13, 5, 16, 10, 8, 15, 3, 6])
1093
Vecsmall([7, 9, 12, 14, 11, 13, 2, 16, 1, 15, 4, 6, 3, 5, 8, 10])
1097
Vecsmall([16, 15, 14, 13, 12, 11, 10, 9, 8, 7, 6, 5, 4, 3, 2, 1])
1103
Vecsmall([4, 5, 9, 1, 2, 7, 6, 14, 3, 11, 10, 15, 16, 8, 12, 13])
1109
Vecsmall([7, 9, 12, 14, 11, 13, 2, 16, 1, 15, 4, 6, 3, 5, 8, 10])
1117
Vecsmall([10, 8, 5, 3, 6, 4, 15, 1, 16, 2, 13, 11, 14, 12, 9, 7])
1123
Vecsmall([11, 14, 2, 9, 7, 1, 12, 4, 13, 5, 16, 10, 8, 15, 3, 6])
1129
Vecsmall([2, 1, 6, 5, 4, 3, 9, 10, 7, 8, 14, 13, 12, 11, 16, 15])
1151
Vecsmall([4, 5, 9, 1, 2, 7, 6, 14, 3, 11, 10, 15, 16, 8, 12, 13])
1153
Vecsmall([1, 2, 3, 4, 5, 6, 7, 8, 9, 10, 11, 12, 13, 14, 15, 16])
1163
Vecsmall([6, 3, 15, 8, 10, 16, 5, 13, 4, 12, 1, 7, 9, 2, 14, 11])
1171
Vecsmall([3, 6, 16, 10, 8, 15, 4, 12, 5, 13, 2, 9, 7, 1, 11, 14])
1181
Vecsmall([10, 8, 5, 3, 6, 4, 15, 1, 16, 2, 13, 11, 14, 12, 9, 7])
1187
Vecsmall([11, 14, 2, 9, 7, 1, 12, 4, 13, 5, 16, 10, 8, 15, 3, 6])
1193
Vecsmall([16, 15, 14, 13, 12, 11, 10, 9, 8, 7, 6, 5, 4, 3, 2, 1])
1201
Vecsmall([1, 2, 3, 4, 5, 6, 7, 8, 9, 10, 11, 12, 13, 14, 15, 16])
1213
Vecsmall([10, 8, 5, 3, 6, 4, 15, 1, 16, 2, 13, 11, 14, 12, 9, 7])
1217
Vecsmall([1, 2, 3, 4, 5, 6, 7, 8, 9, 10, 11, 12, 13, 14, 15, 16])
1223
Vecsmall([13, 12, 8, 16, 15, 10, 11, 3, 14, 6, 7, 2, 1, 9, 5, 4])
1229
Vecsmall([9, 7, 13, 11, 14, 12, 1, 15, 2, 16, 5, 3, 6, 4, 10, 8])
1231
Vecsmall([4, 5, 9, 1, 2, 7, 6, 14, 3, 11, 10, 15, 16, 8, 12, 13])
1237
Vecsmall([8, 10, 4, 6, 3, 5, 16, 2, 15, 1, 12, 14, 11, 13, 7, 9])
1249
Vecsmall([1, 2, 3, 4, 5, 6, 7, 8, 9, 10, 11, 12, 13, 14, 15, 16])
1259
Vecsmall([6, 3, 15, 8, 10, 16, 5, 13, 4, 12, 1, 7, 9, 2, 14, 11])
1277
Vecsmall([10, 8, 5, 3, 6, 4, 15, 1, 16, 2, 13, 11, 14, 12, 9, 7])
1279
Vecsmall([12, 13, 10, 15, 16, 8, 14, 6, 11, 3, 9, 1, 2, 7, 4, 5])
1283
Vecsmall([11, 14, 2, 9, 7, 1, 12, 4, 13, 5, 16, 10, 8, 15, 3, 6])
1289
Vecsmall([16, 15, 14, 13, 12, 11, 10, 9, 8, 7, 6, 5, 4, 3, 2, 1])
1291
Vecsmall([14, 11, 1, 7, 9, 2, 13, 5, 12, 4, 15, 8, 10, 16, 6, 3])
1297
Vecsmall([15, 16, 11, 12, 13, 14, 8, 7, 10, 9, 3, 4, 5, 6, 1, 2])
1301
Vecsmall([8, 10, 4, 6, 3, 5, 16, 2, 15, 1, 12, 14, 11, 13, 7, 9])
1303
Vecsmall([13, 12, 8, 16, 15, 10, 11, 3, 14, 6, 7, 2, 1, 9, 5, 4])
1307
Vecsmall([14, 11, 1, 7, 9, 2, 13, 5, 12, 4, 15, 8, 10, 16, 6, 3])
1319
Vecsmall([13, 12, 8, 16, 15, 10, 11, 3, 14, 6, 7, 2, 1, 9, 5, 4])
1321
Vecsmall([2, 1, 6, 5, 4, 3, 9, 10, 7, 8, 14, 13, 12, 11, 16, 15])
1327
Vecsmall([12, 13, 10, 15, 16, 8, 14, 6, 11, 3, 9, 1, 2, 7, 4, 5])
1361
Vecsmall([15, 16, 11, 12, 13, 14, 8, 7, 10, 9, 3, 4, 5, 6, 1, 2])
1367
Vecsmall([13, 12, 8, 16, 15, 10, 11, 3, 14, 6, 7, 2, 1, 9, 5, 4])
1373
Vecsmall([10, 8, 5, 3, 6, 4, 15, 1, 16, 2, 13, 11, 14, 12, 9, 7])
1381
Vecsmall([7, 9, 12, 14, 11, 13, 2, 16, 1, 15, 4, 6, 3, 5, 8, 10])
1399
Vecsmall([5, 4, 7, 2, 1, 9, 3, 11, 6, 14, 8, 16, 15, 10, 13, 12])
1409
Vecsmall([15, 16, 11, 12, 13, 14, 8, 7, 10, 9, 3, 4, 5, 6, 1, 2])
1423
Vecsmall([12, 13, 10, 15, 16, 8, 14, 6, 11, 3, 9, 1, 2, 7, 4, 5])
1427
Vecsmall([3, 6, 16, 10, 8, 15, 4, 12, 5, 13, 2, 9, 7, 1, 11, 14])
1429
Vecsmall([8, 10, 4, 6, 3, 5, 16, 2, 15, 1, 12, 14, 11, 13, 7, 9])
1433
Vecsmall([16, 15, 14, 13, 12, 11, 10, 9, 8, 7, 6, 5, 4, 3, 2, 1])
1439
Vecsmall([12, 13, 10, 15, 16, 8, 14, 6, 11, 3, 9, 1, 2, 7, 4, 5])
1447
Vecsmall([5, 4, 7, 2, 1, 9, 3, 11, 6, 14, 8, 16, 15, 10, 13, 12])
1451
Vecsmall([14, 11, 1, 7, 9, 2, 13, 5, 12, 4, 15, 8, 10, 16, 6, 3])
1453
Vecsmall([10, 8, 5, 3, 6, 4, 15, 1, 16, 2, 13, 11, 14, 12, 9, 7])
1459
Vecsmall([3, 6, 16, 10, 8, 15, 4, 12, 5, 13, 2, 9, 7, 1, 11, 14])
1471
Vecsmall([4, 5, 9, 1, 2, 7, 6, 14, 3, 11, 10, 15, 16, 8, 12, 13])
1481
Vecsmall([16, 15, 14, 13, 12, 11, 10, 9, 8, 7, 6, 5, 4, 3, 2, 1])
1483
Vecsmall([14, 11, 1, 7, 9, 2, 13, 5, 12, 4, 15, 8, 10, 16, 6, 3])
1487
Vecsmall([4, 5, 9, 1, 2, 7, 6, 14, 3, 11, 10, 15, 16, 8, 12, 13])
1489
Vecsmall([15, 16, 11, 12, 13, 14, 8, 7, 10, 9, 3, 4, 5, 6, 1, 2])
1493
Vecsmall([7, 9, 12, 14, 11, 13, 2, 16, 1, 15, 4, 6, 3, 5, 8, 10])
1499
Vecsmall([14, 11, 1, 7, 9, 2, 13, 5, 12, 4, 15, 8, 10, 16, 6, 3])
1511
Vecsmall([13, 12, 8, 16, 15, 10, 11, 3, 14, 6, 7, 2, 1, 9, 5, 4])
1523
Vecsmall([3, 6, 16, 10, 8, 15, 4, 12, 5, 13, 2, 9, 7, 1, 11, 14])
1531
Vecsmall([6, 3, 15, 8, 10, 16, 5, 13, 4, 12, 1, 7, 9, 2, 14, 11])
1543
Vecsmall([13, 12, 8, 16, 15, 10, 11, 3, 14, 6, 7, 2, 1, 9, 5, 4])
1549
Vecsmall([10, 8, 5, 3, 6, 4, 15, 1, 16, 2, 13, 11, 14, 12, 9, 7])
1553
Vecsmall([1, 2, 3, 4, 5, 6, 7, 8, 9, 10, 11, 12, 13, 14, 15, 16])
1559
Vecsmall([13, 12, 8, 16, 15, 10, 11, 3, 14, 6, 7, 2, 1, 9, 5, 4])
1567
Vecsmall([12, 13, 10, 15, 16, 8, 14, 6, 11, 3, 9, 1, 2, 7, 4, 5])
1571
Vecsmall([11, 14, 2, 9, 7, 1, 12, 4, 13, 5, 16, 10, 8, 15, 3, 6])
1579
Vecsmall([6, 3, 15, 8, 10, 16, 5, 13, 4, 12, 1, 7, 9, 2, 14, 11])
1583
Vecsmall([4, 5, 9, 1, 2, 7, 6, 14, 3, 11, 10, 15, 16, 8, 12, 13])
1597
Vecsmall([10, 8, 5, 3, 6, 4, 15, 1, 16, 2, 13, 11, 14, 12, 9, 7])
1601
Vecsmall([1, 2, 3, 4, 5, 6, 7, 8, 9, 10, 11, 12, 13, 14, 15, 16])
1607
Vecsmall([5, 4, 7, 2, 1, 9, 3, 11, 6, 14, 8, 16, 15, 10, 13, 12])
1609
Vecsmall([16, 15, 14, 13, 12, 11, 10, 9, 8, 7, 6, 5, 4, 3, 2, 1])
1613
Vecsmall([10, 8, 5, 3, 6, 4, 15, 1, 16, 2, 13, 11, 14, 12, 9, 7])
1619
Vecsmall([3, 6, 16, 10, 8, 15, 4, 12, 5, 13, 2, 9, 7, 1, 11, 14])
1621
Vecsmall([8, 10, 4, 6, 3, 5, 16, 2, 15, 1, 12, 14, 11, 13, 7, 9])
1627
Vecsmall([14, 11, 1, 7, 9, 2, 13, 5, 12, 4, 15, 8, 10, 16, 6, 3])
1637
Vecsmall([7, 9, 12, 14, 11, 13, 2, 16, 1, 15, 4, 6, 3, 5, 8, 10])
1657
Vecsmall([2, 1, 6, 5, 4, 3, 9, 10, 7, 8, 14, 13, 12, 11, 16, 15])
1663
Vecsmall([12, 13, 10, 15, 16, 8, 14, 6, 11, 3, 9, 1, 2, 7, 4, 5])
1667
Vecsmall([3, 6, 16, 10, 8, 15, 4, 12, 5, 13, 2, 9, 7, 1, 11, 14])
1669
Vecsmall([8, 10, 4, 6, 3, 5, 16, 2, 15, 1, 12, 14, 11, 13, 7, 9])
1693
Vecsmall([10, 8, 5, 3, 6, 4, 15, 1, 16, 2, 13, 11, 14, 12, 9, 7])
1697
Vecsmall([15, 16, 11, 12, 13, 14, 8, 7, 10, 9, 3, 4, 5, 6, 1, 2])
1699
Vecsmall([3, 6, 16, 10, 8, 15, 4, 12, 5, 13, 2, 9, 7, 1, 11, 14])
1709
Vecsmall([9, 7, 13, 11, 14, 12, 1, 15, 2, 16, 5, 3, 6, 4, 10, 8])
1721
Vecsmall([16, 15, 14, 13, 12, 11, 10, 9, 8, 7, 6, 5, 4, 3, 2, 1])
1723
Vecsmall([14, 11, 1, 7, 9, 2, 13, 5, 12, 4, 15, 8, 10, 16, 6, 3])
1733
Vecsmall([8, 10, 4, 6, 3, 5, 16, 2, 15, 1, 12, 14, 11, 13, 7, 9])
1741
Vecsmall([10, 8, 5, 3, 6, 4, 15, 1, 16, 2, 13, 11, 14, 12, 9, 7])
1747
Vecsmall([11, 14, 2, 9, 7, 1, 12, 4, 13, 5, 16, 10, 8, 15, 3, 6])
1753
Vecsmall([16, 15, 14, 13, 12, 11, 10, 9, 8, 7, 6, 5, 4, 3, 2, 1])
1759
Vecsmall([4, 5, 9, 1, 2, 7, 6, 14, 3, 11, 10, 15, 16, 8, 12, 13])
1777
Vecsmall([1, 2, 3, 4, 5, 6, 7, 8, 9, 10, 11, 12, 13, 14, 15, 16])
1783
Vecsmall([5, 4, 7, 2, 1, 9, 3, 11, 6, 14, 8, 16, 15, 10, 13, 12])
1787
Vecsmall([6, 3, 15, 8, 10, 16, 5, 13, 4, 12, 1, 7, 9, 2, 14, 11])
1789
Vecsmall([10, 8, 5, 3, 6, 4, 15, 1, 16, 2, 13, 11, 14, 12, 9, 7])
1801
Vecsmall([16, 15, 14, 13, 12, 11, 10, 9, 8, 7, 6, 5, 4, 3, 2, 1])
1811
Vecsmall([11, 14, 2, 9, 7, 1, 12, 4, 13, 5, 16, 10, 8, 15, 3, 6])
1823
Vecsmall([12, 13, 10, 15, 16, 8, 14, 6, 11, 3, 9, 1, 2, 7, 4, 5])
1831
Vecsmall([13, 12, 8, 16, 15, 10, 11, 3, 14, 6, 7, 2, 1, 9, 5, 4])
1847
Vecsmall([13, 12, 8, 16, 15, 10, 11, 3, 14, 6, 7, 2, 1, 9, 5, 4])
1861
Vecsmall([8, 10, 4, 6, 3, 5, 16, 2, 15, 1, 12, 14, 11, 13, 7, 9])
1867
Vecsmall([6, 3, 15, 8, 10, 16, 5, 13, 4, 12, 1, 7, 9, 2, 14, 11])
1871
Vecsmall([4, 5, 9, 1, 2, 7, 6, 14, 3, 11, 10, 15, 16, 8, 12, 13])
1873
Vecsmall([15, 16, 11, 12, 13, 14, 8, 7, 10, 9, 3, 4, 5, 6, 1, 2])
1877
Vecsmall([8, 10, 4, 6, 3, 5, 16, 2, 15, 1, 12, 14, 11, 13, 7, 9])
1879
Vecsmall([13, 12, 8, 16, 15, 10, 11, 3, 14, 6, 7, 2, 1, 9, 5, 4])
1889
Vecsmall([1, 2, 3, 4, 5, 6, 7, 8, 9, 10, 11, 12, 13, 14, 15, 16])
1901
Vecsmall([10, 8, 5, 3, 6, 4, 15, 1, 16, 2, 13, 11, 14, 12, 9, 7])
1907
Vecsmall([3, 6, 16, 10, 8, 15, 4, 12, 5, 13, 2, 9, 7, 1, 11, 14])
1913
Vecsmall([16, 15, 14, 13, 12, 11, 10, 9, 8, 7, 6, 5, 4, 3, 2, 1])
1931
Vecsmall([14, 11, 1, 7, 9, 2, 13, 5, 12, 4, 15, 8, 10, 16, 6, 3])
1933
Vecsmall([10, 8, 5, 3, 6, 4, 15, 1, 16, 2, 13, 11, 14, 12, 9, 7])
1949
Vecsmall([10, 8, 5, 3, 6, 4, 15, 1, 16, 2, 13, 11, 14, 12, 9, 7])
1951
Vecsmall([12, 13, 10, 15, 16, 8, 14, 6, 11, 3, 9, 1, 2, 7, 4, 5])
1973
Vecsmall([7, 9, 12, 14, 11, 13, 2, 16, 1, 15, 4, 6, 3, 5, 8, 10])
1979
Vecsmall([6, 3, 15, 8, 10, 16, 5, 13, 4, 12, 1, 7, 9, 2, 14, 11])
1987
Vecsmall([3, 6, 16, 10, 8, 15, 4, 12, 5, 13, 2, 9, 7, 1, 11, 14])
1993
Vecsmall([2, 1, 6, 5, 4, 3, 9, 10, 7, 8, 14, 13, 12, 11, 16, 15])
1997
Vecsmall([9, 7, 13, 11, 14, 12, 1, 15, 2, 16, 5, 3, 6, 4, 10, 8])
1999
Vecsmall([4, 5, 9, 1, 2, 7, 6, 14, 3, 11, 10, 15, 16, 8, 12, 13])
2003
Vecsmall([11, 14, 2, 9, 7, 1, 12, 4, 13, 5, 16, 10, 8, 15, 3, 6])
2011
Vecsmall([14, 11, 1, 7, 9, 2, 13, 5, 12, 4, 15, 8, 10, 16, 6, 3])
2017
Vecsmall([15, 16, 11, 12, 13, 14, 8, 7, 10, 9, 3, 4, 5, 6, 1, 2])
2027
Vecsmall([14, 11, 1, 7, 9, 2, 13, 5, 12, 4, 15, 8, 10, 16, 6, 3])
2029
Vecsmall([10, 8, 5, 3, 6, 4, 15, 1, 16, 2, 13, 11, 14, 12, 9, 7])
2039
Vecsmall([13, 12, 8, 16, 15, 10, 11, 3, 14, 6, 7, 2, 1, 9, 5, 4])
2053
Vecsmall([7, 9, 12, 14, 11, 13, 2, 16, 1, 15, 4, 6, 3, 5, 8, 10])
2063
Vecsmall([12, 13, 10, 15, 16, 8, 14, 6, 11, 3, 9, 1, 2, 7, 4, 5])
2069
Vecsmall([8, 10, 4, 6, 3, 5, 16, 2, 15, 1, 12, 14, 11, 13, 7, 9])
2081
Vecsmall([15, 16, 11, 12, 13, 14, 8, 7, 10, 9, 3, 4, 5, 6, 1, 2])
2083
Vecsmall([11, 14, 2, 9, 7, 1, 12, 4, 13, 5, 16, 10, 8, 15, 3, 6])
2087
Vecsmall([13, 12, 8, 16, 15, 10, 11, 3, 14, 6, 7, 2, 1, 9, 5, 4])
2089
Vecsmall([16, 15, 14, 13, 12, 11, 10, 9, 8, 7, 6, 5, 4, 3, 2, 1])
2099
Vecsmall([11, 14, 2, 9, 7, 1, 12, 4, 13, 5, 16, 10, 8, 15, 3, 6])
2111
Vecsmall([12, 13, 10, 15, 16, 8, 14, 6, 11, 3, 9, 1, 2, 7, 4, 5])
2113
Vecsmall([1, 2, 3, 4, 5, 6, 7, 8, 9, 10, 11, 12, 13, 14, 15, 16])
2129
Vecsmall([1, 2, 3, 4, 5, 6, 7, 8, 9, 10, 11, 12, 13, 14, 15, 16])
2131
Vecsmall([3, 6, 16, 10, 8, 15, 4, 12, 5, 13, 2, 9, 7, 1, 11, 14])
2137
Vecsmall([2, 1, 6, 5, 4, 3, 9, 10, 7, 8, 14, 13, 12, 11, 16, 15])
2141
Vecsmall([10, 8, 5, 3, 6, 4, 15, 1, 16, 2, 13, 11, 14, 12, 9, 7])
2143
Vecsmall([12, 13, 10, 15, 16, 8, 14, 6, 11, 3, 9, 1, 2, 7, 4, 5])
2153
Vecsmall([2, 1, 6, 5, 4, 3, 9, 10, 7, 8, 14, 13, 12, 11, 16, 15])
2161
Vecsmall([15, 16, 11, 12, 13, 14, 8, 7, 10, 9, 3, 4, 5, 6, 1, 2])
2179
Vecsmall([3, 6, 16, 10, 8, 15, 4, 12, 5, 13, 2, 9, 7, 1, 11, 14])
2203
Vecsmall([14, 11, 1, 7, 9, 2, 13, 5, 12, 4, 15, 8, 10, 16, 6, 3])
2207
Vecsmall([4, 5, 9, 1, 2, 7, 6, 14, 3, 11, 10, 15, 16, 8, 12, 13])
2213
Vecsmall([8, 10, 4, 6, 3, 5, 16, 2, 15, 1, 12, 14, 11, 13, 7, 9])
2221
Vecsmall([9, 7, 13, 11, 14, 12, 1, 15, 2, 16, 5, 3, 6, 4, 10, 8])
2237
Vecsmall([10, 8, 5, 3, 6, 4, 15, 1, 16, 2, 13, 11, 14, 12, 9, 7])
2239
Vecsmall([12, 13, 10, 15, 16, 8, 14, 6, 11, 3, 9, 1, 2, 7, 4, 5])
2243
Vecsmall([3, 6, 16, 10, 8, 15, 4, 12, 5, 13, 2, 9, 7, 1, 11, 14])
2251
Vecsmall([14, 11, 1, 7, 9, 2, 13, 5, 12, 4, 15, 8, 10, 16, 6, 3])
2267
Vecsmall([6, 3, 15, 8, 10, 16, 5, 13, 4, 12, 1, 7, 9, 2, 14, 11])
2269
Vecsmall([9, 7, 13, 11, 14, 12, 1, 15, 2, 16, 5, 3, 6, 4, 10, 8])
2273
Vecsmall([1, 2, 3, 4, 5, 6, 7, 8, 9, 10, 11, 12, 13, 14, 15, 16])
2281
Vecsmall([16, 15, 14, 13, 12, 11, 10, 9, 8, 7, 6, 5, 4, 3, 2, 1])
2287
Vecsmall([4, 5, 9, 1, 2, 7, 6, 14, 3, 11, 10, 15, 16, 8, 12, 13])
2293
Vecsmall([8, 10, 4, 6, 3, 5, 16, 2, 15, 1, 12, 14, 11, 13, 7, 9])
2297
Vecsmall([2, 1, 6, 5, 4, 3, 9, 10, 7, 8, 14, 13, 12, 11, 16, 15])
2309
Vecsmall([8, 10, 4, 6, 3, 5, 16, 2, 15, 1, 12, 14, 11, 13, 7, 9])
2311
Vecsmall([13, 12, 8, 16, 15, 10, 11, 3, 14, 6, 7, 2, 1, 9, 5, 4])
2333
Vecsmall([9, 7, 13, 11, 14, 12, 1, 15, 2, 16, 5, 3, 6, 4, 10, 8])
2339
Vecsmall([3, 6, 16, 10, 8, 15, 4, 12, 5, 13, 2, 9, 7, 1, 11, 14])
2341
Vecsmall([8, 10, 4, 6, 3, 5, 16, 2, 15, 1, 12, 14, 11, 13, 7, 9])
2347
Vecsmall([14, 11, 1, 7, 9, 2, 13, 5, 12, 4, 15, 8, 10, 16, 6, 3])
2351
Vecsmall([4, 5, 9, 1, 2, 7, 6, 14, 3, 11, 10, 15, 16, 8, 12, 13])
2357
Vecsmall([7, 9, 12, 14, 11, 13, 2, 16, 1, 15, 4, 6, 3, 5, 8, 10])
2371
Vecsmall([3, 6, 16, 10, 8, 15, 4, 12, 5, 13, 2, 9, 7, 1, 11, 14])
2377
Vecsmall([2, 1, 6, 5, 4, 3, 9, 10, 7, 8, 14, 13, 12, 11, 16, 15])
2381
Vecsmall([10, 8, 5, 3, 6, 4, 15, 1, 16, 2, 13, 11, 14, 12, 9, 7])
2383
Vecsmall([12, 13, 10, 15, 16, 8, 14, 6, 11, 3, 9, 1, 2, 7, 4, 5])
2389
Vecsmall([8, 10, 4, 6, 3, 5, 16, 2, 15, 1, 12, 14, 11, 13, 7, 9])
2393
Vecsmall([16, 15, 14, 13, 12, 11, 10, 9, 8, 7, 6, 5, 4, 3, 2, 1])
2399
Vecsmall([12, 13, 10, 15, 16, 8, 14, 6, 11, 3, 9, 1, 2, 7, 4, 5])
2411
Vecsmall([14, 11, 1, 7, 9, 2, 13, 5, 12, 4, 15, 8, 10, 16, 6, 3])
2417
Vecsmall([15, 16, 11, 12, 13, 14, 8, 7, 10, 9, 3, 4, 5, 6, 1, 2])
2423
Vecsmall([13, 12, 8, 16, 15, 10, 11, 3, 14, 6, 7, 2, 1, 9, 5, 4])
2437
Vecsmall([8, 10, 4, 6, 3, 5, 16, 2, 15, 1, 12, 14, 11, 13, 7, 9])
2441
Vecsmall([16, 15, 14, 13, 12, 11, 10, 9, 8, 7, 6, 5, 4, 3, 2, 1])
2447
Vecsmall([4, 5, 9, 1, 2, 7, 6, 14, 3, 11, 10, 15, 16, 8, 12, 13])
2459
Vecsmall([14, 11, 1, 7, 9, 2, 13, 5, 12, 4, 15, 8, 10, 16, 6, 3])
2467
Vecsmall([3, 6, 16, 10, 8, 15, 4, 12, 5, 13, 2, 9, 7, 1, 11, 14])
2473
Vecsmall([16, 15, 14, 13, 12, 11, 10, 9, 8, 7, 6, 5, 4, 3, 2, 1])
2477
Vecsmall([10, 8, 5, 3, 6, 4, 15, 1, 16, 2, 13, 11, 14, 12, 9, 7])
2503
Vecsmall([13, 12, 8, 16, 15, 10, 11, 3, 14, 6, 7, 2, 1, 9, 5, 4])
2521
Vecsmall([2, 1, 6, 5, 4, 3, 9, 10, 7, 8, 14, 13, 12, 11, 16, 15])
2531
Vecsmall([3, 6, 16, 10, 8, 15, 4, 12, 5, 13, 2, 9, 7, 1, 11, 14])
2539
Vecsmall([6, 3, 15, 8, 10, 16, 5, 13, 4, 12, 1, 7, 9, 2, 14, 11])
2543
Vecsmall([12, 13, 10, 15, 16, 8, 14, 6, 11, 3, 9, 1, 2, 7, 4, 5])
2549
Vecsmall([8, 10, 4, 6, 3, 5, 16, 2, 15, 1, 12, 14, 11, 13, 7, 9])
2551
Vecsmall([13, 12, 8, 16, 15, 10, 11, 3, 14, 6, 7, 2, 1, 9, 5, 4])
2557
Vecsmall([9, 7, 13, 11, 14, 12, 1, 15, 2, 16, 5, 3, 6, 4, 10, 8])
2579
Vecsmall([3, 6, 16, 10, 8, 15, 4, 12, 5, 13, 2, 9, 7, 1, 11, 14])
2591
Vecsmall([12, 13, 10, 15, 16, 8, 14, 6, 11, 3, 9, 1, 2, 7, 4, 5])
2593
Vecsmall([1, 2, 3, 4, 5, 6, 7, 8, 9, 10, 11, 12, 13, 14, 15, 16])
2609
Vecsmall([15, 16, 11, 12, 13, 14, 8, 7, 10, 9, 3, 4, 5, 6, 1, 2])
2617
Vecsmall([2, 1, 6, 5, 4, 3, 9, 10, 7, 8, 14, 13, 12, 11, 16, 15])
2621
Vecsmall([10, 8, 5, 3, 6, 4, 15, 1, 16, 2, 13, 11, 14, 12, 9, 7])
2633
Vecsmall([2, 1, 6, 5, 4, 3, 9, 10, 7, 8, 14, 13, 12, 11, 16, 15])
2647
Vecsmall([5, 4, 7, 2, 1, 9, 3, 11, 6, 14, 8, 16, 15, 10, 13, 12])
2657
Vecsmall([1, 2, 3, 4, 5, 6, 7, 8, 9, 10, 11, 12, 13, 14, 15, 16])
2659
Vecsmall([3, 6, 16, 10, 8, 15, 4, 12, 5, 13, 2, 9, 7, 1, 11, 14])
2663
Vecsmall([5, 4, 7, 2, 1, 9, 3, 11, 6, 14, 8, 16, 15, 10, 13, 12])
2671
Vecsmall([12, 13, 10, 15, 16, 8, 14, 6, 11, 3, 9, 1, 2, 7, 4, 5])
2677
Vecsmall([8, 10, 4, 6, 3, 5, 16, 2, 15, 1, 12, 14, 11, 13, 7, 9])
2683
Vecsmall([14, 11, 1, 7, 9, 2, 13, 5, 12, 4, 15, 8, 10, 16, 6, 3])
2687
Vecsmall([12, 13, 10, 15, 16, 8, 14, 6, 11, 3, 9, 1, 2, 7, 4, 5])
2689
Vecsmall([1, 2, 3, 4, 5, 6, 7, 8, 9, 10, 11, 12, 13, 14, 15, 16])
2693
Vecsmall([8, 10, 4, 6, 3, 5, 16, 2, 15, 1, 12, 14, 11, 13, 7, 9])
2699
Vecsmall([14, 11, 1, 7, 9, 2, 13, 5, 12, 4, 15, 8, 10, 16, 6, 3])
2707
Vecsmall([3, 6, 16, 10, 8, 15, 4, 12, 5, 13, 2, 9, 7, 1, 11, 14])
2711
Vecsmall([13, 12, 8, 16, 15, 10, 11, 3, 14, 6, 7, 2, 1, 9, 5, 4])
2713
Vecsmall([2, 1, 6, 5, 4, 3, 9, 10, 7, 8, 14, 13, 12, 11, 16, 15])
2719
Vecsmall([4, 5, 9, 1, 2, 7, 6, 14, 3, 11, 10, 15, 16, 8, 12, 13])
2729
Vecsmall([2, 1, 6, 5, 4, 3, 9, 10, 7, 8, 14, 13, 12, 11, 16, 15])
2731
Vecsmall([6, 3, 15, 8, 10, 16, 5, 13, 4, 12, 1, 7, 9, 2, 14, 11])
2741
Vecsmall([7, 9, 12, 14, 11, 13, 2, 16, 1, 15, 4, 6, 3, 5, 8, 10])
2749
Vecsmall([10, 8, 5, 3, 6, 4, 15, 1, 16, 2, 13, 11, 14, 12, 9, 7])
2753
Vecsmall([15, 16, 11, 12, 13, 14, 8, 7, 10, 9, 3, 4, 5, 6, 1, 2])
2767
Vecsmall([4, 5, 9, 1, 2, 7, 6, 14, 3, 11, 10, 15, 16, 8, 12, 13])
2777
Vecsmall([2, 1, 6, 5, 4, 3, 9, 10, 7, 8, 14, 13, 12, 11, 16, 15])
2789
Vecsmall([8, 10, 4, 6, 3, 5, 16, 2, 15, 1, 12, 14, 11, 13, 7, 9])
2791
Vecsmall([5, 4, 7, 2, 1, 9, 3, 11, 6, 14, 8, 16, 15, 10, 13, 12])
2797
Vecsmall([9, 7, 13, 11, 14, 12, 1, 15, 2, 16, 5, 3, 6, 4, 10, 8])
2801
Vecsmall([15, 16, 11, 12, 13, 14, 8, 7, 10, 9, 3, 4, 5, 6, 1, 2])
2803
Vecsmall([3, 6, 16, 10, 8, 15, 4, 12, 5, 13, 2, 9, 7, 1, 11, 14])
2819
Vecsmall([3, 6, 16, 10, 8, 15, 4, 12, 5, 13, 2, 9, 7, 1, 11, 14])
2833
Vecsmall([1, 2, 3, 4, 5, 6, 7, 8, 9, 10, 11, 12, 13, 14, 15, 16])
2837
Vecsmall([8, 10, 4, 6, 3, 5, 16, 2, 15, 1, 12, 14, 11, 13, 7, 9])
2843
Vecsmall([14, 11, 1, 7, 9, 2, 13, 5, 12, 4, 15, 8, 10, 16, 6, 3])
2851
Vecsmall([3, 6, 16, 10, 8, 15, 4, 12, 5, 13, 2, 9, 7, 1, 11, 14])
2857
Vecsmall([16, 15, 14, 13, 12, 11, 10, 9, 8, 7, 6, 5, 4, 3, 2, 1])
2861
Vecsmall([10, 8, 5, 3, 6, 4, 15, 1, 16, 2, 13, 11, 14, 12, 9, 7])
2879
Vecsmall([4, 5, 9, 1, 2, 7, 6, 14, 3, 11, 10, 15, 16, 8, 12, 13])
2887
Vecsmall([5, 4, 7, 2, 1, 9, 3, 11, 6, 14, 8, 16, 15, 10, 13, 12])
2897
Vecsmall([15, 16, 11, 12, 13, 14, 8, 7, 10, 9, 3, 4, 5, 6, 1, 2])
2903
Vecsmall([5, 4, 7, 2, 1, 9, 3, 11, 6, 14, 8, 16, 15, 10, 13, 12])
2909
Vecsmall([9, 7, 13, 11, 14, 12, 1, 15, 2, 16, 5, 3, 6, 4, 10, 8])
2917
Vecsmall([8, 10, 4, 6, 3, 5, 16, 2, 15, 1, 12, 14, 11, 13, 7, 9])
2927
Vecsmall([12, 13, 10, 15, 16, 8, 14, 6, 11, 3, 9, 1, 2, 7, 4, 5])
2939
Vecsmall([14, 11, 1, 7, 9, 2, 13, 5, 12, 4, 15, 8, 10, 16, 6, 3])
2953
Vecsmall([2, 1, 6, 5, 4, 3, 9, 10, 7, 8, 14, 13, 12, 11, 16, 15])
2957
Vecsmall([10, 8, 5, 3, 6, 4, 15, 1, 16, 2, 13, 11, 14, 12, 9, 7])
2963
Vecsmall([11, 14, 2, 9, 7, 1, 12, 4, 13, 5, 16, 10, 8, 15, 3, 6])
2969
Vecsmall([16, 15, 14, 13, 12, 11, 10, 9, 8, 7, 6, 5, 4, 3, 2, 1])
2971
Vecsmall([14, 11, 1, 7, 9, 2, 13, 5, 12, 4, 15, 8, 10, 16, 6, 3])
2999
Vecsmall([5, 4, 7, 2, 1, 9, 3, 11, 6, 14, 8, 16, 15, 10, 13, 12])
3001
Vecsmall([2, 1, 6, 5, 4, 3, 9, 10, 7, 8, 14, 13, 12, 11, 16, 15])
3011
Vecsmall([3, 6, 16, 10, 8, 15, 4, 12, 5, 13, 2, 9, 7, 1, 11, 14])
3019
Vecsmall([6, 3, 15, 8, 10, 16, 5, 13, 4, 12, 1, 7, 9, 2, 14, 11])
3023
Vecsmall([4, 5, 9, 1, 2, 7, 6, 14, 3, 11, 10, 15, 16, 8, 12, 13])
3037
Vecsmall([10, 8, 5, 3, 6, 4, 15, 1, 16, 2, 13, 11, 14, 12, 9, 7])
3041
Vecsmall([15, 16, 11, 12, 13, 14, 8, 7, 10, 9, 3, 4, 5, 6, 1, 2])
3049
Vecsmall([16, 15, 14, 13, 12, 11, 10, 9, 8, 7, 6, 5, 4, 3, 2, 1])
3061
Vecsmall([7, 9, 12, 14, 11, 13, 2, 16, 1, 15, 4, 6, 3, 5, 8, 10])
3067
Vecsmall([14, 11, 1, 7, 9, 2, 13, 5, 12, 4, 15, 8, 10, 16, 6, 3])
3079
Vecsmall([5, 4, 7, 2, 1, 9, 3, 11, 6, 14, 8, 16, 15, 10, 13, 12])
3083
Vecsmall([14, 11, 1, 7, 9, 2, 13, 5, 12, 4, 15, 8, 10, 16, 6, 3])
3089
Vecsmall([1, 2, 3, 4, 5, 6, 7, 8, 9, 10, 11, 12, 13, 14, 15, 16])
3109
Vecsmall([8, 10, 4, 6, 3, 5, 16, 2, 15, 1, 12, 14, 11, 13, 7, 9])
3119
Vecsmall([4, 5, 9, 1, 2, 7, 6, 14, 3, 11, 10, 15, 16, 8, 12, 13])
3121
Vecsmall([1, 2, 3, 4, 5, 6, 7, 8, 9, 10, 11, 12, 13, 14, 15, 16])
3137
Vecsmall([1, 2, 3, 4, 5, 6, 7, 8, 9, 10, 11, 12, 13, 14, 15, 16])
3163
Vecsmall([14, 11, 1, 7, 9, 2, 13, 5, 12, 4, 15, 8, 10, 16, 6, 3])
3167
Vecsmall([12, 13, 10, 15, 16, 8, 14, 6, 11, 3, 9, 1, 2, 7, 4, 5])
3169
Vecsmall([15, 16, 11, 12, 13, 14, 8, 7, 10, 9, 3, 4, 5, 6, 1, 2])
3181
Vecsmall([10, 8, 5, 3, 6, 4, 15, 1, 16, 2, 13, 11, 14, 12, 9, 7])
3187
Vecsmall([3, 6, 16, 10, 8, 15, 4, 12, 5, 13, 2, 9, 7, 1, 11, 14])
3191
Vecsmall([13, 12, 8, 16, 15, 10, 11, 3, 14, 6, 7, 2, 1, 9, 5, 4])
3203
Vecsmall([3, 6, 16, 10, 8, 15, 4, 12, 5, 13, 2, 9, 7, 1, 11, 14])
3209
Vecsmall([2, 1, 6, 5, 4, 3, 9, 10, 7, 8, 14, 13, 12, 11, 16, 15])
3217
Vecsmall([1, 2, 3, 4, 5, 6, 7, 8, 9, 10, 11, 12, 13, 14, 15, 16])
3221
Vecsmall([8, 10, 4, 6, 3, 5, 16, 2, 15, 1, 12, 14, 11, 13, 7, 9])
3229
Vecsmall([9, 7, 13, 11, 14, 12, 1, 15, 2, 16, 5, 3, 6, 4, 10, 8])
3251
Vecsmall([3, 6, 16, 10, 8, 15, 4, 12, 5, 13, 2, 9, 7, 1, 11, 14])
3253
Vecsmall([7, 9, 12, 14, 11, 13, 2, 16, 1, 15, 4, 6, 3, 5, 8, 10])
3257
Vecsmall([16, 15, 14, 13, 12, 11, 10, 9, 8, 7, 6, 5, 4, 3, 2, 1])
3259
Vecsmall([14, 11, 1, 7, 9, 2, 13, 5, 12, 4, 15, 8, 10, 16, 6, 3])
3271
Vecsmall([5, 4, 7, 2, 1, 9, 3, 11, 6, 14, 8, 16, 15, 10, 13, 12])
3299
Vecsmall([11, 14, 2, 9, 7, 1, 12, 4, 13, 5, 16, 10, 8, 15, 3, 6])
3301
Vecsmall([7, 9, 12, 14, 11, 13, 2, 16, 1, 15, 4, 6, 3, 5, 8, 10])
3307
Vecsmall([6, 3, 15, 8, 10, 16, 5, 13, 4, 12, 1, 7, 9, 2, 14, 11])
3313
Vecsmall([1, 2, 3, 4, 5, 6, 7, 8, 9, 10, 11, 12, 13, 14, 15, 16])
3319
Vecsmall([5, 4, 7, 2, 1, 9, 3, 11, 6, 14, 8, 16, 15, 10, 13, 12])
3323
Vecsmall([6, 3, 15, 8, 10, 16, 5, 13, 4, 12, 1, 7, 9, 2, 14, 11])
3329
Vecsmall([15, 16, 11, 12, 13, 14, 8, 7, 10, 9, 3, 4, 5, 6, 1, 2])
3331
Vecsmall([3, 6, 16, 10, 8, 15, 4, 12, 5, 13, 2, 9, 7, 1, 11, 14])
3343
Vecsmall([12, 13, 10, 15, 16, 8, 14, 6, 11, 3, 9, 1, 2, 7, 4, 5])
3347
Vecsmall([3, 6, 16, 10, 8, 15, 4, 12, 5, 13, 2, 9, 7, 1, 11, 14])
3359
Vecsmall([4, 5, 9, 1, 2, 7, 6, 14, 3, 11, 10, 15, 16, 8, 12, 13])
3361
Vecsmall([1, 2, 3, 4, 5, 6, 7, 8, 9, 10, 11, 12, 13, 14, 15, 16])
3371
Vecsmall([14, 11, 1, 7, 9, 2, 13, 5, 12, 4, 15, 8, 10, 16, 6, 3])
3373
Vecsmall([10, 8, 5, 3, 6, 4, 15, 1, 16, 2, 13, 11, 14, 12, 9, 7])
3389
Vecsmall([9, 7, 13, 11, 14, 12, 1, 15, 2, 16, 5, 3, 6, 4, 10, 8])
3391
Vecsmall([4, 5, 9, 1, 2, 7, 6, 14, 3, 11, 10, 15, 16, 8, 12, 13])
3407
Vecsmall([12, 13, 10, 15, 16, 8, 14, 6, 11, 3, 9, 1, 2, 7, 4, 5])
3413
Vecsmall([8, 10, 4, 6, 3, 5, 16, 2, 15, 1, 12, 14, 11, 13, 7, 9])
3433
Vecsmall([2, 1, 6, 5, 4, 3, 9, 10, 7, 8, 14, 13, 12, 11, 16, 15])
3449
Vecsmall([16, 15, 14, 13, 12, 11, 10, 9, 8, 7, 6, 5, 4, 3, 2, 1])
3457
Vecsmall([15, 16, 11, 12, 13, 14, 8, 7, 10, 9, 3, 4, 5, 6, 1, 2])
3461
Vecsmall([8, 10, 4, 6, 3, 5, 16, 2, 15, 1, 12, 14, 11, 13, 7, 9])
3463
Vecsmall([5, 4, 7, 2, 1, 9, 3, 11, 6, 14, 8, 16, 15, 10, 13, 12])
3467
Vecsmall([14, 11, 1, 7, 9, 2, 13, 5, 12, 4, 15, 8, 10, 16, 6, 3])
3469
Vecsmall([9, 7, 13, 11, 14, 12, 1, 15, 2, 16, 5, 3, 6, 4, 10, 8])
3491
Vecsmall([3, 6, 16, 10, 8, 15, 4, 12, 5, 13, 2, 9, 7, 1, 11, 14])
3499
Vecsmall([14, 11, 1, 7, 9, 2, 13, 5, 12, 4, 15, 8, 10, 16, 6, 3])
3511
Vecsmall([13, 12, 8, 16, 15, 10, 11, 3, 14, 6, 7, 2, 1, 9, 5, 4])
3517
Vecsmall([9, 7, 13, 11, 14, 12, 1, 15, 2, 16, 5, 3, 6, 4, 10, 8])
3527
Vecsmall([5, 4, 7, 2, 1, 9, 3, 11, 6, 14, 8, 16, 15, 10, 13, 12])
3529
Vecsmall([16, 15, 14, 13, 12, 11, 10, 9, 8, 7, 6, 5, 4, 3, 2, 1])
3533
Vecsmall([10, 8, 5, 3, 6, 4, 15, 1, 16, 2, 13, 11, 14, 12, 9, 7])
3539
Vecsmall([11, 14, 2, 9, 7, 1, 12, 4, 13, 5, 16, 10, 8, 15, 3, 6])
3541
Vecsmall([8, 10, 4, 6, 3, 5, 16, 2, 15, 1, 12, 14, 11, 13, 7, 9])
3547
Vecsmall([14, 11, 1, 7, 9, 2, 13, 5, 12, 4, 15, 8, 10, 16, 6, 3])
3557
Vecsmall([8, 10, 4, 6, 3, 5, 16, 2, 15, 1, 12, 14, 11, 13, 7, 9])
3559
Vecsmall([13, 12, 8, 16, 15, 10, 11, 3, 14, 6, 7, 2, 1, 9, 5, 4])
3571
Vecsmall([3, 6, 16, 10, 8, 15, 4, 12, 5, 13, 2, 9, 7, 1, 11, 14])
3581
Vecsmall([10, 8, 5, 3, 6, 4, 15, 1, 16, 2, 13, 11, 14, 12, 9, 7])
3583
Vecsmall([12, 13, 10, 15, 16, 8, 14, 6, 11, 3, 9, 1, 2, 7, 4, 5])
3593
Vecsmall([2, 1, 6, 5, 4, 3, 9, 10, 7, 8, 14, 13, 12, 11, 16, 15])
3607
Vecsmall([13, 12, 8, 16, 15, 10, 11, 3, 14, 6, 7, 2, 1, 9, 5, 4])
3613
Vecsmall([10, 8, 5, 3, 6, 4, 15, 1, 16, 2, 13, 11, 14, 12, 9, 7])
3617
Vecsmall([15, 16, 11, 12, 13, 14, 8, 7, 10, 9, 3, 4, 5, 6, 1, 2])
3623
Vecsmall([5, 4, 7, 2, 1, 9, 3, 11, 6, 14, 8, 16, 15, 10, 13, 12])
3631
Vecsmall([4, 5, 9, 1, 2, 7, 6, 14, 3, 11, 10, 15, 16, 8, 12, 13])
3637
Vecsmall([7, 9, 12, 14, 11, 13, 2, 16, 1, 15, 4, 6, 3, 5, 8, 10])
3643
Vecsmall([14, 11, 1, 7, 9, 2, 13, 5, 12, 4, 15, 8, 10, 16, 6, 3])
3659
Vecsmall([14, 11, 1, 7, 9, 2, 13, 5, 12, 4, 15, 8, 10, 16, 6, 3])
3671
Vecsmall([13, 12, 8, 16, 15, 10, 11, 3, 14, 6, 7, 2, 1, 9, 5, 4])
3673
Vecsmall([16, 15, 14, 13, 12, 11, 10, 9, 8, 7, 6, 5, 4, 3, 2, 1])
3677
Vecsmall([10, 8, 5, 3, 6, 4, 15, 1, 16, 2, 13, 11, 14, 12, 9, 7])
3691
Vecsmall([14, 11, 1, 7, 9, 2, 13, 5, 12, 4, 15, 8, 10, 16, 6, 3])
3697
Vecsmall([15, 16, 11, 12, 13, 14, 8, 7, 10, 9, 3, 4, 5, 6, 1, 2])
3701
Vecsmall([8, 10, 4, 6, 3, 5, 16, 2, 15, 1, 12, 14, 11, 13, 7, 9])
3709
Vecsmall([10, 8, 5, 3, 6, 4, 15, 1, 16, 2, 13, 11, 14, 12, 9, 7])
3719
Vecsmall([13, 12, 8, 16, 15, 10, 11, 3, 14, 6, 7, 2, 1, 9, 5, 4])
3727
Vecsmall([12, 13, 10, 15, 16, 8, 14, 6, 11, 3, 9, 1, 2, 7, 4, 5])
3733
Vecsmall([7, 9, 12, 14, 11, 13, 2, 16, 1, 15, 4, 6, 3, 5, 8, 10])
3739
Vecsmall([14, 11, 1, 7, 9, 2, 13, 5, 12, 4, 15, 8, 10, 16, 6, 3])
3761
Vecsmall([1, 2, 3, 4, 5, 6, 7, 8, 9, 10, 11, 12, 13, 14, 15, 16])
3767
Vecsmall([5, 4, 7, 2, 1, 9, 3, 11, 6, 14, 8, 16, 15, 10, 13, 12])
3769
Vecsmall([2, 1, 6, 5, 4, 3, 9, 10, 7, 8, 14, 13, 12, 11, 16, 15])
3779
Vecsmall([3, 6, 16, 10, 8, 15, 4, 12, 5, 13, 2, 9, 7, 1, 11, 14])
3793
Vecsmall([15, 16, 11, 12, 13, 14, 8, 7, 10, 9, 3, 4, 5, 6, 1, 2])
3797
Vecsmall([8, 10, 4, 6, 3, 5, 16, 2, 15, 1, 12, 14, 11, 13, 7, 9])
3803
Vecsmall([14, 11, 1, 7, 9, 2, 13, 5, 12, 4, 15, 8, 10, 16, 6, 3])
3821
Vecsmall([10, 8, 5, 3, 6, 4, 15, 1, 16, 2, 13, 11, 14, 12, 9, 7])
3823
Vecsmall([4, 5, 9, 1, 2, 7, 6, 14, 3, 11, 10, 15, 16, 8, 12, 13])
3833
Vecsmall([16, 15, 14, 13, 12, 11, 10, 9, 8, 7, 6, 5, 4, 3, 2, 1])
3847
Vecsmall([13, 12, 8, 16, 15, 10, 11, 3, 14, 6, 7, 2, 1, 9, 5, 4])
3851
Vecsmall([14, 11, 1, 7, 9, 2, 13, 5, 12, 4, 15, 8, 10, 16, 6, 3])
3853
Vecsmall([10, 8, 5, 3, 6, 4, 15, 1, 16, 2, 13, 11, 14, 12, 9, 7])
3863
Vecsmall([5, 4, 7, 2, 1, 9, 3, 11, 6, 14, 8, 16, 15, 10, 13, 12])
3877
Vecsmall([7, 9, 12, 14, 11, 13, 2, 16, 1, 15, 4, 6, 3, 5, 8, 10])
3881
Vecsmall([2, 1, 6, 5, 4, 3, 9, 10, 7, 8, 14, 13, 12, 11, 16, 15])
3889
Vecsmall([15, 16, 11, 12, 13, 14, 8, 7, 10, 9, 3, 4, 5, 6, 1, 2])
3907
Vecsmall([3, 6, 16, 10, 8, 15, 4, 12, 5, 13, 2, 9, 7, 1, 11, 14])
3911
Vecsmall([5, 4, 7, 2, 1, 9, 3, 11, 6, 14, 8, 16, 15, 10, 13, 12])
3917
Vecsmall([9, 7, 13, 11, 14, 12, 1, 15, 2, 16, 5, 3, 6, 4, 10, 8])
3919
Vecsmall([4, 5, 9, 1, 2, 7, 6, 14, 3, 11, 10, 15, 16, 8, 12, 13])
3923
Vecsmall([11, 14, 2, 9, 7, 1, 12, 4, 13, 5, 16, 10, 8, 15, 3, 6])
3929
Vecsmall([2, 1, 6, 5, 4, 3, 9, 10, 7, 8, 14, 13, 12, 11, 16, 15])
3931
Vecsmall([14, 11, 1, 7, 9, 2, 13, 5, 12, 4, 15, 8, 10, 16, 6, 3])
3943
Vecsmall([5, 4, 7, 2, 1, 9, 3, 11, 6, 14, 8, 16, 15, 10, 13, 12])
3947
Vecsmall([6, 3, 15, 8, 10, 16, 5, 13, 4, 12, 1, 7, 9, 2, 14, 11])
3967
Vecsmall([12, 13, 10, 15, 16, 8, 14, 6, 11, 3, 9, 1, 2, 7, 4, 5])
3989
Vecsmall([7, 9, 12, 14, 11, 13, 2, 16, 1, 15, 4, 6, 3, 5, 8, 10])
4001
Vecsmall([1, 2, 3, 4, 5, 6, 7, 8, 9, 10, 11, 12, 13, 14, 15, 16])
4003
Vecsmall([11, 14, 2, 9, 7, 1, 12, 4, 13, 5, 16, 10, 8, 15, 3, 6])
4007
Vecsmall([5, 4, 7, 2, 1, 9, 3, 11, 6, 14, 8, 16, 15, 10, 13, 12])
4013
Vecsmall([10, 8, 5, 3, 6, 4, 15, 1, 16, 2, 13, 11, 14, 12, 9, 7])
4019
Vecsmall([11, 14, 2, 9, 7, 1, 12, 4, 13, 5, 16, 10, 8, 15, 3, 6])
4021
Vecsmall([8, 10, 4, 6, 3, 5, 16, 2, 15, 1, 12, 14, 11, 13, 7, 9])
4027
Vecsmall([14, 11, 1, 7, 9, 2, 13, 5, 12, 4, 15, 8, 10, 16, 6, 3])
4049
Vecsmall([1, 2, 3, 4, 5, 6, 7, 8, 9, 10, 11, 12, 13, 14, 15, 16])
4051
Vecsmall([3, 6, 16, 10, 8, 15, 4, 12, 5, 13, 2, 9, 7, 1, 11, 14])
4057
Vecsmall([16, 15, 14, 13, 12, 11, 10, 9, 8, 7, 6, 5, 4, 3, 2, 1])
4073
Vecsmall([2, 1, 6, 5, 4, 3, 9, 10, 7, 8, 14, 13, 12, 11, 16, 15])
4079
Vecsmall([4, 5, 9, 1, 2, 7, 6, 14, 3, 11, 10, 15, 16, 8, 12, 13])
4091
Vecsmall([6, 3, 15, 8, 10, 16, 5, 13, 4, 12, 1, 7, 9, 2, 14, 11])
4093
Vecsmall([10, 8, 5, 3, 6, 4, 15, 1, 16, 2, 13, 11, 14, 12, 9, 7])
4099
Vecsmall([3, 6, 16, 10, 8, 15, 4, 12, 5, 13, 2, 9, 7, 1, 11, 14])
4111
Vecsmall([4, 5, 9, 1, 2, 7, 6, 14, 3, 11, 10, 15, 16, 8, 12, 13])
4127
Vecsmall([4, 5, 9, 1, 2, 7, 6, 14, 3, 11, 10, 15, 16, 8, 12, 13])
4129
Vecsmall([15, 16, 11, 12, 13, 14, 8, 7, 10, 9, 3, 4, 5, 6, 1, 2])
4133
Vecsmall([8, 10, 4, 6, 3, 5, 16, 2, 15, 1, 12, 14, 11, 13, 7, 9])
4139
Vecsmall([14, 11, 1, 7, 9, 2, 13, 5, 12, 4, 15, 8, 10, 16, 6, 3])
4153
Vecsmall([16, 15, 14, 13, 12, 11, 10, 9, 8, 7, 6, 5, 4, 3, 2, 1])
4157
Vecsmall([10, 8, 5, 3, 6, 4, 15, 1, 16, 2, 13, 11, 14, 12, 9, 7])
4159
Vecsmall([4, 5, 9, 1, 2, 7, 6, 14, 3, 11, 10, 15, 16, 8, 12, 13])
4177
Vecsmall([1, 2, 3, 4, 5, 6, 7, 8, 9, 10, 11, 12, 13, 14, 15, 16])
4201
Vecsmall([16, 15, 14, 13, 12, 11, 10, 9, 8, 7, 6, 5, 4, 3, 2, 1])
4211
Vecsmall([11, 14, 2, 9, 7, 1, 12, 4, 13, 5, 16, 10, 8, 15, 3, 6])
4217
Vecsmall([16, 15, 14, 13, 12, 11, 10, 9, 8, 7, 6, 5, 4, 3, 2, 1])
4219
Vecsmall([6, 3, 15, 8, 10, 16, 5, 13, 4, 12, 1, 7, 9, 2, 14, 11])
4229
Vecsmall([7, 9, 12, 14, 11, 13, 2, 16, 1, 15, 4, 6, 3, 5, 8, 10])
4231
Vecsmall([5, 4, 7, 2, 1, 9, 3, 11, 6, 14, 8, 16, 15, 10, 13, 12])
4241
Vecsmall([15, 16, 11, 12, 13, 14, 8, 7, 10, 9, 3, 4, 5, 6, 1, 2])
4243
Vecsmall([3, 6, 16, 10, 8, 15, 4, 12, 5, 13, 2, 9, 7, 1, 11, 14])
4253
Vecsmall([10, 8, 5, 3, 6, 4, 15, 1, 16, 2, 13, 11, 14, 12, 9, 7])
4259
Vecsmall([3, 6, 16, 10, 8, 15, 4, 12, 5, 13, 2, 9, 7, 1, 11, 14])
4261
Vecsmall([7, 9, 12, 14, 11, 13, 2, 16, 1, 15, 4, 6, 3, 5, 8, 10])
4271
Vecsmall([4, 5, 9, 1, 2, 7, 6, 14, 3, 11, 10, 15, 16, 8, 12, 13])
4273
Vecsmall([1, 2, 3, 4, 5, 6, 7, 8, 9, 10, 11, 12, 13, 14, 15, 16])
4283
Vecsmall([6, 3, 15, 8, 10, 16, 5, 13, 4, 12, 1, 7, 9, 2, 14, 11])
4289
Vecsmall([1, 2, 3, 4, 5, 6, 7, 8, 9, 10, 11, 12, 13, 14, 15, 16])
4297
Vecsmall([16, 15, 14, 13, 12, 11, 10, 9, 8, 7, 6, 5, 4, 3, 2, 1])
4327
Vecsmall([13, 12, 8, 16, 15, 10, 11, 3, 14, 6, 7, 2, 1, 9, 5, 4])
4337
Vecsmall([15, 16, 11, 12, 13, 14, 8, 7, 10, 9, 3, 4, 5, 6, 1, 2])
4339
Vecsmall([11, 14, 2, 9, 7, 1, 12, 4, 13, 5, 16, 10, 8, 15, 3, 6])
4349
Vecsmall([10, 8, 5, 3, 6, 4, 15, 1, 16, 2, 13, 11, 14, 12, 9, 7])
4357
Vecsmall([8, 10, 4, 6, 3, 5, 16, 2, 15, 1, 12, 14, 11, 13, 7, 9])
4363
Vecsmall([14, 11, 1, 7, 9, 2, 13, 5, 12, 4, 15, 8, 10, 16, 6, 3])
4373
Vecsmall([7, 9, 12, 14, 11, 13, 2, 16, 1, 15, 4, 6, 3, 5, 8, 10])
4391
Vecsmall([13, 12, 8, 16, 15, 10, 11, 3, 14, 6, 7, 2, 1, 9, 5, 4])
4397
Vecsmall([10, 8, 5, 3, 6, 4, 15, 1, 16, 2, 13, 11, 14, 12, 9, 7])
4409
Vecsmall([16, 15, 14, 13, 12, 11, 10, 9, 8, 7, 6, 5, 4, 3, 2, 1])
4421
Vecsmall([7, 9, 12, 14, 11, 13, 2, 16, 1, 15, 4, 6, 3, 5, 8, 10])
4423
Vecsmall([13, 12, 8, 16, 15, 10, 11, 3, 14, 6, 7, 2, 1, 9, 5, 4])
4441
Vecsmall([2, 1, 6, 5, 4, 3, 9, 10, 7, 8, 14, 13, 12, 11, 16, 15])
4447
Vecsmall([12, 13, 10, 15, 16, 8, 14, 6, 11, 3, 9, 1, 2, 7, 4, 5])
4451
Vecsmall([3, 6, 16, 10, 8, 15, 4, 12, 5, 13, 2, 9, 7, 1, 11, 14])
4457
Vecsmall([16, 15, 14, 13, 12, 11, 10, 9, 8, 7, 6, 5, 4, 3, 2, 1])
4463
Vecsmall([12, 13, 10, 15, 16, 8, 14, 6, 11, 3, 9, 1, 2, 7, 4, 5])
4481
Vecsmall([1, 2, 3, 4, 5, 6, 7, 8, 9, 10, 11, 12, 13, 14, 15, 16])
4483
Vecsmall([3, 6, 16, 10, 8, 15, 4, 12, 5, 13, 2, 9, 7, 1, 11, 14])
4493
Vecsmall([9, 7, 13, 11, 14, 12, 1, 15, 2, 16, 5, 3, 6, 4, 10, 8])
4507
Vecsmall([6, 3, 15, 8, 10, 16, 5, 13, 4, 12, 1, 7, 9, 2, 14, 11])
4513
Vecsmall([1, 2, 3, 4, 5, 6, 7, 8, 9, 10, 11, 12, 13, 14, 15, 16])
4517
Vecsmall([7, 9, 12, 14, 11, 13, 2, 16, 1, 15, 4, 6, 3, 5, 8, 10])
4519
Vecsmall([5, 4, 7, 2, 1, 9, 3, 11, 6, 14, 8, 16, 15, 10, 13, 12])
4523
Vecsmall([6, 3, 15, 8, 10, 16, 5, 13, 4, 12, 1, 7, 9, 2, 14, 11])
4547
Vecsmall([3, 6, 16, 10, 8, 15, 4, 12, 5, 13, 2, 9, 7, 1, 11, 14])
4549
Vecsmall([7, 9, 12, 14, 11, 13, 2, 16, 1, 15, 4, 6, 3, 5, 8, 10])
4561
Vecsmall([15, 16, 11, 12, 13, 14, 8, 7, 10, 9, 3, 4, 5, 6, 1, 2])
4567
Vecsmall([13, 12, 8, 16, 15, 10, 11, 3, 14, 6, 7, 2, 1, 9, 5, 4])
4583
Vecsmall([13, 12, 8, 16, 15, 10, 11, 3, 14, 6, 7, 2, 1, 9, 5, 4])
4591
Vecsmall([4, 5, 9, 1, 2, 7, 6, 14, 3, 11, 10, 15, 16, 8, 12, 13])
4597
Vecsmall([7, 9, 12, 14, 11, 13, 2, 16, 1, 15, 4, 6, 3, 5, 8, 10])
4603
Vecsmall([6, 3, 15, 8, 10, 16, 5, 13, 4, 12, 1, 7, 9, 2, 14, 11])
4621
Vecsmall([10, 8, 5, 3, 6, 4, 15, 1, 16, 2, 13, 11, 14, 12, 9, 7])
4637
Vecsmall([9, 7, 13, 11, 14, 12, 1, 15, 2, 16, 5, 3, 6, 4, 10, 8])
4639
Vecsmall([12, 13, 10, 15, 16, 8, 14, 6, 11, 3, 9, 1, 2, 7, 4, 5])
4643
Vecsmall([3, 6, 16, 10, 8, 15, 4, 12, 5, 13, 2, 9, 7, 1, 11, 14])
4649
Vecsmall([2, 1, 6, 5, 4, 3, 9, 10, 7, 8, 14, 13, 12, 11, 16, 15])
4651
Vecsmall([6, 3, 15, 8, 10, 16, 5, 13, 4, 12, 1, 7, 9, 2, 14, 11])
4657
Vecsmall([1, 2, 3, 4, 5, 6, 7, 8, 9, 10, 11, 12, 13, 14, 15, 16])
4663
Vecsmall([13, 12, 8, 16, 15, 10, 11, 3, 14, 6, 7, 2, 1, 9, 5, 4])
4673
Vecsmall([15, 16, 11, 12, 13, 14, 8, 7, 10, 9, 3, 4, 5, 6, 1, 2])
4679
Vecsmall([13, 12, 8, 16, 15, 10, 11, 3, 14, 6, 7, 2, 1, 9, 5, 4])
4691
Vecsmall([11, 14, 2, 9, 7, 1, 12, 4, 13, 5, 16, 10, 8, 15, 3, 6])
4703
Vecsmall([4, 5, 9, 1, 2, 7, 6, 14, 3, 11, 10, 15, 16, 8, 12, 13])
4721
Vecsmall([1, 2, 3, 4, 5, 6, 7, 8, 9, 10, 11, 12, 13, 14, 15, 16])
4723
Vecsmall([3, 6, 16, 10, 8, 15, 4, 12, 5, 13, 2, 9, 7, 1, 11, 14])
4729
Vecsmall([2, 1, 6, 5, 4, 3, 9, 10, 7, 8, 14, 13, 12, 11, 16, 15])
4733
Vecsmall([10, 8, 5, 3, 6, 4, 15, 1, 16, 2, 13, 11, 14, 12, 9, 7])
4751
Vecsmall([12, 13, 10, 15, 16, 8, 14, 6, 11, 3, 9, 1, 2, 7, 4, 5])
4759
Vecsmall([13, 12, 8, 16, 15, 10, 11, 3, 14, 6, 7, 2, 1, 9, 5, 4])
4783
Vecsmall([12, 13, 10, 15, 16, 8, 14, 6, 11, 3, 9, 1, 2, 7, 4, 5])
4787
Vecsmall([3, 6, 16, 10, 8, 15, 4, 12, 5, 13, 2, 9, 7, 1, 11, 14])
4789
Vecsmall([8, 10, 4, 6, 3, 5, 16, 2, 15, 1, 12, 14, 11, 13, 7, 9])
4793
Vecsmall([2, 1, 6, 5, 4, 3, 9, 10, 7, 8, 14, 13, 12, 11, 16, 15])
4799
Vecsmall([4, 5, 9, 1, 2, 7, 6, 14, 3, 11, 10, 15, 16, 8, 12, 13])
4801
Vecsmall([1, 2, 3, 4, 5, 6, 7, 8, 9, 10, 11, 12, 13, 14, 15, 16])
4813
Vecsmall([9, 7, 13, 11, 14, 12, 1, 15, 2, 16, 5, 3, 6, 4, 10, 8])
4817
Vecsmall([1, 2, 3, 4, 5, 6, 7, 8, 9, 10, 11, 12, 13, 14, 15, 16])
4831
Vecsmall([12, 13, 10, 15, 16, 8, 14, 6, 11, 3, 9, 1, 2, 7, 4, 5])
4861
Vecsmall([10, 8, 5, 3, 6, 4, 15, 1, 16, 2, 13, 11, 14, 12, 9, 7])
4871
Vecsmall([5, 4, 7, 2, 1, 9, 3, 11, 6, 14, 8, 16, 15, 10, 13, 12])
4877
Vecsmall([9, 7, 13, 11, 14, 12, 1, 15, 2, 16, 5, 3, 6, 4, 10, 8])
4889
Vecsmall([2, 1, 6, 5, 4, 3, 9, 10, 7, 8, 14, 13, 12, 11, 16, 15])
4903
Vecsmall([13, 12, 8, 16, 15, 10, 11, 3, 14, 6, 7, 2, 1, 9, 5, 4])
4909
Vecsmall([9, 7, 13, 11, 14, 12, 1, 15, 2, 16, 5, 3, 6, 4, 10, 8])
4919
Vecsmall([5, 4, 7, 2, 1, 9, 3, 11, 6, 14, 8, 16, 15, 10, 13, 12])
4931
Vecsmall([3, 6, 16, 10, 8, 15, 4, 12, 5, 13, 2, 9, 7, 1, 11, 14])
4933
Vecsmall([7, 9, 12, 14, 11, 13, 2, 16, 1, 15, 4, 6, 3, 5, 8, 10])
4937
Vecsmall([16, 15, 14, 13, 12, 11, 10, 9, 8, 7, 6, 5, 4, 3, 2, 1])
4943
Vecsmall([4, 5, 9, 1, 2, 7, 6, 14, 3, 11, 10, 15, 16, 8, 12, 13])
4951
Vecsmall([5, 4, 7, 2, 1, 9, 3, 11, 6, 14, 8, 16, 15, 10, 13, 12])
4957
Vecsmall([10, 8, 5, 3, 6, 4, 15, 1, 16, 2, 13, 11, 14, 12, 9, 7])
4967
Vecsmall([13, 12, 8, 16, 15, 10, 11, 3, 14, 6, 7, 2, 1, 9, 5, 4])
4969
Vecsmall([2, 1, 6, 5, 4, 3, 9, 10, 7, 8, 14, 13, 12, 11, 16, 15])
4973
Vecsmall([10, 8, 5, 3, 6, 4, 15, 1, 16, 2, 13, 11, 14, 12, 9, 7])
4987
Vecsmall([6, 3, 15, 8, 10, 16, 5, 13, 4, 12, 1, 7, 9, 2, 14, 11])
4993
Vecsmall([1, 2, 3, 4, 5, 6, 7, 8, 9, 10, 11, 12, 13, 14, 15, 16])
4999
Vecsmall([13, 12, 8, 16, 15, 10, 11, 3, 14, 6, 7, 2, 1, 9, 5, 4])
5003
Vecsmall([14, 11, 1, 7, 9, 2, 13, 5, 12, 4, 15, 8, 10, 16, 6, 3])
5009
Vecsmall([15, 16, 11, 12, 13, 14, 8, 7, 10, 9, 3, 4, 5, 6, 1, 2])
5011
Vecsmall([3, 6, 16, 10, 8, 15, 4, 12, 5, 13, 2, 9, 7, 1, 11, 14])
5021
Vecsmall([9, 7, 13, 11, 14, 12, 1, 15, 2, 16, 5, 3, 6, 4, 10, 8])
5023
Vecsmall([12, 13, 10, 15, 16, 8, 14, 6, 11, 3, 9, 1, 2, 7, 4, 5])
5039
Vecsmall([12, 13, 10, 15, 16, 8, 14, 6, 11, 3, 9, 1, 2, 7, 4, 5])
5051
Vecsmall([6, 3, 15, 8, 10, 16, 5, 13, 4, 12, 1, 7, 9, 2, 14, 11])
5059
Vecsmall([11, 14, 2, 9, 7, 1, 12, 4, 13, 5, 16, 10, 8, 15, 3, 6])
5077
Vecsmall([8, 10, 4, 6, 3, 5, 16, 2, 15, 1, 12, 14, 11, 13, 7, 9])
5081
Vecsmall([16, 15, 14, 13, 12, 11, 10, 9, 8, 7, 6, 5, 4, 3, 2, 1])
5087
Vecsmall([4, 5, 9, 1, 2, 7, 6, 14, 3, 11, 10, 15, 16, 8, 12, 13])
5099
Vecsmall([14, 11, 1, 7, 9, 2, 13, 5, 12, 4, 15, 8, 10, 16, 6, 3])
5101
Vecsmall([9, 7, 13, 11, 14, 12, 1, 15, 2, 16, 5, 3, 6, 4, 10, 8])
5107
Vecsmall([11, 14, 2, 9, 7, 1, 12, 4, 13, 5, 16, 10, 8, 15, 3, 6])
5113
Vecsmall([16, 15, 14, 13, 12, 11, 10, 9, 8, 7, 6, 5, 4, 3, 2, 1])
5119
Vecsmall([12, 13, 10, 15, 16, 8, 14, 6, 11, 3, 9, 1, 2, 7, 4, 5])
5147
Vecsmall([6, 3, 15, 8, 10, 16, 5, 13, 4, 12, 1, 7, 9, 2, 14, 11])
5153
Vecsmall([15, 16, 11, 12, 13, 14, 8, 7, 10, 9, 3, 4, 5, 6, 1, 2])
5167
Vecsmall([4, 5, 9, 1, 2, 7, 6, 14, 3, 11, 10, 15, 16, 8, 12, 13])
5171
Vecsmall([3, 6, 16, 10, 8, 15, 4, 12, 5, 13, 2, 9, 7, 1, 11, 14])
5179
Vecsmall([6, 3, 15, 8, 10, 16, 5, 13, 4, 12, 1, 7, 9, 2, 14, 11])
5189
Vecsmall([8, 10, 4, 6, 3, 5, 16, 2, 15, 1, 12, 14, 11, 13, 7, 9])
5197
Vecsmall([9, 7, 13, 11, 14, 12, 1, 15, 2, 16, 5, 3, 6, 4, 10, 8])
5209
Vecsmall([16, 15, 14, 13, 12, 11, 10, 9, 8, 7, 6, 5, 4, 3, 2, 1])
5227
Vecsmall([14, 11, 1, 7, 9, 2, 13, 5, 12, 4, 15, 8, 10, 16, 6, 3])
5231
Vecsmall([12, 13, 10, 15, 16, 8, 14, 6, 11, 3, 9, 1, 2, 7, 4, 5])
5233
Vecsmall([1, 2, 3, 4, 5, 6, 7, 8, 9, 10, 11, 12, 13, 14, 15, 16])
5237
Vecsmall([7, 9, 12, 14, 11, 13, 2, 16, 1, 15, 4, 6, 3, 5, 8, 10])
5261
Vecsmall([9, 7, 13, 11, 14, 12, 1, 15, 2, 16, 5, 3, 6, 4, 10, 8])
5273
Vecsmall([2, 1, 6, 5, 4, 3, 9, 10, 7, 8, 14, 13, 12, 11, 16, 15])
5279
Vecsmall([4, 5, 9, 1, 2, 7, 6, 14, 3, 11, 10, 15, 16, 8, 12, 13])
5281
Vecsmall([15, 16, 11, 12, 13, 14, 8, 7, 10, 9, 3, 4, 5, 6, 1, 2])
5297
Vecsmall([1, 2, 3, 4, 5, 6, 7, 8, 9, 10, 11, 12, 13, 14, 15, 16])
5303
Vecsmall([5, 4, 7, 2, 1, 9, 3, 11, 6, 14, 8, 16, 15, 10, 13, 12])
5309
Vecsmall([10, 8, 5, 3, 6, 4, 15, 1, 16, 2, 13, 11, 14, 12, 9, 7])
5323
Vecsmall([6, 3, 15, 8, 10, 16, 5, 13, 4, 12, 1, 7, 9, 2, 14, 11])
5333
Vecsmall([7, 9, 12, 14, 11, 13, 2, 16, 1, 15, 4, 6, 3, 5, 8, 10])
5347
Vecsmall([11, 14, 2, 9, 7, 1, 12, 4, 13, 5, 16, 10, 8, 15, 3, 6])
5351
Vecsmall([5, 4, 7, 2, 1, 9, 3, 11, 6, 14, 8, 16, 15, 10, 13, 12])
5381
Vecsmall([7, 9, 12, 14, 11, 13, 2, 16, 1, 15, 4, 6, 3, 5, 8, 10])
5387
Vecsmall([14, 11, 1, 7, 9, 2, 13, 5, 12, 4, 15, 8, 10, 16, 6, 3])
5393
Vecsmall([1, 2, 3, 4, 5, 6, 7, 8, 9, 10, 11, 12, 13, 14, 15, 16])
5399
Vecsmall([5, 4, 7, 2, 1, 9, 3, 11, 6, 14, 8, 16, 15, 10, 13, 12])
5407
Vecsmall([12, 13, 10, 15, 16, 8, 14, 6, 11, 3, 9, 1, 2, 7, 4, 5])
5413
Vecsmall([8, 10, 4, 6, 3, 5, 16, 2, 15, 1, 12, 14, 11, 13, 7, 9])
5417
Vecsmall([2, 1, 6, 5, 4, 3, 9, 10, 7, 8, 14, 13, 12, 11, 16, 15])
5419
Vecsmall([14, 11, 1, 7, 9, 2, 13, 5, 12, 4, 15, 8, 10, 16, 6, 3])
5431
Vecsmall([13, 12, 8, 16, 15, 10, 11, 3, 14, 6, 7, 2, 1, 9, 5, 4])
5437
Vecsmall([9, 7, 13, 11, 14, 12, 1, 15, 2, 16, 5, 3, 6, 4, 10, 8])
5441
Vecsmall([15, 16, 11, 12, 13, 14, 8, 7, 10, 9, 3, 4, 5, 6, 1, 2])
5443
Vecsmall([3, 6, 16, 10, 8, 15, 4, 12, 5, 13, 2, 9, 7, 1, 11, 14])
5449
Vecsmall([2, 1, 6, 5, 4, 3, 9, 10, 7, 8, 14, 13, 12, 11, 16, 15])
5471
Vecsmall([12, 13, 10, 15, 16, 8, 14, 6, 11, 3, 9, 1, 2, 7, 4, 5])
5477
Vecsmall([8, 10, 4, 6, 3, 5, 16, 2, 15, 1, 12, 14, 11, 13, 7, 9])
5479
Vecsmall([5, 4, 7, 2, 1, 9, 3, 11, 6, 14, 8, 16, 15, 10, 13, 12])
5483
Vecsmall([14, 11, 1, 7, 9, 2, 13, 5, 12, 4, 15, 8, 10, 16, 6, 3])
5501
Vecsmall([10, 8, 5, 3, 6, 4, 15, 1, 16, 2, 13, 11, 14, 12, 9, 7])
5503
Vecsmall([4, 5, 9, 1, 2, 7, 6, 14, 3, 11, 10, 15, 16, 8, 12, 13])
5507
Vecsmall([3, 6, 16, 10, 8, 15, 4, 12, 5, 13, 2, 9, 7, 1, 11, 14])
5519
Vecsmall([4, 5, 9, 1, 2, 7, 6, 14, 3, 11, 10, 15, 16, 8, 12, 13])
5521
Vecsmall([15, 16, 11, 12, 13, 14, 8, 7, 10, 9, 3, 4, 5, 6, 1, 2])
5527
Vecsmall([5, 4, 7, 2, 1, 9, 3, 11, 6, 14, 8, 16, 15, 10, 13, 12])
5531
Vecsmall([14, 11, 1, 7, 9, 2, 13, 5, 12, 4, 15, 8, 10, 16, 6, 3])
5557
Vecsmall([7, 9, 12, 14, 11, 13, 2, 16, 1, 15, 4, 6, 3, 5, 8, 10])
5563
Vecsmall([6, 3, 15, 8, 10, 16, 5, 13, 4, 12, 1, 7, 9, 2, 14, 11])
5569
Vecsmall([1, 2, 3, 4, 5, 6, 7, 8, 9, 10, 11, 12, 13, 14, 15, 16])
5573
Vecsmall([8, 10, 4, 6, 3, 5, 16, 2, 15, 1, 12, 14, 11, 13, 7, 9])
5581
Vecsmall([9, 7, 13, 11, 14, 12, 1, 15, 2, 16, 5, 3, 6, 4, 10, 8])
5591
Vecsmall([5, 4, 7, 2, 1, 9, 3, 11, 6, 14, 8, 16, 15, 10, 13, 12])
5623
Vecsmall([5, 4, 7, 2, 1, 9, 3, 11, 6, 14, 8, 16, 15, 10, 13, 12])
5639
Vecsmall([13, 12, 8, 16, 15, 10, 11, 3, 14, 6, 7, 2, 1, 9, 5, 4])
5641
Vecsmall([2, 1, 6, 5, 4, 3, 9, 10, 7, 8, 14, 13, 12, 11, 16, 15])
5647
Vecsmall([12, 13, 10, 15, 16, 8, 14, 6, 11, 3, 9, 1, 2, 7, 4, 5])
5651
Vecsmall([3, 6, 16, 10, 8, 15, 4, 12, 5, 13, 2, 9, 7, 1, 11, 14])
5653
Vecsmall([7, 9, 12, 14, 11, 13, 2, 16, 1, 15, 4, 6, 3, 5, 8, 10])
5657
Vecsmall([2, 1, 6, 5, 4, 3, 9, 10, 7, 8, 14, 13, 12, 11, 16, 15])
5659
Vecsmall([14, 11, 1, 7, 9, 2, 13, 5, 12, 4, 15, 8, 10, 16, 6, 3])
5669
Vecsmall([7, 9, 12, 14, 11, 13, 2, 16, 1, 15, 4, 6, 3, 5, 8, 10])
5683
Vecsmall([11, 14, 2, 9, 7, 1, 12, 4, 13, 5, 16, 10, 8, 15, 3, 6])
5689
Vecsmall([16, 15, 14, 13, 12, 11, 10, 9, 8, 7, 6, 5, 4, 3, 2, 1])
5693
Vecsmall([10, 8, 5, 3, 6, 4, 15, 1, 16, 2, 13, 11, 14, 12, 9, 7])
5701
Vecsmall([8, 10, 4, 6, 3, 5, 16, 2, 15, 1, 12, 14, 11, 13, 7, 9])
5711
Vecsmall([12, 13, 10, 15, 16, 8, 14, 6, 11, 3, 9, 1, 2, 7, 4, 5])
5717
Vecsmall([8, 10, 4, 6, 3, 5, 16, 2, 15, 1, 12, 14, 11, 13, 7, 9])
5737
Vecsmall([16, 15, 14, 13, 12, 11, 10, 9, 8, 7, 6, 5, 4, 3, 2, 1])
5741
Vecsmall([9, 7, 13, 11, 14, 12, 1, 15, 2, 16, 5, 3, 6, 4, 10, 8])
5743
Vecsmall([4, 5, 9, 1, 2, 7, 6, 14, 3, 11, 10, 15, 16, 8, 12, 13])
5749
Vecsmall([8, 10, 4, 6, 3, 5, 16, 2, 15, 1, 12, 14, 11, 13, 7, 9])
5779
Vecsmall([11, 14, 2, 9, 7, 1, 12, 4, 13, 5, 16, 10, 8, 15, 3, 6])
5783
Vecsmall([13, 12, 8, 16, 15, 10, 11, 3, 14, 6, 7, 2, 1, 9, 5, 4])
5791
Vecsmall([4, 5, 9, 1, 2, 7, 6, 14, 3, 11, 10, 15, 16, 8, 12, 13])
5801
Vecsmall([2, 1, 6, 5, 4, 3, 9, 10, 7, 8, 14, 13, 12, 11, 16, 15])
5807
Vecsmall([4, 5, 9, 1, 2, 7, 6, 14, 3, 11, 10, 15, 16, 8, 12, 13])
5813
Vecsmall([8, 10, 4, 6, 3, 5, 16, 2, 15, 1, 12, 14, 11, 13, 7, 9])
5821
Vecsmall([10, 8, 5, 3, 6, 4, 15, 1, 16, 2, 13, 11, 14, 12, 9, 7])
5827
Vecsmall([3, 6, 16, 10, 8, 15, 4, 12, 5, 13, 2, 9, 7, 1, 11, 14])
5839
Vecsmall([4, 5, 9, 1, 2, 7, 6, 14, 3, 11, 10, 15, 16, 8, 12, 13])
5843
Vecsmall([11, 14, 2, 9, 7, 1, 12, 4, 13, 5, 16, 10, 8, 15, 3, 6])
5849
Vecsmall([2, 1, 6, 5, 4, 3, 9, 10, 7, 8, 14, 13, 12, 11, 16, 15])
5851
Vecsmall([14, 11, 1, 7, 9, 2, 13, 5, 12, 4, 15, 8, 10, 16, 6, 3])
5857
Vecsmall([15, 16, 11, 12, 13, 14, 8, 7, 10, 9, 3, 4, 5, 6, 1, 2])
5861
Vecsmall([8, 10, 4, 6, 3, 5, 16, 2, 15, 1, 12, 14, 11, 13, 7, 9])
5867
Vecsmall([6, 3, 15, 8, 10, 16, 5, 13, 4, 12, 1, 7, 9, 2, 14, 11])
5869
Vecsmall([10, 8, 5, 3, 6, 4, 15, 1, 16, 2, 13, 11, 14, 12, 9, 7])
5879
Vecsmall([13, 12, 8, 16, 15, 10, 11, 3, 14, 6, 7, 2, 1, 9, 5, 4])
5881
Vecsmall([16, 15, 14, 13, 12, 11, 10, 9, 8, 7, 6, 5, 4, 3, 2, 1])
5897
Vecsmall([2, 1, 6, 5, 4, 3, 9, 10, 7, 8, 14, 13, 12, 11, 16, 15])
5903
Vecsmall([12, 13, 10, 15, 16, 8, 14, 6, 11, 3, 9, 1, 2, 7, 4, 5])
5923
Vecsmall([11, 14, 2, 9, 7, 1, 12, 4, 13, 5, 16, 10, 8, 15, 3, 6])
5927
Vecsmall([5, 4, 7, 2, 1, 9, 3, 11, 6, 14, 8, 16, 15, 10, 13, 12])
5939
Vecsmall([11, 14, 2, 9, 7, 1, 12, 4, 13, 5, 16, 10, 8, 15, 3, 6])
5953
Vecsmall([15, 16, 11, 12, 13, 14, 8, 7, 10, 9, 3, 4, 5, 6, 1, 2])
5981
Vecsmall([10, 8, 5, 3, 6, 4, 15, 1, 16, 2, 13, 11, 14, 12, 9, 7])
5987
Vecsmall([3, 6, 16, 10, 8, 15, 4, 12, 5, 13, 2, 9, 7, 1, 11, 14])
6007
Vecsmall([13, 12, 8, 16, 15, 10, 11, 3, 14, 6, 7, 2, 1, 9, 5, 4])
6011
Vecsmall([14, 11, 1, 7, 9, 2, 13, 5, 12, 4, 15, 8, 10, 16, 6, 3])
6029
Vecsmall([10, 8, 5, 3, 6, 4, 15, 1, 16, 2, 13, 11, 14, 12, 9, 7])
6037
Vecsmall([7, 9, 12, 14, 11, 13, 2, 16, 1, 15, 4, 6, 3, 5, 8, 10])
6043
Vecsmall([6, 3, 15, 8, 10, 16, 5, 13, 4, 12, 1, 7, 9, 2, 14, 11])
6047
Vecsmall([4, 5, 9, 1, 2, 7, 6, 14, 3, 11, 10, 15, 16, 8, 12, 13])
6053
Vecsmall([8, 10, 4, 6, 3, 5, 16, 2, 15, 1, 12, 14, 11, 13, 7, 9])
6067
Vecsmall([3, 6, 16, 10, 8, 15, 4, 12, 5, 13, 2, 9, 7, 1, 11, 14])
6073
Vecsmall([2, 1, 6, 5, 4, 3, 9, 10, 7, 8, 14, 13, 12, 11, 16, 15])
6079
Vecsmall([12, 13, 10, 15, 16, 8, 14, 6, 11, 3, 9, 1, 2, 7, 4, 5])
6089
Vecsmall([16, 15, 14, 13, 12, 11, 10, 9, 8, 7, 6, 5, 4, 3, 2, 1])
6091
Vecsmall([14, 11, 1, 7, 9, 2, 13, 5, 12, 4, 15, 8, 10, 16, 6, 3])
6101
Vecsmall([8, 10, 4, 6, 3, 5, 16, 2, 15, 1, 12, 14, 11, 13, 7, 9])
6113
Vecsmall([15, 16, 11, 12, 13, 14, 8, 7, 10, 9, 3, 4, 5, 6, 1, 2])
6121
Vecsmall([16, 15, 14, 13, 12, 11, 10, 9, 8, 7, 6, 5, 4, 3, 2, 1])
6131
Vecsmall([3, 6, 16, 10, 8, 15, 4, 12, 5, 13, 2, 9, 7, 1, 11, 14])
6133
Vecsmall([8, 10, 4, 6, 3, 5, 16, 2, 15, 1, 12, 14, 11, 13, 7, 9])
6143
Vecsmall([4, 5, 9, 1, 2, 7, 6, 14, 3, 11, 10, 15, 16, 8, 12, 13])
6151
Vecsmall([13, 12, 8, 16, 15, 10, 11, 3, 14, 6, 7, 2, 1, 9, 5, 4])
6163
Vecsmall([11, 14, 2, 9, 7, 1, 12, 4, 13, 5, 16, 10, 8, 15, 3, 6])
6173
Vecsmall([10, 8, 5, 3, 6, 4, 15, 1, 16, 2, 13, 11, 14, 12, 9, 7])
6197
Vecsmall([7, 9, 12, 14, 11, 13, 2, 16, 1, 15, 4, 6, 3, 5, 8, 10])
6199
Vecsmall([5, 4, 7, 2, 1, 9, 3, 11, 6, 14, 8, 16, 15, 10, 13, 12])
6203
Vecsmall([14, 11, 1, 7, 9, 2, 13, 5, 12, 4, 15, 8, 10, 16, 6, 3])
6211
Vecsmall([3, 6, 16, 10, 8, 15, 4, 12, 5, 13, 2, 9, 7, 1, 11, 14])
6217
Vecsmall([2, 1, 6, 5, 4, 3, 9, 10, 7, 8, 14, 13, 12, 11, 16, 15])
6221
Vecsmall([10, 8, 5, 3, 6, 4, 15, 1, 16, 2, 13, 11, 14, 12, 9, 7])
6229
Vecsmall([8, 10, 4, 6, 3, 5, 16, 2, 15, 1, 12, 14, 11, 13, 7, 9])
6247
Vecsmall([13, 12, 8, 16, 15, 10, 11, 3, 14, 6, 7, 2, 1, 9, 5, 4])
6257
Vecsmall([15, 16, 11, 12, 13, 14, 8, 7, 10, 9, 3, 4, 5, 6, 1, 2])
6263
Vecsmall([13, 12, 8, 16, 15, 10, 11, 3, 14, 6, 7, 2, 1, 9, 5, 4])
6269
Vecsmall([10, 8, 5, 3, 6, 4, 15, 1, 16, 2, 13, 11, 14, 12, 9, 7])
6271
Vecsmall([4, 5, 9, 1, 2, 7, 6, 14, 3, 11, 10, 15, 16, 8, 12, 13])
6277
Vecsmall([7, 9, 12, 14, 11, 13, 2, 16, 1, 15, 4, 6, 3, 5, 8, 10])
6287
Vecsmall([12, 13, 10, 15, 16, 8, 14, 6, 11, 3, 9, 1, 2, 7, 4, 5])
6299
Vecsmall([14, 11, 1, 7, 9, 2, 13, 5, 12, 4, 15, 8, 10, 16, 6, 3])
6301
Vecsmall([10, 8, 5, 3, 6, 4, 15, 1, 16, 2, 13, 11, 14, 12, 9, 7])
6311
Vecsmall([13, 12, 8, 16, 15, 10, 11, 3, 14, 6, 7, 2, 1, 9, 5, 4])
6317
Vecsmall([10, 8, 5, 3, 6, 4, 15, 1, 16, 2, 13, 11, 14, 12, 9, 7])
6323
Vecsmall([3, 6, 16, 10, 8, 15, 4, 12, 5, 13, 2, 9, 7, 1, 11, 14])
6329
Vecsmall([2, 1, 6, 5, 4, 3, 9, 10, 7, 8, 14, 13, 12, 11, 16, 15])
6337
Vecsmall([15, 16, 11, 12, 13, 14, 8, 7, 10, 9, 3, 4, 5, 6, 1, 2])
6343
Vecsmall([5, 4, 7, 2, 1, 9, 3, 11, 6, 14, 8, 16, 15, 10, 13, 12])
6353
Vecsmall([1, 2, 3, 4, 5, 6, 7, 8, 9, 10, 11, 12, 13, 14, 15, 16])
6359
Vecsmall([5, 4, 7, 2, 1, 9, 3, 11, 6, 14, 8, 16, 15, 10, 13, 12])
6361
Vecsmall([16, 15, 14, 13, 12, 11, 10, 9, 8, 7, 6, 5, 4, 3, 2, 1])
6367
Vecsmall([4, 5, 9, 1, 2, 7, 6, 14, 3, 11, 10, 15, 16, 8, 12, 13])
6373
Vecsmall([8, 10, 4, 6, 3, 5, 16, 2, 15, 1, 12, 14, 11, 13, 7, 9])
6379
Vecsmall([6, 3, 15, 8, 10, 16, 5, 13, 4, 12, 1, 7, 9, 2, 14, 11])
6389
Vecsmall([8, 10, 4, 6, 3, 5, 16, 2, 15, 1, 12, 14, 11, 13, 7, 9])
6397
Vecsmall([10, 8, 5, 3, 6, 4, 15, 1, 16, 2, 13, 11, 14, 12, 9, 7])
6421
Vecsmall([7, 9, 12, 14, 11, 13, 2, 16, 1, 15, 4, 6, 3, 5, 8, 10])
6427
Vecsmall([14, 11, 1, 7, 9, 2, 13, 5, 12, 4, 15, 8, 10, 16, 6, 3])
6449
Vecsmall([1, 2, 3, 4, 5, 6, 7, 8, 9, 10, 11, 12, 13, 14, 15, 16])
6451
Vecsmall([3, 6, 16, 10, 8, 15, 4, 12, 5, 13, 2, 9, 7, 1, 11, 14])
6469
Vecsmall([7, 9, 12, 14, 11, 13, 2, 16, 1, 15, 4, 6, 3, 5, 8, 10])
6473
Vecsmall([2, 1, 6, 5, 4, 3, 9, 10, 7, 8, 14, 13, 12, 11, 16, 15])
6481
Vecsmall([1, 2, 3, 4, 5, 6, 7, 8, 9, 10, 11, 12, 13, 14, 15, 16])
6491
Vecsmall([14, 11, 1, 7, 9, 2, 13, 5, 12, 4, 15, 8, 10, 16, 6, 3])
6521
Vecsmall([16, 15, 14, 13, 12, 11, 10, 9, 8, 7, 6, 5, 4, 3, 2, 1])
6529
Vecsmall([1, 2, 3, 4, 5, 6, 7, 8, 9, 10, 11, 12, 13, 14, 15, 16])
6547
Vecsmall([3, 6, 16, 10, 8, 15, 4, 12, 5, 13, 2, 9, 7, 1, 11, 14])
6551
Vecsmall([13, 12, 8, 16, 15, 10, 11, 3, 14, 6, 7, 2, 1, 9, 5, 4])
6553
Vecsmall([16, 15, 14, 13, 12, 11, 10, 9, 8, 7, 6, 5, 4, 3, 2, 1])
6563
Vecsmall([3, 6, 16, 10, 8, 15, 4, 12, 5, 13, 2, 9, 7, 1, 11, 14])
6569
Vecsmall([16, 15, 14, 13, 12, 11, 10, 9, 8, 7, 6, 5, 4, 3, 2, 1])
6571
Vecsmall([14, 11, 1, 7, 9, 2, 13, 5, 12, 4, 15, 8, 10, 16, 6, 3])
6577
Vecsmall([15, 16, 11, 12, 13, 14, 8, 7, 10, 9, 3, 4, 5, 6, 1, 2])
6581
Vecsmall([7, 9, 12, 14, 11, 13, 2, 16, 1, 15, 4, 6, 3, 5, 8, 10])
6599
Vecsmall([13, 12, 8, 16, 15, 10, 11, 3, 14, 6, 7, 2, 1, 9, 5, 4])
6607
Vecsmall([4, 5, 9, 1, 2, 7, 6, 14, 3, 11, 10, 15, 16, 8, 12, 13])
6619
Vecsmall([14, 11, 1, 7, 9, 2, 13, 5, 12, 4, 15, 8, 10, 16, 6, 3])
6637
Vecsmall([10, 8, 5, 3, 6, 4, 15, 1, 16, 2, 13, 11, 14, 12, 9, 7])
6653
Vecsmall([10, 8, 5, 3, 6, 4, 15, 1, 16, 2, 13, 11, 14, 12, 9, 7])
6659
Vecsmall([3, 6, 16, 10, 8, 15, 4, 12, 5, 13, 2, 9, 7, 1, 11, 14])
6661
Vecsmall([8, 10, 4, 6, 3, 5, 16, 2, 15, 1, 12, 14, 11, 13, 7, 9])
6673
Vecsmall([15, 16, 11, 12, 13, 14, 8, 7, 10, 9, 3, 4, 5, 6, 1, 2])
6679
Vecsmall([5, 4, 7, 2, 1, 9, 3, 11, 6, 14, 8, 16, 15, 10, 13, 12])
6689
Vecsmall([1, 2, 3, 4, 5, 6, 7, 8, 9, 10, 11, 12, 13, 14, 15, 16])
6691
Vecsmall([3, 6, 16, 10, 8, 15, 4, 12, 5, 13, 2, 9, 7, 1, 11, 14])
6701
Vecsmall([10, 8, 5, 3, 6, 4, 15, 1, 16, 2, 13, 11, 14, 12, 9, 7])
6703
Vecsmall([4, 5, 9, 1, 2, 7, 6, 14, 3, 11, 10, 15, 16, 8, 12, 13])
6709
Vecsmall([8, 10, 4, 6, 3, 5, 16, 2, 15, 1, 12, 14, 11, 13, 7, 9])
6719
Vecsmall([4, 5, 9, 1, 2, 7, 6, 14, 3, 11, 10, 15, 16, 8, 12, 13])
6733
Vecsmall([10, 8, 5, 3, 6, 4, 15, 1, 16, 2, 13, 11, 14, 12, 9, 7])
6737
Vecsmall([15, 16, 11, 12, 13, 14, 8, 7, 10, 9, 3, 4, 5, 6, 1, 2])
6761
Vecsmall([16, 15, 14, 13, 12, 11, 10, 9, 8, 7, 6, 5, 4, 3, 2, 1])
6763
Vecsmall([14, 11, 1, 7, 9, 2, 13, 5, 12, 4, 15, 8, 10, 16, 6, 3])
6779
Vecsmall([14, 11, 1, 7, 9, 2, 13, 5, 12, 4, 15, 8, 10, 16, 6, 3])
6781
Vecsmall([9, 7, 13, 11, 14, 12, 1, 15, 2, 16, 5, 3, 6, 4, 10, 8])
6791
Vecsmall([13, 12, 8, 16, 15, 10, 11, 3, 14, 6, 7, 2, 1, 9, 5, 4])
6793
Vecsmall([16, 15, 14, 13, 12, 11, 10, 9, 8, 7, 6, 5, 4, 3, 2, 1])
6803
Vecsmall([3, 6, 16, 10, 8, 15, 4, 12, 5, 13, 2, 9, 7, 1, 11, 14])
6823
Vecsmall([5, 4, 7, 2, 1, 9, 3, 11, 6, 14, 8, 16, 15, 10, 13, 12])
6827
Vecsmall([6, 3, 15, 8, 10, 16, 5, 13, 4, 12, 1, 7, 9, 2, 14, 11])
6829
Vecsmall([10, 8, 5, 3, 6, 4, 15, 1, 16, 2, 13, 11, 14, 12, 9, 7])
6833
Vecsmall([15, 16, 11, 12, 13, 14, 8, 7, 10, 9, 3, 4, 5, 6, 1, 2])
6841
Vecsmall([16, 15, 14, 13, 12, 11, 10, 9, 8, 7, 6, 5, 4, 3, 2, 1])
6857
Vecsmall([16, 15, 14, 13, 12, 11, 10, 9, 8, 7, 6, 5, 4, 3, 2, 1])
6863
Vecsmall([4, 5, 9, 1, 2, 7, 6, 14, 3, 11, 10, 15, 16, 8, 12, 13])
6869
Vecsmall([8, 10, 4, 6, 3, 5, 16, 2, 15, 1, 12, 14, 11, 13, 7, 9])
6871
Vecsmall([5, 4, 7, 2, 1, 9, 3, 11, 6, 14, 8, 16, 15, 10, 13, 12])
6883
Vecsmall([3, 6, 16, 10, 8, 15, 4, 12, 5, 13, 2, 9, 7, 1, 11, 14])
6899
Vecsmall([3, 6, 16, 10, 8, 15, 4, 12, 5, 13, 2, 9, 7, 1, 11, 14])
6907
Vecsmall([14, 11, 1, 7, 9, 2, 13, 5, 12, 4, 15, 8, 10, 16, 6, 3])
6911
Vecsmall([12, 13, 10, 15, 16, 8, 14, 6, 11, 3, 9, 1, 2, 7, 4, 5])
6917
Vecsmall([8, 10, 4, 6, 3, 5, 16, 2, 15, 1, 12, 14, 11, 13, 7, 9])
6947
Vecsmall([3, 6, 16, 10, 8, 15, 4, 12, 5, 13, 2, 9, 7, 1, 11, 14])
6949
Vecsmall([8, 10, 4, 6, 3, 5, 16, 2, 15, 1, 12, 14, 11, 13, 7, 9])
6959
Vecsmall([4, 5, 9, 1, 2, 7, 6, 14, 3, 11, 10, 15, 16, 8, 12, 13])
6961
Vecsmall([15, 16, 11, 12, 13, 14, 8, 7, 10, 9, 3, 4, 5, 6, 1, 2])
6967
Vecsmall([5, 4, 7, 2, 1, 9, 3, 11, 6, 14, 8, 16, 15, 10, 13, 12])
6971
Vecsmall([6, 3, 15, 8, 10, 16, 5, 13, 4, 12, 1, 7, 9, 2, 14, 11])
6977
Vecsmall([15, 16, 11, 12, 13, 14, 8, 7, 10, 9, 3, 4, 5, 6, 1, 2])
6983
Vecsmall([13, 12, 8, 16, 15, 10, 11, 3, 14, 6, 7, 2, 1, 9, 5, 4])
6991
Vecsmall([4, 5, 9, 1, 2, 7, 6, 14, 3, 11, 10, 15, 16, 8, 12, 13])
6997
Vecsmall([8, 10, 4, 6, 3, 5, 16, 2, 15, 1, 12, 14, 11, 13, 7, 9])
7001
Vecsmall([2, 1, 6, 5, 4, 3, 9, 10, 7, 8, 14, 13, 12, 11, 16, 15])
7013
Vecsmall([7, 9, 12, 14, 11, 13, 2, 16, 1, 15, 4, 6, 3, 5, 8, 10])
7019
Vecsmall([6, 3, 15, 8, 10, 16, 5, 13, 4, 12, 1, 7, 9, 2, 14, 11])
7027
Vecsmall([3, 6, 16, 10, 8, 15, 4, 12, 5, 13, 2, 9, 7, 1, 11, 14])
7039
Vecsmall([4, 5, 9, 1, 2, 7, 6, 14, 3, 11, 10, 15, 16, 8, 12, 13])
7043
Vecsmall([3, 6, 16, 10, 8, 15, 4, 12, 5, 13, 2, 9, 7, 1, 11, 14])
7057
Vecsmall([15, 16, 11, 12, 13, 14, 8, 7, 10, 9, 3, 4, 5, 6, 1, 2])
7069
Vecsmall([10, 8, 5, 3, 6, 4, 15, 1, 16, 2, 13, 11, 14, 12, 9, 7])
7079
Vecsmall([5, 4, 7, 2, 1, 9, 3, 11, 6, 14, 8, 16, 15, 10, 13, 12])
7103
Vecsmall([12, 13, 10, 15, 16, 8, 14, 6, 11, 3, 9, 1, 2, 7, 4, 5])
7109
Vecsmall([8, 10, 4, 6, 3, 5, 16, 2, 15, 1, 12, 14, 11, 13, 7, 9])
7121
Vecsmall([1, 2, 3, 4, 5, 6, 7, 8, 9, 10, 11, 12, 13, 14, 15, 16])
7127
Vecsmall([5, 4, 7, 2, 1, 9, 3, 11, 6, 14, 8, 16, 15, 10, 13, 12])
7129
Vecsmall([16, 15, 14, 13, 12, 11, 10, 9, 8, 7, 6, 5, 4, 3, 2, 1])
7151
Vecsmall([12, 13, 10, 15, 16, 8, 14, 6, 11, 3, 9, 1, 2, 7, 4, 5])
7159
Vecsmall([5, 4, 7, 2, 1, 9, 3, 11, 6, 14, 8, 16, 15, 10, 13, 12])
7177
Vecsmall([2, 1, 6, 5, 4, 3, 9, 10, 7, 8, 14, 13, 12, 11, 16, 15])
7187
Vecsmall([3, 6, 16, 10, 8, 15, 4, 12, 5, 13, 2, 9, 7, 1, 11, 14])
7193
Vecsmall([2, 1, 6, 5, 4, 3, 9, 10, 7, 8, 14, 13, 12, 11, 16, 15])
7207
Vecsmall([13, 12, 8, 16, 15, 10, 11, 3, 14, 6, 7, 2, 1, 9, 5, 4])
7211
Vecsmall([14, 11, 1, 7, 9, 2, 13, 5, 12, 4, 15, 8, 10, 16, 6, 3])
7213
Vecsmall([9, 7, 13, 11, 14, 12, 1, 15, 2, 16, 5, 3, 6, 4, 10, 8])
7219
Vecsmall([3, 6, 16, 10, 8, 15, 4, 12, 5, 13, 2, 9, 7, 1, 11, 14])
7229
Vecsmall([10, 8, 5, 3, 6, 4, 15, 1, 16, 2, 13, 11, 14, 12, 9, 7])
7237
Vecsmall([7, 9, 12, 14, 11, 13, 2, 16, 1, 15, 4, 6, 3, 5, 8, 10])
7243
Vecsmall([14, 11, 1, 7, 9, 2, 13, 5, 12, 4, 15, 8, 10, 16, 6, 3])
7247
Vecsmall([4, 5, 9, 1, 2, 7, 6, 14, 3, 11, 10, 15, 16, 8, 12, 13])
7253
Vecsmall([8, 10, 4, 6, 3, 5, 16, 2, 15, 1, 12, 14, 11, 13, 7, 9])
7283
Vecsmall([3, 6, 16, 10, 8, 15, 4, 12, 5, 13, 2, 9, 7, 1, 11, 14])
7297
Vecsmall([15, 16, 11, 12, 13, 14, 8, 7, 10, 9, 3, 4, 5, 6, 1, 2])
7307
Vecsmall([14, 11, 1, 7, 9, 2, 13, 5, 12, 4, 15, 8, 10, 16, 6, 3])
7309
Vecsmall([10, 8, 5, 3, 6, 4, 15, 1, 16, 2, 13, 11, 14, 12, 9, 7])
7321
Vecsmall([2, 1, 6, 5, 4, 3, 9, 10, 7, 8, 14, 13, 12, 11, 16, 15])
7331
Vecsmall([3, 6, 16, 10, 8, 15, 4, 12, 5, 13, 2, 9, 7, 1, 11, 14])
7333
Vecsmall([7, 9, 12, 14, 11, 13, 2, 16, 1, 15, 4, 6, 3, 5, 8, 10])
7349
Vecsmall([7, 9, 12, 14, 11, 13, 2, 16, 1, 15, 4, 6, 3, 5, 8, 10])
7351
Vecsmall([5, 4, 7, 2, 1, 9, 3, 11, 6, 14, 8, 16, 15, 10, 13, 12])
7369
Vecsmall([2, 1, 6, 5, 4, 3, 9, 10, 7, 8, 14, 13, 12, 11, 16, 15])
7393
Vecsmall([1, 2, 3, 4, 5, 6, 7, 8, 9, 10, 11, 12, 13, 14, 15, 16])
7411
Vecsmall([3, 6, 16, 10, 8, 15, 4, 12, 5, 13, 2, 9, 7, 1, 11, 14])
7417
Vecsmall([2, 1, 6, 5, 4, 3, 9, 10, 7, 8, 14, 13, 12, 11, 16, 15])
7433
Vecsmall([2, 1, 6, 5, 4, 3, 9, 10, 7, 8, 14, 13, 12, 11, 16, 15])
7451
Vecsmall([6, 3, 15, 8, 10, 16, 5, 13, 4, 12, 1, 7, 9, 2, 14, 11])
7457
Vecsmall([15, 16, 11, 12, 13, 14, 8, 7, 10, 9, 3, 4, 5, 6, 1, 2])
7459
Vecsmall([3, 6, 16, 10, 8, 15, 4, 12, 5, 13, 2, 9, 7, 1, 11, 14])
7477
Vecsmall([7, 9, 12, 14, 11, 13, 2, 16, 1, 15, 4, 6, 3, 5, 8, 10])
7481
Vecsmall([16, 15, 14, 13, 12, 11, 10, 9, 8, 7, 6, 5, 4, 3, 2, 1])
7487
Vecsmall([4, 5, 9, 1, 2, 7, 6, 14, 3, 11, 10, 15, 16, 8, 12, 13])
7489
Vecsmall([1, 2, 3, 4, 5, 6, 7, 8, 9, 10, 11, 12, 13, 14, 15, 16])
7499
Vecsmall([14, 11, 1, 7, 9, 2, 13, 5, 12, 4, 15, 8, 10, 16, 6, 3])
7507
Vecsmall([11, 14, 2, 9, 7, 1, 12, 4, 13, 5, 16, 10, 8, 15, 3, 6])
7517
Vecsmall([9, 7, 13, 11, 14, 12, 1, 15, 2, 16, 5, 3, 6, 4, 10, 8])
7523
Vecsmall([11, 14, 2, 9, 7, 1, 12, 4, 13, 5, 16, 10, 8, 15, 3, 6])
7529
Vecsmall([16, 15, 14, 13, 12, 11, 10, 9, 8, 7, 6, 5, 4, 3, 2, 1])
7537
Vecsmall([15, 16, 11, 12, 13, 14, 8, 7, 10, 9, 3, 4, 5, 6, 1, 2])
7541
Vecsmall([7, 9, 12, 14, 11, 13, 2, 16, 1, 15, 4, 6, 3, 5, 8, 10])
7547
Vecsmall([14, 11, 1, 7, 9, 2, 13, 5, 12, 4, 15, 8, 10, 16, 6, 3])
7549
Vecsmall([10, 8, 5, 3, 6, 4, 15, 1, 16, 2, 13, 11, 14, 12, 9, 7])
7559
Vecsmall([5, 4, 7, 2, 1, 9, 3, 11, 6, 14, 8, 16, 15, 10, 13, 12])
7561
Vecsmall([2, 1, 6, 5, 4, 3, 9, 10, 7, 8, 14, 13, 12, 11, 16, 15])
7573
Vecsmall([8, 10, 4, 6, 3, 5, 16, 2, 15, 1, 12, 14, 11, 13, 7, 9])
7577
Vecsmall([16, 15, 14, 13, 12, 11, 10, 9, 8, 7, 6, 5, 4, 3, 2, 1])
7583
Vecsmall([12, 13, 10, 15, 16, 8, 14, 6, 11, 3, 9, 1, 2, 7, 4, 5])
7589
Vecsmall([7, 9, 12, 14, 11, 13, 2, 16, 1, 15, 4, 6, 3, 5, 8, 10])
7591
Vecsmall([5, 4, 7, 2, 1, 9, 3, 11, 6, 14, 8, 16, 15, 10, 13, 12])
7603
Vecsmall([11, 14, 2, 9, 7, 1, 12, 4, 13, 5, 16, 10, 8, 15, 3, 6])
7607
Vecsmall([5, 4, 7, 2, 1, 9, 3, 11, 6, 14, 8, 16, 15, 10, 13, 12])
7621
Vecsmall([7, 9, 12, 14, 11, 13, 2, 16, 1, 15, 4, 6, 3, 5, 8, 10])
7639
Vecsmall([13, 12, 8, 16, 15, 10, 11, 3, 14, 6, 7, 2, 1, 9, 5, 4])
7643
Vecsmall([14, 11, 1, 7, 9, 2, 13, 5, 12, 4, 15, 8, 10, 16, 6, 3])
7649
Vecsmall([15, 16, 11, 12, 13, 14, 8, 7, 10, 9, 3, 4, 5, 6, 1, 2])
7669
Vecsmall([8, 10, 4, 6, 3, 5, 16, 2, 15, 1, 12, 14, 11, 13, 7, 9])
7673
Vecsmall([2, 1, 6, 5, 4, 3, 9, 10, 7, 8, 14, 13, 12, 11, 16, 15])
7681
Vecsmall([15, 16, 11, 12, 13, 14, 8, 7, 10, 9, 3, 4, 5, 6, 1, 2])
7687
Vecsmall([13, 12, 8, 16, 15, 10, 11, 3, 14, 6, 7, 2, 1, 9, 5, 4])
7691
Vecsmall([14, 11, 1, 7, 9, 2, 13, 5, 12, 4, 15, 8, 10, 16, 6, 3])
7699
Vecsmall([3, 6, 16, 10, 8, 15, 4, 12, 5, 13, 2, 9, 7, 1, 11, 14])
7703
Vecsmall([5, 4, 7, 2, 1, 9, 3, 11, 6, 14, 8, 16, 15, 10, 13, 12])
7717
Vecsmall([8, 10, 4, 6, 3, 5, 16, 2, 15, 1, 12, 14, 11, 13, 7, 9])
7723
Vecsmall([14, 11, 1, 7, 9, 2, 13, 5, 12, 4, 15, 8, 10, 16, 6, 3])
7727
Vecsmall([12, 13, 10, 15, 16, 8, 14, 6, 11, 3, 9, 1, 2, 7, 4, 5])
7741
Vecsmall([9, 7, 13, 11, 14, 12, 1, 15, 2, 16, 5, 3, 6, 4, 10, 8])
7753
Vecsmall([16, 15, 14, 13, 12, 11, 10, 9, 8, 7, 6, 5, 4, 3, 2, 1])
7757
Vecsmall([10, 8, 5, 3, 6, 4, 15, 1, 16, 2, 13, 11, 14, 12, 9, 7])
7759
Vecsmall([12, 13, 10, 15, 16, 8, 14, 6, 11, 3, 9, 1, 2, 7, 4, 5])
7789
Vecsmall([9, 7, 13, 11, 14, 12, 1, 15, 2, 16, 5, 3, 6, 4, 10, 8])
7793
Vecsmall([1, 2, 3, 4, 5, 6, 7, 8, 9, 10, 11, 12, 13, 14, 15, 16])
7817
Vecsmall([16, 15, 14, 13, 12, 11, 10, 9, 8, 7, 6, 5, 4, 3, 2, 1])
7823
Vecsmall([12, 13, 10, 15, 16, 8, 14, 6, 11, 3, 9, 1, 2, 7, 4, 5])
7829
Vecsmall([8, 10, 4, 6, 3, 5, 16, 2, 15, 1, 12, 14, 11, 13, 7, 9])
7841
Vecsmall([1, 2, 3, 4, 5, 6, 7, 8, 9, 10, 11, 12, 13, 14, 15, 16])
7853
Vecsmall([9, 7, 13, 11, 14, 12, 1, 15, 2, 16, 5, 3, 6, 4, 10, 8])
7867
Vecsmall([14, 11, 1, 7, 9, 2, 13, 5, 12, 4, 15, 8, 10, 16, 6, 3])
7873
Vecsmall([15, 16, 11, 12, 13, 14, 8, 7, 10, 9, 3, 4, 5, 6, 1, 2])
7877
Vecsmall([8, 10, 4, 6, 3, 5, 16, 2, 15, 1, 12, 14, 11, 13, 7, 9])
7879
Vecsmall([5, 4, 7, 2, 1, 9, 3, 11, 6, 14, 8, 16, 15, 10, 13, 12])
7883
Vecsmall([14, 11, 1, 7, 9, 2, 13, 5, 12, 4, 15, 8, 10, 16, 6, 3])
7901
Vecsmall([9, 7, 13, 11, 14, 12, 1, 15, 2, 16, 5, 3, 6, 4, 10, 8])
7907
Vecsmall([11, 14, 2, 9, 7, 1, 12, 4, 13, 5, 16, 10, 8, 15, 3, 6])
7919
Vecsmall([12, 13, 10, 15, 16, 8, 14, 6, 11, 3, 9, 1, 2, 7, 4, 5])
7927
Vecsmall([5, 4, 7, 2, 1, 9, 3, 11, 6, 14, 8, 16, 15, 10, 13, 12])
7933
Vecsmall([9, 7, 13, 11, 14, 12, 1, 15, 2, 16, 5, 3, 6, 4, 10, 8])
7937
Vecsmall([15, 16, 11, 12, 13, 14, 8, 7, 10, 9, 3, 4, 5, 6, 1, 2])
7949
Vecsmall([10, 8, 5, 3, 6, 4, 15, 1, 16, 2, 13, 11, 14, 12, 9, 7])
7951
Vecsmall([12, 13, 10, 15, 16, 8, 14, 6, 11, 3, 9, 1, 2, 7, 4, 5])
7963
Vecsmall([6, 3, 15, 8, 10, 16, 5, 13, 4, 12, 1, 7, 9, 2, 14, 11])
7993
Vecsmall([16, 15, 14, 13, 12, 11, 10, 9, 8, 7, 6, 5, 4, 3, 2, 1])
8009
Vecsmall([2, 1, 6, 5, 4, 3, 9, 10, 7, 8, 14, 13, 12, 11, 16, 15])
8011
Vecsmall([6, 3, 15, 8, 10, 16, 5, 13, 4, 12, 1, 7, 9, 2, 14, 11])
8017
Vecsmall([15, 16, 11, 12, 13, 14, 8, 7, 10, 9, 3, 4, 5, 6, 1, 2])
8039
Vecsmall([13, 12, 8, 16, 15, 10, 11, 3, 14, 6, 7, 2, 1, 9, 5, 4])
8053
Vecsmall([8, 10, 4, 6, 3, 5, 16, 2, 15, 1, 12, 14, 11, 13, 7, 9])
8059
Vecsmall([14, 11, 1, 7, 9, 2, 13, 5, 12, 4, 15, 8, 10, 16, 6, 3])
8069
Vecsmall([8, 10, 4, 6, 3, 5, 16, 2, 15, 1, 12, 14, 11, 13, 7, 9])
8081
Vecsmall([1, 2, 3, 4, 5, 6, 7, 8, 9, 10, 11, 12, 13, 14, 15, 16])
8087
Vecsmall([5, 4, 7, 2, 1, 9, 3, 11, 6, 14, 8, 16, 15, 10, 13, 12])
8089
Vecsmall([2, 1, 6, 5, 4, 3, 9, 10, 7, 8, 14, 13, 12, 11, 16, 15])
8093
Vecsmall([9, 7, 13, 11, 14, 12, 1, 15, 2, 16, 5, 3, 6, 4, 10, 8])
8101
Vecsmall([8, 10, 4, 6, 3, 5, 16, 2, 15, 1, 12, 14, 11, 13, 7, 9])
8111
Vecsmall([4, 5, 9, 1, 2, 7, 6, 14, 3, 11, 10, 15, 16, 8, 12, 13])
8117
Vecsmall([8, 10, 4, 6, 3, 5, 16, 2, 15, 1, 12, 14, 11, 13, 7, 9])
8123
Vecsmall([14, 11, 1, 7, 9, 2, 13, 5, 12, 4, 15, 8, 10, 16, 6, 3])
8147
Vecsmall([3, 6, 16, 10, 8, 15, 4, 12, 5, 13, 2, 9, 7, 1, 11, 14])
8161
Vecsmall([1, 2, 3, 4, 5, 6, 7, 8, 9, 10, 11, 12, 13, 14, 15, 16])
8167
Vecsmall([13, 12, 8, 16, 15, 10, 11, 3, 14, 6, 7, 2, 1, 9, 5, 4])
8171
Vecsmall([14, 11, 1, 7, 9, 2, 13, 5, 12, 4, 15, 8, 10, 16, 6, 3])
8179
Vecsmall([11, 14, 2, 9, 7, 1, 12, 4, 13, 5, 16, 10, 8, 15, 3, 6])
8191
Vecsmall([4, 5, 9, 1, 2, 7, 6, 14, 3, 11, 10, 15, 16, 8, 12, 13])
8209
Vecsmall([1, 2, 3, 4, 5, 6, 7, 8, 9, 10, 11, 12, 13, 14, 15, 16])
8219
Vecsmall([14, 11, 1, 7, 9, 2, 13, 5, 12, 4, 15, 8, 10, 16, 6, 3])
8221
Vecsmall([9, 7, 13, 11, 14, 12, 1, 15, 2, 16, 5, 3, 6, 4, 10, 8])
8231
Vecsmall([5, 4, 7, 2, 1, 9, 3, 11, 6, 14, 8, 16, 15, 10, 13, 12])
8233
Vecsmall([16, 15, 14, 13, 12, 11, 10, 9, 8, 7, 6, 5, 4, 3, 2, 1])
8237
Vecsmall([10, 8, 5, 3, 6, 4, 15, 1, 16, 2, 13, 11, 14, 12, 9, 7])
8243
Vecsmall([3, 6, 16, 10, 8, 15, 4, 12, 5, 13, 2, 9, 7, 1, 11, 14])
8263
Vecsmall([5, 4, 7, 2, 1, 9, 3, 11, 6, 14, 8, 16, 15, 10, 13, 12])
8269
Vecsmall([10, 8, 5, 3, 6, 4, 15, 1, 16, 2, 13, 11, 14, 12, 9, 7])
8273
Vecsmall([1, 2, 3, 4, 5, 6, 7, 8, 9, 10, 11, 12, 13, 14, 15, 16])
8287
Vecsmall([12, 13, 10, 15, 16, 8, 14, 6, 11, 3, 9, 1, 2, 7, 4, 5])
8291
Vecsmall([3, 6, 16, 10, 8, 15, 4, 12, 5, 13, 2, 9, 7, 1, 11, 14])
8293
Vecsmall([8, 10, 4, 6, 3, 5, 16, 2, 15, 1, 12, 14, 11, 13, 7, 9])
8297
Vecsmall([2, 1, 6, 5, 4, 3, 9, 10, 7, 8, 14, 13, 12, 11, 16, 15])
8311
Vecsmall([5, 4, 7, 2, 1, 9, 3, 11, 6, 14, 8, 16, 15, 10, 13, 12])
8317
Vecsmall([10, 8, 5, 3, 6, 4, 15, 1, 16, 2, 13, 11, 14, 12, 9, 7])
8329
Vecsmall([2, 1, 6, 5, 4, 3, 9, 10, 7, 8, 14, 13, 12, 11, 16, 15])
8353
Vecsmall([15, 16, 11, 12, 13, 14, 8, 7, 10, 9, 3, 4, 5, 6, 1, 2])
8363
Vecsmall([14, 11, 1, 7, 9, 2, 13, 5, 12, 4, 15, 8, 10, 16, 6, 3])
8369
Vecsmall([1, 2, 3, 4, 5, 6, 7, 8, 9, 10, 11, 12, 13, 14, 15, 16])
8377
Vecsmall([2, 1, 6, 5, 4, 3, 9, 10, 7, 8, 14, 13, 12, 11, 16, 15])
8387
Vecsmall([3, 6, 16, 10, 8, 15, 4, 12, 5, 13, 2, 9, 7, 1, 11, 14])
8389
Vecsmall([8, 10, 4, 6, 3, 5, 16, 2, 15, 1, 12, 14, 11, 13, 7, 9])
8419
Vecsmall([11, 14, 2, 9, 7, 1, 12, 4, 13, 5, 16, 10, 8, 15, 3, 6])
8423
Vecsmall([5, 4, 7, 2, 1, 9, 3, 11, 6, 14, 8, 16, 15, 10, 13, 12])
8429
Vecsmall([10, 8, 5, 3, 6, 4, 15, 1, 16, 2, 13, 11, 14, 12, 9, 7])
8431
Vecsmall([4, 5, 9, 1, 2, 7, 6, 14, 3, 11, 10, 15, 16, 8, 12, 13])
8443
Vecsmall([14, 11, 1, 7, 9, 2, 13, 5, 12, 4, 15, 8, 10, 16, 6, 3])
8447
Vecsmall([12, 13, 10, 15, 16, 8, 14, 6, 11, 3, 9, 1, 2, 7, 4, 5])
8461
Vecsmall([9, 7, 13, 11, 14, 12, 1, 15, 2, 16, 5, 3, 6, 4, 10, 8])
8467
Vecsmall([3, 6, 16, 10, 8, 15, 4, 12, 5, 13, 2, 9, 7, 1, 11, 14])
8501
Vecsmall([8, 10, 4, 6, 3, 5, 16, 2, 15, 1, 12, 14, 11, 13, 7, 9])
8513
Vecsmall([15, 16, 11, 12, 13, 14, 8, 7, 10, 9, 3, 4, 5, 6, 1, 2])
8521
Vecsmall([2, 1, 6, 5, 4, 3, 9, 10, 7, 8, 14, 13, 12, 11, 16, 15])
8527
Vecsmall([12, 13, 10, 15, 16, 8, 14, 6, 11, 3, 9, 1, 2, 7, 4, 5])
8537
Vecsmall([16, 15, 14, 13, 12, 11, 10, 9, 8, 7, 6, 5, 4, 3, 2, 1])
8539
Vecsmall([14, 11, 1, 7, 9, 2, 13, 5, 12, 4, 15, 8, 10, 16, 6, 3])
8543
Vecsmall([4, 5, 9, 1, 2, 7, 6, 14, 3, 11, 10, 15, 16, 8, 12, 13])
8563
Vecsmall([11, 14, 2, 9, 7, 1, 12, 4, 13, 5, 16, 10, 8, 15, 3, 6])
8573
Vecsmall([9, 7, 13, 11, 14, 12, 1, 15, 2, 16, 5, 3, 6, 4, 10, 8])
8581
Vecsmall([8, 10, 4, 6, 3, 5, 16, 2, 15, 1, 12, 14, 11, 13, 7, 9])
8597
Vecsmall([8, 10, 4, 6, 3, 5, 16, 2, 15, 1, 12, 14, 11, 13, 7, 9])
8599
Vecsmall([5, 4, 7, 2, 1, 9, 3, 11, 6, 14, 8, 16, 15, 10, 13, 12])
8609
Vecsmall([1, 2, 3, 4, 5, 6, 7, 8, 9, 10, 11, 12, 13, 14, 15, 16])
8623
Vecsmall([12, 13, 10, 15, 16, 8, 14, 6, 11, 3, 9, 1, 2, 7, 4, 5])
8627
Vecsmall([3, 6, 16, 10, 8, 15, 4, 12, 5, 13, 2, 9, 7, 1, 11, 14])
8629
Vecsmall([7, 9, 12, 14, 11, 13, 2, 16, 1, 15, 4, 6, 3, 5, 8, 10])
8641
Vecsmall([15, 16, 11, 12, 13, 14, 8, 7, 10, 9, 3, 4, 5, 6, 1, 2])
8647
Vecsmall([13, 12, 8, 16, 15, 10, 11, 3, 14, 6, 7, 2, 1, 9, 5, 4])
8663
Vecsmall([13, 12, 8, 16, 15, 10, 11, 3, 14, 6, 7, 2, 1, 9, 5, 4])
8669
Vecsmall([9, 7, 13, 11, 14, 12, 1, 15, 2, 16, 5, 3, 6, 4, 10, 8])
8677
Vecsmall([7, 9, 12, 14, 11, 13, 2, 16, 1, 15, 4, 6, 3, 5, 8, 10])
8681
Vecsmall([2, 1, 6, 5, 4, 3, 9, 10, 7, 8, 14, 13, 12, 11, 16, 15])
8689
Vecsmall([15, 16, 11, 12, 13, 14, 8, 7, 10, 9, 3, 4, 5, 6, 1, 2])
8693
Vecsmall([8, 10, 4, 6, 3, 5, 16, 2, 15, 1, 12, 14, 11, 13, 7, 9])
8699
Vecsmall([6, 3, 15, 8, 10, 16, 5, 13, 4, 12, 1, 7, 9, 2, 14, 11])
8707
Vecsmall([11, 14, 2, 9, 7, 1, 12, 4, 13, 5, 16, 10, 8, 15, 3, 6])
8713
Vecsmall([16, 15, 14, 13, 12, 11, 10, 9, 8, 7, 6, 5, 4, 3, 2, 1])
8719
Vecsmall([4, 5, 9, 1, 2, 7, 6, 14, 3, 11, 10, 15, 16, 8, 12, 13])
8731
Vecsmall([14, 11, 1, 7, 9, 2, 13, 5, 12, 4, 15, 8, 10, 16, 6, 3])
8737
Vecsmall([15, 16, 11, 12, 13, 14, 8, 7, 10, 9, 3, 4, 5, 6, 1, 2])
8741
Vecsmall([8, 10, 4, 6, 3, 5, 16, 2, 15, 1, 12, 14, 11, 13, 7, 9])
8747
Vecsmall([6, 3, 15, 8, 10, 16, 5, 13, 4, 12, 1, 7, 9, 2, 14, 11])
8753
Vecsmall([15, 16, 11, 12, 13, 14, 8, 7, 10, 9, 3, 4, 5, 6, 1, 2])
8761
Vecsmall([16, 15, 14, 13, 12, 11, 10, 9, 8, 7, 6, 5, 4, 3, 2, 1])
8779
Vecsmall([6, 3, 15, 8, 10, 16, 5, 13, 4, 12, 1, 7, 9, 2, 14, 11])
8783
Vecsmall([4, 5, 9, 1, 2, 7, 6, 14, 3, 11, 10, 15, 16, 8, 12, 13])
8803
Vecsmall([11, 14, 2, 9, 7, 1, 12, 4, 13, 5, 16, 10, 8, 15, 3, 6])
8807
Vecsmall([13, 12, 8, 16, 15, 10, 11, 3, 14, 6, 7, 2, 1, 9, 5, 4])
8819
Vecsmall([3, 6, 16, 10, 8, 15, 4, 12, 5, 13, 2, 9, 7, 1, 11, 14])
8821
Vecsmall([7, 9, 12, 14, 11, 13, 2, 16, 1, 15, 4, 6, 3, 5, 8, 10])
8831
Vecsmall([4, 5, 9, 1, 2, 7, 6, 14, 3, 11, 10, 15, 16, 8, 12, 13])
8837
Vecsmall([8, 10, 4, 6, 3, 5, 16, 2, 15, 1, 12, 14, 11, 13, 7, 9])
8839
Vecsmall([5, 4, 7, 2, 1, 9, 3, 11, 6, 14, 8, 16, 15, 10, 13, 12])
8849
Vecsmall([15, 16, 11, 12, 13, 14, 8, 7, 10, 9, 3, 4, 5, 6, 1, 2])
8861
Vecsmall([9, 7, 13, 11, 14, 12, 1, 15, 2, 16, 5, 3, 6, 4, 10, 8])
8863
Vecsmall([12, 13, 10, 15, 16, 8, 14, 6, 11, 3, 9, 1, 2, 7, 4, 5])
8867
Vecsmall([3, 6, 16, 10, 8, 15, 4, 12, 5, 13, 2, 9, 7, 1, 11, 14])
8887
Vecsmall([5, 4, 7, 2, 1, 9, 3, 11, 6, 14, 8, 16, 15, 10, 13, 12])
8893
Vecsmall([10, 8, 5, 3, 6, 4, 15, 1, 16, 2, 13, 11, 14, 12, 9, 7])
8923
Vecsmall([14, 11, 1, 7, 9, 2, 13, 5, 12, 4, 15, 8, 10, 16, 6, 3])
8929
Vecsmall([15, 16, 11, 12, 13, 14, 8, 7, 10, 9, 3, 4, 5, 6, 1, 2])
8933
Vecsmall([8, 10, 4, 6, 3, 5, 16, 2, 15, 1, 12, 14, 11, 13, 7, 9])
8941
Vecsmall([9, 7, 13, 11, 14, 12, 1, 15, 2, 16, 5, 3, 6, 4, 10, 8])
8951
Vecsmall([5, 4, 7, 2, 1, 9, 3, 11, 6, 14, 8, 16, 15, 10, 13, 12])
8963
Vecsmall([3, 6, 16, 10, 8, 15, 4, 12, 5, 13, 2, 9, 7, 1, 11, 14])
8969
Vecsmall([16, 15, 14, 13, 12, 11, 10, 9, 8, 7, 6, 5, 4, 3, 2, 1])
8971
Vecsmall([14, 11, 1, 7, 9, 2, 13, 5, 12, 4, 15, 8, 10, 16, 6, 3])
8999
Vecsmall([13, 12, 8, 16, 15, 10, 11, 3, 14, 6, 7, 2, 1, 9, 5, 4])
9001
Vecsmall([16, 15, 14, 13, 12, 11, 10, 9, 8, 7, 6, 5, 4, 3, 2, 1])
9007
Vecsmall([4, 5, 9, 1, 2, 7, 6, 14, 3, 11, 10, 15, 16, 8, 12, 13])
9011
Vecsmall([11, 14, 2, 9, 7, 1, 12, 4, 13, 5, 16, 10, 8, 15, 3, 6])
9013
Vecsmall([7, 9, 12, 14, 11, 13, 2, 16, 1, 15, 4, 6, 3, 5, 8, 10])
9029
Vecsmall([8, 10, 4, 6, 3, 5, 16, 2, 15, 1, 12, 14, 11, 13, 7, 9])
9041
Vecsmall([15, 16, 11, 12, 13, 14, 8, 7, 10, 9, 3, 4, 5, 6, 1, 2])
9043
Vecsmall([11, 14, 2, 9, 7, 1, 12, 4, 13, 5, 16, 10, 8, 15, 3, 6])
9049
Vecsmall([2, 1, 6, 5, 4, 3, 9, 10, 7, 8, 14, 13, 12, 11, 16, 15])
9059
Vecsmall([11, 14, 2, 9, 7, 1, 12, 4, 13, 5, 16, 10, 8, 15, 3, 6])
9067
Vecsmall([14, 11, 1, 7, 9, 2, 13, 5, 12, 4, 15, 8, 10, 16, 6, 3])
9091
Vecsmall([3, 6, 16, 10, 8, 15, 4, 12, 5, 13, 2, 9, 7, 1, 11, 14])
9103
Vecsmall([4, 5, 9, 1, 2, 7, 6, 14, 3, 11, 10, 15, 16, 8, 12, 13])
9109
Vecsmall([8, 10, 4, 6, 3, 5, 16, 2, 15, 1, 12, 14, 11, 13, 7, 9])
9127
Vecsmall([5, 4, 7, 2, 1, 9, 3, 11, 6, 14, 8, 16, 15, 10, 13, 12])
9133
Vecsmall([9, 7, 13, 11, 14, 12, 1, 15, 2, 16, 5, 3, 6, 4, 10, 8])
9137
Vecsmall([1, 2, 3, 4, 5, 6, 7, 8, 9, 10, 11, 12, 13, 14, 15, 16])
9151
Vecsmall([4, 5, 9, 1, 2, 7, 6, 14, 3, 11, 10, 15, 16, 8, 12, 13])
9157
Vecsmall([7, 9, 12, 14, 11, 13, 2, 16, 1, 15, 4, 6, 3, 5, 8, 10])
9161
Vecsmall([2, 1, 6, 5, 4, 3, 9, 10, 7, 8, 14, 13, 12, 11, 16, 15])
9173
Vecsmall([8, 10, 4, 6, 3, 5, 16, 2, 15, 1, 12, 14, 11, 13, 7, 9])
9181
Vecsmall([10, 8, 5, 3, 6, 4, 15, 1, 16, 2, 13, 11, 14, 12, 9, 7])
9187
Vecsmall([11, 14, 2, 9, 7, 1, 12, 4, 13, 5, 16, 10, 8, 15, 3, 6])
9199
Vecsmall([4, 5, 9, 1, 2, 7, 6, 14, 3, 11, 10, 15, 16, 8, 12, 13])
9203
Vecsmall([3, 6, 16, 10, 8, 15, 4, 12, 5, 13, 2, 9, 7, 1, 11, 14])
9209
Vecsmall([16, 15, 14, 13, 12, 11, 10, 9, 8, 7, 6, 5, 4, 3, 2, 1])
9221
Vecsmall([8, 10, 4, 6, 3, 5, 16, 2, 15, 1, 12, 14, 11, 13, 7, 9])
9227
Vecsmall([14, 11, 1, 7, 9, 2, 13, 5, 12, 4, 15, 8, 10, 16, 6, 3])
9239
Vecsmall([5, 4, 7, 2, 1, 9, 3, 11, 6, 14, 8, 16, 15, 10, 13, 12])
9241
Vecsmall([16, 15, 14, 13, 12, 11, 10, 9, 8, 7, 6, 5, 4, 3, 2, 1])
9257
Vecsmall([2, 1, 6, 5, 4, 3, 9, 10, 7, 8, 14, 13, 12, 11, 16, 15])
9277
Vecsmall([10, 8, 5, 3, 6, 4, 15, 1, 16, 2, 13, 11, 14, 12, 9, 7])
9281
Vecsmall([1, 2, 3, 4, 5, 6, 7, 8, 9, 10, 11, 12, 13, 14, 15, 16])
9283
Vecsmall([3, 6, 16, 10, 8, 15, 4, 12, 5, 13, 2, 9, 7, 1, 11, 14])
9293
Vecsmall([10, 8, 5, 3, 6, 4, 15, 1, 16, 2, 13, 11, 14, 12, 9, 7])
9311
Vecsmall([12, 13, 10, 15, 16, 8, 14, 6, 11, 3, 9, 1, 2, 7, 4, 5])
9319
Vecsmall([5, 4, 7, 2, 1, 9, 3, 11, 6, 14, 8, 16, 15, 10, 13, 12])
9323
Vecsmall([14, 11, 1, 7, 9, 2, 13, 5, 12, 4, 15, 8, 10, 16, 6, 3])
9337
Vecsmall([16, 15, 14, 13, 12, 11, 10, 9, 8, 7, 6, 5, 4, 3, 2, 1])
9341
Vecsmall([9, 7, 13, 11, 14, 12, 1, 15, 2, 16, 5, 3, 6, 4, 10, 8])
9343
Vecsmall([12, 13, 10, 15, 16, 8, 14, 6, 11, 3, 9, 1, 2, 7, 4, 5])
9349
Vecsmall([7, 9, 12, 14, 11, 13, 2, 16, 1, 15, 4, 6, 3, 5, 8, 10])
9371
Vecsmall([14, 11, 1, 7, 9, 2, 13, 5, 12, 4, 15, 8, 10, 16, 6, 3])
9377
Vecsmall([1, 2, 3, 4, 5, 6, 7, 8, 9, 10, 11, 12, 13, 14, 15, 16])
9391
Vecsmall([4, 5, 9, 1, 2, 7, 6, 14, 3, 11, 10, 15, 16, 8, 12, 13])
9397
Vecsmall([7, 9, 12, 14, 11, 13, 2, 16, 1, 15, 4, 6, 3, 5, 8, 10])
9403
Vecsmall([6, 3, 15, 8, 10, 16, 5, 13, 4, 12, 1, 7, 9, 2, 14, 11])
9413
Vecsmall([7, 9, 12, 14, 11, 13, 2, 16, 1, 15, 4, 6, 3, 5, 8, 10])
9419
Vecsmall([14, 11, 1, 7, 9, 2, 13, 5, 12, 4, 15, 8, 10, 16, 6, 3])
9421
Vecsmall([10, 8, 5, 3, 6, 4, 15, 1, 16, 2, 13, 11, 14, 12, 9, 7])
9431
Vecsmall([5, 4, 7, 2, 1, 9, 3, 11, 6, 14, 8, 16, 15, 10, 13, 12])
9433
Vecsmall([2, 1, 6, 5, 4, 3, 9, 10, 7, 8, 14, 13, 12, 11, 16, 15])
9437
Vecsmall([9, 7, 13, 11, 14, 12, 1, 15, 2, 16, 5, 3, 6, 4, 10, 8])
9439
Vecsmall([4, 5, 9, 1, 2, 7, 6, 14, 3, 11, 10, 15, 16, 8, 12, 13])
9461
Vecsmall([8, 10, 4, 6, 3, 5, 16, 2, 15, 1, 12, 14, 11, 13, 7, 9])
9463
Vecsmall([13, 12, 8, 16, 15, 10, 11, 3, 14, 6, 7, 2, 1, 9, 5, 4])
9467
Vecsmall([6, 3, 15, 8, 10, 16, 5, 13, 4, 12, 1, 7, 9, 2, 14, 11])
9473
Vecsmall([1, 2, 3, 4, 5, 6, 7, 8, 9, 10, 11, 12, 13, 14, 15, 16])
9479
Vecsmall([13, 12, 8, 16, 15, 10, 11, 3, 14, 6, 7, 2, 1, 9, 5, 4])
9491
Vecsmall([3, 6, 16, 10, 8, 15, 4, 12, 5, 13, 2, 9, 7, 1, 11, 14])
9497
Vecsmall([2, 1, 6, 5, 4, 3, 9, 10, 7, 8, 14, 13, 12, 11, 16, 15])
9511
Vecsmall([13, 12, 8, 16, 15, 10, 11, 3, 14, 6, 7, 2, 1, 9, 5, 4])
9521
Vecsmall([1, 2, 3, 4, 5, 6, 7, 8, 9, 10, 11, 12, 13, 14, 15, 16])
9533
Vecsmall([9, 7, 13, 11, 14, 12, 1, 15, 2, 16, 5, 3, 6, 4, 10, 8])
9539
Vecsmall([3, 6, 16, 10, 8, 15, 4, 12, 5, 13, 2, 9, 7, 1, 11, 14])
9547
Vecsmall([6, 3, 15, 8, 10, 16, 5, 13, 4, 12, 1, 7, 9, 2, 14, 11])
9551
Vecsmall([12, 13, 10, 15, 16, 8, 14, 6, 11, 3, 9, 1, 2, 7, 4, 5])
9587
Vecsmall([3, 6, 16, 10, 8, 15, 4, 12, 5, 13, 2, 9, 7, 1, 11, 14])
9601
Vecsmall([1, 2, 3, 4, 5, 6, 7, 8, 9, 10, 11, 12, 13, 14, 15, 16])
9613
Vecsmall([9, 7, 13, 11, 14, 12, 1, 15, 2, 16, 5, 3, 6, 4, 10, 8])
9619
Vecsmall([11, 14, 2, 9, 7, 1, 12, 4, 13, 5, 16, 10, 8, 15, 3, 6])
9623
Vecsmall([5, 4, 7, 2, 1, 9, 3, 11, 6, 14, 8, 16, 15, 10, 13, 12])
9629
Vecsmall([9, 7, 13, 11, 14, 12, 1, 15, 2, 16, 5, 3, 6, 4, 10, 8])
9631
Vecsmall([12, 13, 10, 15, 16, 8, 14, 6, 11, 3, 9, 1, 2, 7, 4, 5])
9643
Vecsmall([6, 3, 15, 8, 10, 16, 5, 13, 4, 12, 1, 7, 9, 2, 14, 11])
9649
Vecsmall([1, 2, 3, 4, 5, 6, 7, 8, 9, 10, 11, 12, 13, 14, 15, 16])
9661
Vecsmall([10, 8, 5, 3, 6, 4, 15, 1, 16, 2, 13, 11, 14, 12, 9, 7])
9677
Vecsmall([10, 8, 5, 3, 6, 4, 15, 1, 16, 2, 13, 11, 14, 12, 9, 7])
9679
Vecsmall([12, 13, 10, 15, 16, 8, 14, 6, 11, 3, 9, 1, 2, 7, 4, 5])
9689
Vecsmall([2, 1, 6, 5, 4, 3, 9, 10, 7, 8, 14, 13, 12, 11, 16, 15])
9697
Vecsmall([1, 2, 3, 4, 5, 6, 7, 8, 9, 10, 11, 12, 13, 14, 15, 16])
9719
Vecsmall([13, 12, 8, 16, 15, 10, 11, 3, 14, 6, 7, 2, 1, 9, 5, 4])
9721
Vecsmall([16, 15, 14, 13, 12, 11, 10, 9, 8, 7, 6, 5, 4, 3, 2, 1])
9733
Vecsmall([8, 10, 4, 6, 3, 5, 16, 2, 15, 1, 12, 14, 11, 13, 7, 9])
9739
Vecsmall([14, 11, 1, 7, 9, 2, 13, 5, 12, 4, 15, 8, 10, 16, 6, 3])
9743
Vecsmall([4, 5, 9, 1, 2, 7, 6, 14, 3, 11, 10, 15, 16, 8, 12, 13])
9749
Vecsmall([8, 10, 4, 6, 3, 5, 16, 2, 15, 1, 12, 14, 11, 13, 7, 9])
9767
Vecsmall([13, 12, 8, 16, 15, 10, 11, 3, 14, 6, 7, 2, 1, 9, 5, 4])
9769
Vecsmall([16, 15, 14, 13, 12, 11, 10, 9, 8, 7, 6, 5, 4, 3, 2, 1])
9781
Vecsmall([8, 10, 4, 6, 3, 5, 16, 2, 15, 1, 12, 14, 11, 13, 7, 9])
9787
Vecsmall([14, 11, 1, 7, 9, 2, 13, 5, 12, 4, 15, 8, 10, 16, 6, 3])
9791
Vecsmall([12, 13, 10, 15, 16, 8, 14, 6, 11, 3, 9, 1, 2, 7, 4, 5])
9803
Vecsmall([6, 3, 15, 8, 10, 16, 5, 13, 4, 12, 1, 7, 9, 2, 14, 11])
9811
Vecsmall([3, 6, 16, 10, 8, 15, 4, 12, 5, 13, 2, 9, 7, 1, 11, 14])
9817
Vecsmall([2, 1, 6, 5, 4, 3, 9, 10, 7, 8, 14, 13, 12, 11, 16, 15])
9829
Vecsmall([8, 10, 4, 6, 3, 5, 16, 2, 15, 1, 12, 14, 11, 13, 7, 9])
9833
Vecsmall([2, 1, 6, 5, 4, 3, 9, 10, 7, 8, 14, 13, 12, 11, 16, 15])
9839
Vecsmall([4, 5, 9, 1, 2, 7, 6, 14, 3, 11, 10, 15, 16, 8, 12, 13])
9851
Vecsmall([6, 3, 15, 8, 10, 16, 5, 13, 4, 12, 1, 7, 9, 2, 14, 11])
9857
Vecsmall([15, 16, 11, 12, 13, 14, 8, 7, 10, 9, 3, 4, 5, 6, 1, 2])
9859
Vecsmall([3, 6, 16, 10, 8, 15, 4, 12, 5, 13, 2, 9, 7, 1, 11, 14])
9871
Vecsmall([12, 13, 10, 15, 16, 8, 14, 6, 11, 3, 9, 1, 2, 7, 4, 5])
9883
Vecsmall([6, 3, 15, 8, 10, 16, 5, 13, 4, 12, 1, 7, 9, 2, 14, 11])
9887
Vecsmall([12, 13, 10, 15, 16, 8, 14, 6, 11, 3, 9, 1, 2, 7, 4, 5])
9901
Vecsmall([10, 8, 5, 3, 6, 4, 15, 1, 16, 2, 13, 11, 14, 12, 9, 7])
9907
Vecsmall([3, 6, 16, 10, 8, 15, 4, 12, 5, 13, 2, 9, 7, 1, 11, 14])
9923
Vecsmall([3, 6, 16, 10, 8, 15, 4, 12, 5, 13, 2, 9, 7, 1, 11, 14])
9929
Vecsmall([2, 1, 6, 5, 4, 3, 9, 10, 7, 8, 14, 13, 12, 11, 16, 15])
9931
Vecsmall([6, 3, 15, 8, 10, 16, 5, 13, 4, 12, 1, 7, 9, 2, 14, 11])
9941
Vecsmall([8, 10, 4, 6, 3, 5, 16, 2, 15, 1, 12, 14, 11, 13, 7, 9])
9949
Vecsmall([10, 8, 5, 3, 6, 4, 15, 1, 16, 2, 13, 11, 14, 12, 9, 7])
9967
Vecsmall([12, 13, 10, 15, 16, 8, 14, 6, 11, 3, 9, 1, 2, 7, 4, 5])
9973
Vecsmall([8, 10, 4, 6, 3, 5, 16, 2, 15, 1, 12, 14, 11, 13, 7, 9])
